-1.188500449061393738e-01
7.484304159879684448e-02
4.487995803356170654e-02
-1.319895684719085693e-01
-1.691840291023254395e-01
-2.885656058788299561e-02
-5.247550085186958313e-02
-1.158675700426101685e-01
1.484903693199157715e-01
-1.366345584392547607e-01
2.497800141572952271e-01
-1.229259297251701355e-01
-2.513566315174102783e-01
-5.157719925045967102e-02
-5.118745565414428711e-02
2.349288314580917358e-01
-2.119860649108886719e-01
-1.085670515894889832e-01
-1.837032102048397064e-02
6.979299336671829224e-02
8.613664656877517700e-02
3.378820791840553284e-02
5.177462100982666016e-02
3.367205336689949036e-02
-9.406653791666030884e-02
-3.980717360973358154e-01
-9.633588045835494995e-02
-9.342982620000839233e-02
-8.968204259872436523e-02
-6.984059512615203857e-02
3.200234845280647278e-03
1.466951332986354828e-02
-1.739610582590103149e-01
-2.054484561085700989e-02
4.275586083531379700e-02
9.414929896593093872e-02
-2.676470950245857239e-02
-9.535884857177734375e-02
1.419180780649185181e-01
-1.202707644551992416e-02
-3.095416128635406494e-01
-2.053111046552658081e-02
1.002640426158905029e-01
2.047421336174011230e-01
1.378456354141235352e-01
-3.430950688198208809e-03
1.959341205656528473e-02
-1.627742648124694824e-01
1.328672021627426147e-01
-1.561359763145446777e-01
-3.502795472741127014e-02
9.757353365421295166e-02
9.382143616676330566e-03
2.125333249568939209e-02
8.998649194836616516e-03
-6.246948614716529846e-02
7.940845191478729248e-02
1.519333869218826294e-01
-1.667693704366683960e-01
-2.176707051694393158e-02
1.849669367074966431e-01
-5.531870946288108826e-02
-3.329396247863769531e-02
-9.944158792495727539e-02
2.417594343423843384e-01
4.962928593158721924e-02
-1.355151385068893433e-01
-2.199265509843826294e-01
9.031388908624649048e-02
-1.428967714309692383e-01
-9.735538065433502197e-02
7.822268456220626831e-02
-1.926267743110656738e-01
-2.025106400251388550e-01
-2.850045859813690186e-01
-4.948177188634872437e-02
3.472734391689300537e-01
5.957856774330139160e-02
-1.167464256286621094e-01
2.674116566777229309e-02
-4.128614813089370728e-02
2.723330259323120117e-02
9.421503543853759766e-02
1.786911189556121826e-01
6.231625750660896301e-02
6.510944664478302002e-02
-8.341018855571746826e-02
1.540372241288423538e-02
2.534424066543579102e-01
-1.299470365047454834e-01
4.061034694314002991e-02
2.534573972225189209e-01
-2.241700515151023865e-02
5.217701196670532227e-02
-8.383066393435001373e-03
-2.450632164254784584e-03
-6.359974294900894165e-02
6.116128340363502502e-02
-1.201192140579223633e-01
3.558773919939994812e-02
-1.623015850782394409e-03
-6.049711257219314575e-02
-9.479223750531673431e-03
8.811692148447036743e-02
-1.831431984901428223e-01
9.017556905746459961e-02
-2.724063210189342499e-02
2.483814023435115814e-02
1.808301918208599091e-02
-3.444796055555343628e-02
-7.622797787189483643e-02
-8.338021486997604370e-02
1.326663345098495483e-01
-2.110369652509689331e-01
1.922114044427871704e-01
1.921962201595306396e-01
1.065662652254104614e-01
6.873427331447601318e-02
9.387676417827606201e-02
6.967135518789291382e-02
-2.727864868938922882e-02
7.260480895638465881e-03
-2.301916927099227905e-01
8.044974878430366516e-03
8.404269814491271973e-02
-4.739081487059593201e-02
5.625065788626670837e-02
-4.453651607036590576e-02
