-7.146237790584564209e-02
8.254164457321166992e-02
1.996211335062980652e-02
-1.403788179159164429e-01
-1.410346180200576782e-01
2.411444485187530518e-02
-8.446504175662994385e-02
-9.879378974437713623e-02
2.016465663909912109e-01
-1.338378041982650757e-01
3.086403608322143555e-01
-1.140683889389038086e-02
-2.171684503555297852e-01
-1.051107197999954224e-01
-1.978043653070926666e-02
1.689613014459609985e-01
-2.202743440866470337e-01
-1.595054864883422852e-01
-1.072539016604423523e-03
2.491673827171325684e-02
5.745425447821617126e-02
4.706006124615669250e-02
-6.047107162885367870e-04
6.490806583315134048e-03
-1.354218274354934692e-01
-4.317670464515686035e-01
-7.523897290229797363e-02
-6.536169350147247314e-02
2.738396450877189636e-02
-8.440594375133514404e-02
-8.274199813604354858e-02
4.808158800005912781e-02
-2.402881383895874023e-01
-6.668809801340103149e-02
-2.815600857138633728e-02
9.539157152175903320e-02
-3.468629717826843262e-02
-7.300702482461929321e-02
1.312813460826873779e-01
5.203584581613540649e-02
-2.534067034721374512e-01
1.337176747620105743e-02
6.477311253547668457e-03
2.530393898487091064e-01
1.471531987190246582e-01
-2.890356630086898804e-02
4.515453428030014038e-02
-1.562483012676239014e-01
8.672100305557250977e-02
-1.750506162643432617e-01
2.459942176938056946e-02
1.197596639394760132e-01
8.162651211023330688e-02
5.564424395561218262e-02
-3.988055512309074402e-02
-6.395915150642395020e-02
3.281071409583091736e-02
1.553243845701217651e-01
-2.123185247182846069e-01
2.051831968128681183e-02
1.254522949457168579e-01
-5.510232225060462952e-02
-2.648133970797061920e-02
-1.001285463571548462e-01
2.014166712760925293e-01
1.036732643842697144e-01
-6.244696304202079773e-02
-2.239089012145996094e-01
9.144940972328186035e-02
-1.242382675409317017e-01
-1.506459414958953857e-01
6.753840297460556030e-02
-1.237857490777969360e-01
-2.062723934650421143e-01
-3.128259479999542236e-01
9.770165197551250458e-03
3.643041849136352539e-01
1.125704646110534668e-01
-1.909145414829254150e-01
1.277846656739711761e-02
-3.273567557334899902e-02
-6.718087196350097656e-02
1.642957031726837158e-01
9.768243134021759033e-02
1.266475580632686615e-02
4.043423384428024292e-02
-1.211549788713455200e-01
7.356871664524078369e-02
2.848613858222961426e-01
-5.134974420070648193e-02
3.424302907660603523e-03
2.197818309068679810e-01
1.569385454058647156e-02
1.005781069397926331e-01
4.169717058539390564e-02
1.063916087150573730e-01
-5.756968632340431213e-02
1.218737810850143433e-01
-1.418408304452896118e-01
2.831371687352657318e-02
3.381773829460144043e-02
-3.826692700386047363e-02
-2.106586471199989319e-02
1.187983676791191101e-01
-1.404835730791091919e-01
1.862757056951522827e-01
2.686805091798305511e-02
-4.340694751590490341e-03
4.968296736478805542e-02
-4.349119961261749268e-02
-2.614466100931167603e-02
-9.954808652400970459e-02
1.274442225694656372e-01
-2.163190096616744995e-01
1.905885785818099976e-01
2.030030190944671631e-01
1.128302961587905884e-01
1.411018371582031250e-01
6.393562257289886475e-02
3.916595876216888428e-02
-5.505198985338211060e-02
-6.935399770736694336e-02
-2.788309752941131592e-01
-1.135523617267608643e-02
6.850183010101318359e-02
-4.421834647655487061e-02
7.401250302791595459e-02
1.075893826782703400e-02
