-1.164412945508956909e-01
1.473487764596939087e-01
5.950403958559036255e-02
-8.685829490423202515e-02
-1.623491644859313965e-01
-2.171104960143566132e-02
-1.310132741928100586e-01
-1.270647048950195312e-01
1.617162376642227173e-01
-1.564279347658157349e-01
2.720693051815032959e-01
6.827843375504016876e-03
-1.864425390958786011e-01
-1.430761367082595825e-01
-5.933451652526855469e-02
2.267254143953323364e-01
-1.963193714618682861e-01
-1.663469225168228149e-01
-5.706274881958961487e-03
1.791647821664810181e-02
8.665827661752700806e-02
-8.013293147087097168e-03
7.724570482969284058e-02
6.568819750100374222e-03
-1.262004375457763672e-01
-4.242128431797027588e-01
-7.423652708530426025e-02
-5.487395077943801880e-02
3.836939111351966858e-02
-3.255584836006164551e-02
-3.113120049238204956e-02
1.009839586913585663e-02
-2.075817286968231201e-01
-2.659078314900398254e-02
2.768973447382450104e-02
9.081348031759262085e-02
-3.692661225795745850e-02
-4.655124247074127197e-02
1.627952605485916138e-01
3.428734838962554932e-03
-2.626975774765014648e-01
-1.126877218484878540e-02
3.164131566882133484e-02
2.254840135574340820e-01
1.370753645896911621e-01
5.054638907313346863e-02
8.860769867897033691e-02
-1.732487827539443970e-01
1.260152906179428101e-01
-1.355518549680709839e-01
3.172114491462707520e-02
1.447911709547042847e-01
8.134370297193527222e-02
2.247815392911434174e-02
2.433077432215213776e-02
-9.372198581695556641e-02
6.316201388835906982e-02
1.505528390407562256e-01
-1.954468935728073120e-01
1.623798720538616180e-02
1.197995543479919434e-01
-7.227370142936706543e-02
-3.556457161903381348e-02
-1.320364624261856079e-01
2.501065433025360107e-01
6.869838386774063110e-02
-1.110885143280029297e-01
-2.080501019954681396e-01
1.244122833013534546e-01
-1.182192564010620117e-01
-6.729531288146972656e-02
5.817325413227081299e-02
-1.316366195678710938e-01
-2.082058787345886230e-01
-3.057939708232879639e-01
-1.249237358570098877e-02
3.471101820468902588e-01
1.709856837987899780e-01
-1.364458948373794556e-01
3.057663515210151672e-02
-2.138302661478519440e-02
-2.279971539974212646e-02
7.233735173940658569e-02
1.563922166824340820e-01
-3.303293138742446899e-02
4.047225415706634521e-02
-8.712920546531677246e-02
3.114448860287666321e-03
2.110963761806488037e-01
-8.876229822635650635e-02
2.379826642572879791e-02
2.422914505004882812e-01
-1.005761325359344482e-03
8.981078118085861206e-02
-4.143222421407699585e-02
-6.688314024358987808e-03
-1.382933408021926880e-01
1.036665141582489014e-01
-8.837117254734039307e-02
2.398989163339138031e-03
-2.262584492564201355e-02
-4.078978300094604492e-02
4.152810946106910706e-02
6.322155892848968506e-02
-1.300765126943588257e-01
9.906824678182601929e-02
-4.768989607691764832e-02
4.312728345394134521e-02
9.305041283369064331e-03
1.744290813803672791e-02
-1.024998798966407776e-01
-1.513912081718444824e-01
8.780715614557266235e-02
-2.006724923849105835e-01
2.289184331893920898e-01
2.237281352281570435e-01
1.220030635595321655e-01
1.463827490806579590e-01
1.776045560836791992e-01
9.533772617578506470e-02
2.203933894634246826e-03
-2.652791514992713928e-02
-1.710468530654907227e-01
-9.653938002884387970e-03
8.199309557676315308e-02
-1.082871556282043457e-01
9.493340551853179932e-02
1.542080193758010864e-03
