-1.496450603008270264e-01
5.956691503524780273e-02
3.602353483438491821e-02
-1.167501360177993774e-01
-1.577104181051254272e-01
-4.897543787956237793e-02
-8.795492351055145264e-02
-1.272087544202804565e-01
1.631453484296798706e-01
-1.930480450391769409e-01
2.651905715465545654e-01
-1.223938837647438049e-01
-2.008166611194610596e-01
-7.473446428775787354e-02
-1.192186586558818817e-02
2.366622537374496460e-01
-1.806087195873260498e-01
-1.263738125562667847e-01
4.805026575922966003e-03
-3.322065621614456177e-02
5.521531775593757629e-02
-7.419046945869922638e-03
5.138785019516944885e-02
9.539529681205749512e-02
-9.767964482307434082e-02
-4.442791938781738281e-01
-1.176523268222808838e-01
-1.194940283894538879e-01
-3.419901803135871887e-02
-2.265114150941371918e-02
-5.798526480793952942e-02
8.238018304109573364e-02
-1.867803931236267090e-01
-2.602079510688781738e-02
1.327178906649351120e-02
8.350961655378341675e-02
-1.042183116078376770e-02
-4.689718130975961685e-03
1.424377709627151489e-01
-1.800266653299331665e-02
-2.534531652927398682e-01
-4.837894812226295471e-02
1.069915145635604858e-01
2.108451873064041138e-01
1.401792913675308228e-01
2.675344049930572510e-02
3.821932524442672729e-02
-1.159848719835281372e-01
1.156388744711875916e-01
-1.533074826002120972e-01
3.113809600472450256e-02
8.035168051719665527e-02
1.106137409806251526e-01
-5.300280638039112091e-03
8.994230628013610840e-02
-8.069648593664169312e-02
1.838893443346023560e-02
1.521974653005599976e-01
-2.135488539934158325e-01
2.369703724980354309e-02
1.005012989044189453e-01
-3.650772571563720703e-02
-6.697734445333480835e-02
-1.039816513657569885e-01
3.033795356750488281e-01
2.135880589485168457e-01
-1.277541965246200562e-01
-1.897745728492736816e-01
1.640512943267822266e-01
-1.188068240880966187e-01
-8.915413171052932739e-02
4.806940630078315735e-02
-1.576744467020034790e-01
-1.835584789514541626e-01
-3.042066097259521484e-01
-2.815902046859264374e-02
3.852114677429199219e-01
8.823370188474655151e-02
-1.734528392553329468e-01
1.170154288411140442e-02
8.327695541083812714e-03
-4.822121188044548035e-02
1.217625513672828674e-01
1.494556963443756104e-01
-3.765143454074859619e-02
9.073325432837009430e-03
-6.776276975870132446e-02
3.807787597179412842e-02
1.675736457109451294e-01
-6.927590817213058472e-02
7.695977576076984406e-03
1.740866005420684814e-01
-4.828429222106933594e-02
8.865049481391906738e-02
-7.489703129976987839e-03
5.868831276893615723e-02
-1.552115827798843384e-01
4.686632752418518066e-02
-1.775874644517898560e-01
-1.850334182381629944e-02
-3.010842576622962952e-02
1.401183661073446274e-03
-2.397515811026096344e-02
8.352020382881164551e-02
-1.255568861961364746e-01
1.091822460293769836e-01
-3.271162137389183044e-02
-2.968822792172431946e-02
-7.011475414037704468e-02
4.160621762275695801e-02
-6.375829875469207764e-02
-5.494252219796180725e-02
6.015963479876518250e-02
-1.895616054534912109e-01
1.763725727796554565e-01
1.182803139090538025e-01
2.684417739510536194e-02
1.438399404287338257e-01
7.510261237621307373e-02
5.442335456609725952e-02
-2.705352380871772766e-03
-4.499243572354316711e-02
-2.173837274312973022e-01
-2.141854725778102875e-02
1.201010867953300476e-01
-7.978937029838562012e-02
8.122612535953521729e-02
-1.410083286464214325e-02
