-8.050664514303207397e-02
4.833967611193656921e-02
4.599027335643768311e-03
-1.177814975380897522e-01
-1.363231241703033447e-01
-1.499895378947257996e-02
-8.494640141725540161e-02
-1.928522139787673950e-01
1.648326665163040161e-01
-2.057385593652725220e-01
2.319491058588027954e-01
-9.669006615877151489e-02
-2.204633206129074097e-01
-5.212263390421867371e-02
-5.586083978414535522e-02
2.101696729660034180e-01
-2.578408718109130859e-01
-1.641231626272201538e-01
1.466965861618518829e-02
-2.485752478241920471e-02
5.000697076320648193e-02
-1.468878891319036484e-02
1.392207853496074677e-02
1.447390764951705933e-02
-1.002902463078498840e-01
-3.545766174793243408e-01
-7.800807058811187744e-02
-1.079812347888946533e-01
9.158747270703315735e-04
-1.949784159660339355e-02
1.735989376902580261e-02
5.969418212771415710e-02
-1.728660762310028076e-01
9.400878101587295532e-03
-7.322009652853012085e-03
3.640410304069519043e-02
-5.500784143805503845e-03
-8.061107993125915527e-02
2.100877165794372559e-01
3.523835912346839905e-02
-2.484791576862335205e-01
3.269275650382041931e-03
8.694235980510711670e-02
2.286184430122375488e-01
1.595382690429687500e-01
3.851141780614852905e-02
-1.046205684542655945e-02
-1.815388500690460205e-01
1.980868577957153320e-01
-1.768908947706222534e-01
8.037406951189041138e-04
1.139890998601913452e-01
9.346883744001388550e-02
1.349077560007572174e-03
4.850255697965621948e-02
-8.025644719600677490e-02
7.951853424310684204e-02
1.197258830070495605e-01
-2.366601824760437012e-01
7.136176526546478271e-02
1.509923189878463745e-01
-4.460946470499038696e-02
-1.516481023281812668e-02
-1.250501275062561035e-01
2.592284679412841797e-01
1.044558286666870117e-01
-9.302615374326705933e-02
-1.412708014249801636e-01
1.389139741659164429e-01
-1.117882058024406433e-01
-1.626733839511871338e-01
2.642399258911609650e-02
-1.408173441886901855e-01
-2.208738774061203003e-01
-2.636690735816955566e-01
-4.756285250186920166e-02
3.722347915172576904e-01
1.390404403209686279e-01
-1.346088647842407227e-01
5.805212259292602539e-02
4.718966782093048096e-02
-7.713811099529266357e-02
1.891979128122329712e-01
1.723874211311340332e-01
-1.875396817922592163e-03
-4.962185770273208618e-02
-2.920082956552505493e-02
-1.063982117921113968e-02
2.549880445003509521e-01
-7.370429486036300659e-02
-1.810960657894611359e-02
2.327319234609603882e-01
-6.734360009431838989e-02
5.468950048089027405e-02
-3.767328336834907532e-02
5.036001675762236118e-04
-1.148511543869972229e-01
1.193672195076942444e-01
-1.440406590700149536e-01
-4.411460086703300476e-02
3.273083269596099854e-02
-2.714312076568603516e-02
3.531689941883087158e-02
6.542794406414031982e-02
-1.622080951929092407e-01
1.065999940037727356e-01
-2.764756232500076294e-02
1.155884936451911926e-02
3.199741244316101074e-02
-2.014733478426933289e-02
-8.012714236974716187e-02
-1.004410441964864731e-02
1.286566406488418579e-01
-2.063625156879425049e-01
2.419531941413879395e-01
1.511145830154418945e-01
9.322238713502883911e-02
1.126356273889541626e-01
1.190949454903602600e-01
5.088334903120994568e-02
1.111721806228160858e-02
-1.450701616704463959e-02
-2.481721192598342896e-01
-4.896168410778045654e-02
1.065322086215019226e-01
-5.064985528588294983e-02
1.210679113864898682e-01
9.401971474289894104e-03
