-6.045875698328018188e-02
3.494324907660484314e-02
-1.893592625856399536e-02
-1.418403387069702148e-01
-1.437885910272598267e-01
2.281517256051301956e-03
-8.504676073789596558e-02
-8.489772677421569824e-02
2.322560101747512817e-01
-2.111952453851699829e-01
2.448949068784713745e-01
-4.391612485051155090e-02
-2.072559148073196411e-01
-4.043853655457496643e-02
-1.377109140157699585e-01
2.147552520036697388e-01
-2.580031156539916992e-01
-1.878643333911895752e-01
2.188204601407051086e-02
-2.068879082798957825e-02
9.957022219896316528e-02
1.168202608823776245e-02
6.414540857076644897e-02
5.836285650730133057e-02
-1.016017496585845947e-01
-3.829313814640045166e-01
-1.137285456061363220e-01
-1.003465503454208374e-01
-2.848451212048530579e-02
-1.329928264021873474e-02
-1.198789477348327637e-02
1.386570744216442108e-02
-2.013049870729446411e-01
-4.363000392913818359e-03
1.197930704802274704e-02
6.761355698108673096e-02
2.467719838023185730e-03
-1.021169051527976990e-01
1.641236096620559692e-01
4.424554109573364258e-02
-2.591317594051361084e-01
-3.323178738355636597e-03
3.861508145928382874e-02
2.474538683891296387e-01
1.591564714908599854e-01
2.309232018887996674e-02
-1.352787762880325317e-02
-1.722075045108795166e-01
1.384412050247192383e-01
-2.171134799718856812e-01
-2.358520403504371643e-03
1.101784855127334595e-01
7.293735444545745850e-02
1.006510108709335327e-03
2.352161798626184464e-03
-1.114201173186302185e-01
1.180141791701316833e-01
1.466162055730819702e-01
-2.040308713912963867e-01
-2.148487372323870659e-03
6.098173558712005615e-02
-9.922618418931961060e-02
5.471205338835716248e-03
-7.410187274217605591e-02
2.756677865982055664e-01
1.220389381051063538e-01
-1.108643487095832825e-01
-2.337133586406707764e-01
1.452785730361938477e-01
-1.508889198303222656e-01
-7.180680334568023682e-02
1.246567219495773315e-01
-1.330832988023757935e-01
-2.087692469358444214e-01
-2.866222560405731201e-01
-5.411853268742561340e-02
4.479406476020812988e-01
1.187823712825775146e-01
-1.331460028886795044e-01
4.742755740880966187e-02
-4.710315540432929993e-02
3.223822638392448425e-02
1.522379517555236816e-01
1.626627892255783081e-01
-2.478629723191261292e-02
7.282891310751438141e-03
-1.869383305311203003e-01
-2.021890319883823395e-02
2.332267016172409058e-01
-1.040945574641227722e-01
-9.192881733179092407e-02
2.072139680385589600e-01
-3.377123177051544189e-02
9.880860894918441772e-02
5.617904290556907654e-02
8.517920225858688354e-02
-1.283533573150634766e-01
9.850719571113586426e-02
-1.446056663990020752e-01
7.720594294369220734e-04
2.628885675221681595e-03
-2.269771322607994080e-02
-6.227914616465568542e-02
6.449121981859207153e-02
-1.156025007367134094e-01
6.591802090406417847e-02
-7.165410369634628296e-02
-4.845242947340011597e-02
-3.419256955385208130e-02
-4.814977198839187622e-02
-7.405325025320053101e-02
-5.847527086734771729e-02
1.163123548030853271e-01
-2.619172036647796631e-01
1.760242730379104614e-01
1.746354997158050537e-01
9.705576300621032715e-02
2.071087658405303955e-01
1.077257469296455383e-01
5.785074084997177124e-02
-7.405371963977813721e-02
-8.526164293289184570e-02
-2.390539646148681641e-01
-2.205095067620277405e-02
4.267079755663871765e-02
-4.165761917829513550e-02
1.240253001451492310e-01
-2.764733508229255676e-02
