-1.464863866567611694e-01
1.866008900105953217e-02
4.878019448369741440e-03
-1.356320083141326904e-01
-1.287009567022323608e-01
-5.375626310706138611e-02
-7.115942239761352539e-02
-1.004367470741271973e-01
1.389169096946716309e-01
-1.010645180940628052e-01
2.785176336765289307e-01
-7.393550127744674683e-02
-1.873815059661865234e-01
-8.426664769649505615e-02
-5.128207057714462280e-02
2.300425171852111816e-01
-2.497262954711914062e-01
-1.860793977975845337e-01
3.681167960166931152e-03
5.677432939410209656e-02
8.413567394018173218e-02
-1.139936130493879318e-02
3.682734072208404541e-02
4.811140894889831543e-02
-1.695362925529479980e-01
-4.333534836769104004e-01
-6.736379116773605347e-02
-3.880937024950981140e-02
1.749338768422603607e-02
-2.804331295192241669e-02
9.982705116271972656e-03
8.039685338735580444e-02
-2.451528608798980713e-01
-9.506482630968093872e-03
2.840509824454784393e-02
1.056880429387092590e-01
5.608465149998664856e-02
-1.081643849611282349e-01
1.714916974306106567e-01
4.211346060037612915e-02
-3.495744764804840088e-01
-2.108121290802955627e-02
8.719076216220855713e-02
2.767361104488372803e-01
1.018492802977561951e-01
5.168091971427202225e-03
4.766124486923217773e-02
-9.536854922771453857e-02
8.417204022407531738e-02
-1.747302711009979248e-01
-2.150066196918487549e-03
9.266322106122970581e-02
5.525057762861251831e-02
-2.911399491131305695e-02
-3.960380703210830688e-02
-1.102787405252456665e-01
6.537422537803649902e-02
1.647175848484039307e-01
-2.178760766983032227e-01
-2.728756517171859741e-02
1.108194589614868164e-01
-4.249566048383712769e-02
2.357452549040317535e-02
-1.381590664386749268e-01
2.621062099933624268e-01
9.955783188343048096e-02
-1.248134225606918335e-01
-1.645769029855728149e-01
8.280083537101745605e-02
-7.197102904319763184e-02
-5.049553513526916504e-02
4.371018707752227783e-02
-1.646435707807540894e-01
-2.045014649629592896e-01
-3.349167108535766602e-01
-2.809667028486728668e-02
3.508258163928985596e-01
6.335993111133575439e-02
-1.410790234804153442e-01
6.218873336911201477e-02
1.967894146218895912e-03
1.460007950663566589e-02
1.353455930948257446e-01
1.690568178892135620e-01
4.255620762705802917e-03
9.181235730648040771e-02
-1.109711453318595886e-01
2.543587610125541687e-02
2.511524856090545654e-01
-5.398139730095863342e-02
1.821530051529407501e-03
1.842992156744003296e-01
-3.554618358612060547e-02
1.950314268469810486e-02
-2.435017842799425125e-03
6.317467242479324341e-02
-1.107456162571907043e-01
9.669996798038482666e-02
-1.032308787107467651e-01
3.329517692327499390e-02
3.457462415099143982e-03
1.155723445117473602e-02
2.679800055921077728e-02
1.186423599720001221e-01
-1.465612649917602539e-01
7.167698442935943604e-02
4.544381983578205109e-03
-6.326331291347742081e-03
2.599436603486537933e-02
2.282512374222278595e-02
-1.528465747833251953e-02
-1.512578725814819336e-01
2.405667677521705627e-02
-2.117917090654373169e-01
1.767163872718811035e-01
2.064943313598632812e-01
8.092086762189865112e-02
1.479103416204452515e-01
1.049317941069602966e-01
5.087954923510551453e-02
-4.102854430675506592e-02
4.062737524509429932e-02
-1.955274045467376709e-01
1.155281253159046173e-02
9.645086526870727539e-02
-6.333425641059875488e-02
1.321050822734832764e-01
-1.239186897873878479e-02
