-1.771753653883934021e-02
3.586136922240257263e-02
1.693617086857557297e-03
-1.596109718084335327e-01
-1.467608362436294556e-01
-1.685884594917297363e-02
-7.073266059160232544e-02
-7.328213006258010864e-02
1.933828145265579224e-01
-2.442397028207778931e-01
1.515144258737564087e-01
-9.008119255304336548e-02
-1.835659891366958618e-01
-4.477122426033020020e-02
-1.405285391956567764e-02
2.224458456039428711e-01
-1.944156885147094727e-01
-2.255613356828689575e-01
2.045533061027526855e-02
-3.415895998477935791e-02
2.920694649219512939e-02
-1.011366024613380432e-02
-2.161394245922565460e-02
1.278880983591079712e-01
-1.322325617074966431e-01
-4.165582358837127686e-01
-1.036495342850685120e-01
-5.760721489787101746e-02
-9.898990392684936523e-02
-7.129008322954177856e-02
2.287595905363559723e-02
1.393985003232955933e-01
-1.877575367689132690e-01
1.791094429790973663e-02
-4.617950879037380219e-03
1.097851768136024475e-01
6.805299315601587296e-03
-6.561663001775741577e-02
1.675204038619995117e-01
8.850417286157608032e-02
-3.128437101840972900e-01
1.549663022160530090e-02
8.947952091693878174e-02
2.668114900588989258e-01
1.461891978979110718e-01
-5.138010159134864807e-02
3.650845028460025787e-03
-5.993581563234329224e-02
1.608742475509643555e-01
-2.218801379203796387e-01
-8.641291409730911255e-03
1.314301043748855591e-01
5.530270561575889587e-02
4.460642486810684204e-02
4.261316731572151184e-02
-1.690449565649032593e-02
1.072499901056289673e-01
5.951580032706260681e-02
-2.211658060550689697e-01
-3.238818421959877014e-02
1.127207279205322266e-01
-1.163561493158340454e-01
1.606709323823451996e-03
-8.044264465570449829e-02
2.112924605607986450e-01
1.458030641078948975e-01
-4.745779559016227722e-02
-2.325195223093032837e-01
1.153378561139106750e-01
-2.094620615243911743e-01
-1.369253545999526978e-01
8.041314035654067993e-02
-1.081454530358314514e-01
-1.387181282043457031e-01
-2.766577601432800293e-01
-3.127332776784896851e-02
3.351227641105651855e-01
1.641545444726943970e-01
-1.203438714146614075e-01
9.442766755819320679e-02
1.557444967329502106e-02
-6.158684566617012024e-02
1.370322406291961670e-01
1.786777675151824951e-01
4.879927635192871094e-02
5.475715547800064087e-02
-6.406336277723312378e-02
7.604964077472686768e-02
2.404962480068206787e-01
-3.542208671569824219e-02
-2.489342726767063141e-02
1.898458451032638550e-01
-4.305116832256317139e-03
8.962411433458328247e-02
4.820697382092475891e-02
3.222356736660003662e-02
-1.088767871260643005e-01
8.467974513769149780e-02
-1.715267151594161987e-01
3.982544317841529846e-02
-4.376571625471115112e-02
3.455002605915069580e-02
-3.608351200819015503e-02
5.295034125447273254e-02
-1.432864069938659668e-01
1.855042874813079834e-01
-4.732692986726760864e-02
-6.044464558362960815e-02
-7.433466613292694092e-02
6.140207499265670776e-02
-7.580813765525817871e-02
-4.071379080414772034e-02
7.390533387660980225e-02
-2.124463021755218506e-01
1.325861960649490356e-01
1.282665729522705078e-01
3.826076537370681763e-02
1.046051904559135437e-01
6.773279607295989990e-02
3.889754414558410645e-02
-3.698495030403137207e-02
-1.078586056828498840e-01
-2.062931507825851440e-01
-4.769071564078330994e-02
8.021105080842971802e-02
-4.949694499373435974e-02
8.338776230812072754e-02
-2.480193972587585449e-02
