-1.067887917160987854e-01
1.110798642039299011e-01
5.938726663589477539e-02
-1.500203609466552734e-01
-1.127801388502120972e-01
-6.204026937484741211e-02
-1.032051220536231995e-01
-8.735273033380508423e-02
1.109646409749984741e-01
-1.258830577135086060e-01
2.358690649271011353e-01
-8.501145243644714355e-02
-1.899405568838119507e-01
-8.510900288820266724e-02
-2.269668318331241608e-02
2.263401597738265991e-01
-2.437850087881088257e-01
-1.640380620956420898e-01
2.415084280073642731e-03
1.613415963947772980e-02
9.673485904932022095e-02
1.471411995589733124e-02
-3.749881684780120850e-02
1.059003099799156189e-01
-1.048067435622215271e-01
-3.738650679588317871e-01
-5.631244927644729614e-02
-5.371577665209770203e-02
-5.716488137841224670e-02
-6.809854507446289062e-02
-1.055178325623273849e-02
1.161233931779861450e-01
-1.917158365249633789e-01
-4.170965403318405151e-03
1.883655041456222534e-02
8.623650670051574707e-02
3.547075018286705017e-02
-8.217525482177734375e-02
1.566561013460159302e-01
7.758886367082595825e-02
-2.731615900993347168e-01
2.892603538930416107e-02
6.308800727128982544e-02
2.358197271823883057e-01
1.669864803552627563e-01
1.655767485499382019e-02
1.651854068040847778e-02
-9.525600075721740723e-02
1.498781442642211914e-01
-1.758049428462982178e-01
-3.803434967994689941e-02
1.486685574054718018e-01
1.618819683790206909e-02
2.951377443969249725e-02
2.747473120689392090e-02
-1.518600881099700928e-01
6.238287687301635742e-02
1.044097468256950378e-01
-2.198171019554138184e-01
-3.110590018332004547e-02
5.277222394943237305e-02
-1.472451537847518921e-01
4.238238558173179626e-03
-1.484110653400421143e-01
2.223460674285888672e-01
1.389601826667785645e-01
-6.854468584060668945e-02
-2.345956861972808838e-01
1.516002118587493896e-01
-1.024877652525901794e-01
-1.509820669889450073e-01
6.707869470119476318e-02
-1.443545669317245483e-01
-1.247912645339965820e-01
-2.844461798667907715e-01
-4.725618287920951843e-03
2.921913266181945801e-01
1.274830251932144165e-01
-1.963303238153457642e-01
6.976531445980072021e-02
1.719698309898376465e-02
-5.301063507795333862e-02
1.217982694506645203e-01
1.869787871837615967e-01
3.298550471663475037e-02
3.339372575283050537e-02
-7.044310122728347778e-02
-3.060599789023399353e-02
2.086321711540222168e-01
3.918950445950031281e-03
-3.642288502305746078e-03
2.052251100540161133e-01
-3.497824072837829590e-02
6.837002187967300415e-02
3.682991489768028259e-02
-3.314017504453659058e-02
-1.295201033353805542e-01
8.033106476068496704e-02
-1.476280838251113892e-01
-2.524148672819137573e-02
-4.989260807633399963e-02
-1.500052120536565781e-02
-3.134579956531524658e-02
1.230453550815582275e-01
-1.292823553085327148e-01
1.001393198966979980e-01
-4.098618775606155396e-02
-6.188766099512577057e-03
-9.206644445657730103e-02
2.712519839406013489e-02
-2.908829972147941589e-02
-3.520001471042633057e-02
6.123440340161323547e-02
-1.951905339956283569e-01
2.210705727338790894e-01
1.609096229076385498e-01
8.336229622364044189e-02
1.082968860864639282e-01
1.069374084472656250e-01
6.954615563154220581e-02
-3.646010160446166992e-02
-3.023321181535720825e-02
-2.102121412754058838e-01
-3.869634866714477539e-02
1.259319931268692017e-01
-4.888354241847991943e-02
9.721678495407104492e-02
-1.965633779764175415e-02
