-1.423513293266296387e-01
1.018315181136131287e-01
-4.077965859323740005e-03
-1.515546143054962158e-01
-1.318731009960174561e-01
3.173843771219253540e-02
-7.360583543777465820e-02
-1.314615905284881592e-01
1.953636109828948975e-01
-2.011867165565490723e-01
2.638134360313415527e-01
-1.111914515495300293e-01
-2.172222137451171875e-01
-6.058269739151000977e-02
-6.361646205186843872e-02
2.599322199821472168e-01
-2.561669349670410156e-01
-1.656428277492523193e-01
-2.179393544793128967e-03
2.947593294084072113e-02
6.647740304470062256e-02
-6.139274686574935913e-03
7.430647499859333038e-03
4.506159573793411255e-02
-1.137117967009544373e-01
-3.707509636878967285e-01
-1.086089760065078735e-01
-8.862920850515365601e-02
2.438215166330337524e-02
-7.654788345098495483e-02
8.849613368511199951e-04
1.845303922891616821e-02
-2.159311324357986450e-01
-3.323050960898399353e-02
-8.157858625054359436e-03
1.264375895261764526e-01
1.018018089234828949e-02
-1.274629533290863037e-01
1.354077309370040894e-01
-4.011623561382293701e-02
-2.769834101200103760e-01
-3.664568811655044556e-02
8.758239448070526123e-02
2.352318763732910156e-01
1.189123392105102539e-01
-1.476986706256866455e-02
-2.517344430088996887e-03
-1.427871435880661011e-01
1.113412007689476013e-01
-2.001900672912597656e-01
-3.514225780963897705e-02
6.607710570096969604e-02
1.921686530113220215e-02
2.306458353996276855e-02
2.638227865099906921e-02
-9.270714968442916870e-02
8.778541535139083862e-02
1.570991575717926025e-01
-1.679868847131729126e-01
-2.096355147659778595e-02
1.287661790847778320e-01
-3.834446147084236145e-02
1.980369724333286285e-02
-1.170324608683586121e-01
2.700895667076110840e-01
1.205157265067100525e-01
-9.840937703847885132e-02
-1.841918081045150757e-01
1.402733772993087769e-01
-1.051481962203979492e-01
-6.532252579927444458e-02
3.780223801732063293e-02
-1.276865154504776001e-01
-1.879253536462783813e-01
-2.792918980121612549e-01
-5.885931849479675293e-02
3.734397888183593750e-01
1.032831221818923950e-01
-1.118319109082221985e-01
9.159247577190399170e-02
2.222242020070552826e-02
-2.712612226605415344e-02
1.517556011676788330e-01
1.826799958944320679e-01
3.862328454852104187e-02
3.918053209781646729e-02
-7.346691936254501343e-02
5.246468633413314819e-02
2.715206146240234375e-01
-8.975153416395187378e-02
4.269079491496086121e-02
1.893736571073532104e-01
-6.985631585121154785e-02
3.957377374172210693e-02
9.929493069648742676e-03
2.858776971697807312e-02
-9.109054505825042725e-02
9.269747883081436157e-02
-1.226420551538467407e-01
5.639952793717384338e-02
3.535598516464233398e-03
-2.267799898982048035e-02
-2.286095172166824341e-02
1.009781062602996826e-01
-1.182391196489334106e-01
8.807477355003356934e-02
-1.140694133937358856e-03
3.712821286171674728e-03
3.808545880019664764e-03
-2.209426648914813995e-02
-4.232392832636833191e-02
-3.439923003315925598e-02
1.375072747468948364e-01
-1.988132894039154053e-01
2.154548019170761108e-01
1.656377911567687988e-01
1.545013394206762314e-02
1.206095591187477112e-01
1.202204227447509766e-01
9.244665503501892090e-02
-4.443352110683917999e-03
-1.156368386000394821e-02
-2.639133334159851074e-01
-2.050698921084403992e-02
8.413773030042648315e-02
-1.038587018847465515e-01
8.796282112598419189e-02
-2.346689626574516296e-02
