-1.054704114794731140e-01
4.145036637783050537e-02
5.791810527443885803e-02
-1.159948781132698059e-01
-1.440728604793548584e-01
-2.986640483140945435e-02
-9.067036956548690796e-02
-1.598141044378280640e-01
1.197322160005569458e-01
-1.607376337051391602e-01
2.803551852703094482e-01
-1.048116311430931091e-01
-1.766395419836044312e-01
-7.218221575021743774e-02
-9.317313134670257568e-02
2.137839645147323608e-01
-1.658419668674468994e-01
-9.138932079076766968e-02
1.154723111540079117e-02
3.463438525795936584e-02
1.003693118691444397e-01
2.688725944608449936e-03
5.454951897263526917e-03
5.895526707172393799e-02
-1.541292071342468262e-01
-3.584490418434143066e-01
-1.263193488121032715e-01
-5.918626487255096436e-02
-6.899403035640716553e-02
-4.693423211574554443e-02
-5.900795757770538330e-02
7.288683205842971802e-02
-1.968172192573547363e-01
9.116608649492263794e-03
-1.207046117633581161e-02
1.276105344295501709e-01
-1.802668347954750061e-02
-1.077513694763183594e-01
9.891753643751144409e-02
-5.630467552691698074e-03
-2.799281775951385498e-01
3.245294839143753052e-02
7.283476740121841431e-02
1.916788816452026367e-01
1.397517025470733643e-01
-1.898529566824436188e-02
2.825314179062843323e-02
-1.311919391155242920e-01
1.213273704051971436e-01
-1.906137317419052124e-01
-1.601533591747283936e-02
9.053333103656768799e-02
1.304518058896064758e-02
3.204124048352241516e-02
-5.495287477970123291e-04
-9.174252301454544067e-02
3.959855437278747559e-02
1.628143042325973511e-01
-1.771140098571777344e-01
-1.383849885314702988e-02
8.115132153034210205e-02
-9.993732720613479614e-02
-2.869896218180656433e-02
-1.572108268737792969e-01
1.841310411691665649e-01
1.573673635721206665e-01
-1.219272837042808533e-01
-1.633877158164978027e-01
1.084690839052200317e-01
-1.242065578699111938e-01
-5.113203078508377075e-02
6.681027263402938843e-02
-1.649436652660369873e-01
-2.422144860029220581e-01
-2.861953377723693848e-01
3.754106909036636353e-02
3.864841759204864502e-01
1.244738623499870300e-01
-1.215583086013793945e-01
4.852418974041938782e-02
-9.456395637243986130e-04
5.158766172826290131e-03
1.211565956473350525e-01
1.419333070516586304e-01
7.688724994659423828e-02
2.806808426976203918e-02
-6.405454874038696289e-02
5.969081819057464600e-02
2.353037446737289429e-01
-1.176766976714134216e-01
5.021235346794128418e-02
2.301226109266281128e-01
-6.681813299655914307e-02
6.180015206336975098e-02
-2.916318923234939575e-02
5.567306652665138245e-02
-8.539812266826629639e-02
1.162068322300910950e-01
-6.727613508701324463e-02
9.181399643421173096e-02
1.271398924291133881e-02
-7.511581480503082275e-02
1.539455028250813484e-03
6.064774841070175171e-02
-1.525090932846069336e-01
1.066987141966819763e-01
-1.278851088136434555e-02
-1.070815976709127426e-02
2.706448175013065338e-02
-4.999356344342231750e-02
-6.198301166296005249e-02
-3.693696856498718262e-02
1.112343594431877136e-01
-2.466122955083847046e-01
2.217044234275817871e-01
1.695909798145294189e-01
5.706701055169105530e-02
1.626687794923782349e-01
9.263344854116439819e-02
9.792938828468322754e-02
-2.244373038411140442e-02
-5.393322184681892395e-02
-2.071952521800994873e-01
-1.093160174787044525e-02
1.124446690082550049e-01
-6.912299245595932007e-02
4.978314042091369629e-02
-3.442705422639846802e-02
