-1.168403625488281250e-01
7.963518053293228149e-02
6.432279944419860840e-02
-1.149357408285140991e-01
-1.206109896302223206e-01
-3.832006826996803284e-02
-5.182689428329467773e-02
-1.680710315704345703e-01
1.659225076436996460e-01
-1.411893516778945923e-01
2.641722857952117920e-01
-9.937164187431335449e-02
-2.374875843524932861e-01
-1.686896979808807373e-01
1.803633943200111389e-02
2.759687304496765137e-01
-2.056396007537841797e-01
-1.910258680582046509e-01
-1.983405649662017822e-02
6.989349611103534698e-03
2.738570049405097961e-02
-5.196355283260345459e-02
7.237669825553894043e-02
7.133632898330688477e-02
-1.342182904481887817e-01
-4.282366335391998291e-01
-8.542944490909576416e-02
-8.810646086931228638e-02
-3.272467479109764099e-02
-3.376543894410133362e-02
2.831017132848501205e-03
1.260977983474731445e-01
-2.562657296657562256e-01
-7.272729650139808655e-03
-1.667493954300880432e-02
1.238829493522644043e-01
3.491491079330444336e-02
-9.022679924964904785e-02
1.168644577264785767e-01
-1.767739467322826385e-02
-3.096607923507690430e-01
-6.803473085165023804e-02
5.570244416594505310e-02
2.183587253093719482e-01
1.712857335805892944e-01
-3.606383875012397766e-02
3.839199990034103394e-02
-8.149717003107070923e-02
7.659175246953964233e-02
-1.705919355154037476e-01
-2.611413598060607910e-02
7.576990127563476562e-02
2.544214762747287750e-02
-2.281451597809791565e-02
6.997564341872930527e-03
-1.372372210025787354e-01
6.303805112838745117e-02
1.210847720503807068e-01
-2.024316191673278809e-01
-6.043643504381179810e-02
1.073960214853286743e-01
-7.727341353893280029e-02
-7.955282181501388550e-02
-1.365008503198623657e-01
2.650267183780670166e-01
1.323264688253402710e-01
-1.241312399506568909e-01
-1.890252679586410522e-01
1.329826414585113525e-01
-1.103162541985511780e-01
-2.505715191364288330e-02
5.286210030317306519e-02
-1.849472969770431519e-01
-1.686706542968750000e-01
-3.502284884452819824e-01
-3.620598465204238892e-02
3.700875937938690186e-01
7.697734981775283813e-02
-1.843139678239822388e-01
3.624884784221649170e-02
-3.091664798557758331e-02
3.117139451205730438e-02
7.408075779676437378e-02
1.602983027696609497e-01
6.316427141427993774e-03
8.144990354776382446e-02
-1.159836575388908386e-01
1.588183641433715820e-02
1.704917699098587036e-01
-6.641238182783126831e-02
4.088954254984855652e-02
2.497268319129943848e-01
-6.500767916440963745e-02
2.449494600296020508e-02
-2.047909051179885864e-02
3.737615887075662613e-03
-7.884162664413452148e-02
8.934712409973144531e-02
-1.384269744157791138e-01
6.308997981250286102e-04
5.189951974898576736e-03
-4.690355435013771057e-02
-1.733019016683101654e-03
9.283167123794555664e-02
-1.766616553068161011e-01
9.583816677331924438e-02
1.142207719385623932e-02
4.651364684104919434e-02
2.736108377575874329e-02
1.067790947854518890e-02
-6.382704526185989380e-02
-1.127548515796661377e-01
1.064308062195777893e-01
-2.226574569940567017e-01
1.440346837043762207e-01
2.089572101831436157e-01
4.588344320654869080e-02
1.203241497278213501e-01
1.035105064511299133e-01
1.298847645521163940e-01
-5.788509547710418701e-02
-1.784704811871051788e-02
-2.226366102695465088e-01
2.592305280268192291e-02
1.043518409132957458e-01
-1.006852462887763977e-01
4.970417916774749756e-02
1.285958662629127502e-02
