-1.133088767528533936e-01
-1.203577406704425812e-02
-1.717557944357395172e-02
-1.197674870491027832e-01
-7.059873640537261963e-02
-8.061230182647705078e-02
-4.585128277540206909e-02
-2.012511044740676880e-01
1.830704510211944580e-01
-1.719332635402679443e-01
2.543482184410095215e-01
-8.147118240594863892e-02
-1.543884575366973877e-01
-1.283549070358276367e-01
-6.165432929992675781e-02
2.064484506845474243e-01
-2.595481276512145996e-01
-1.977768391370773315e-01
-2.692217566072940826e-02
-2.382718957960605621e-03
8.013243973255157471e-02
-5.350819230079650879e-02
2.074601873755455017e-02
8.057983219623565674e-02
-9.875972568988800049e-02
-3.670205473899841309e-01
-1.282682567834854126e-01
-1.103580147027969360e-01
1.631271094083786011e-02
-1.945797726511955261e-02
3.028101474046707153e-02
5.256029218435287476e-02
-2.521859109401702881e-01
-2.554072439670562744e-02
1.382146403193473816e-02
9.030502289533615112e-02
5.955253913998603821e-02
-1.269216239452362061e-01
1.381079256534576416e-01
-2.405896224081516266e-02
-2.685841321945190430e-01
-6.114778667688369751e-02
8.359450101852416992e-02
2.045282423496246338e-01
1.790580600500106812e-01
1.755581237375736237e-02
-2.108819037675857544e-02
-1.008815541863441467e-01
1.163618713617324829e-01
-1.736426055431365967e-01
-5.447132885456085205e-02
6.012172996997833252e-02
2.886913903057575226e-02
-3.160056099295616150e-02
1.254244148731231689e-02
-1.449818462133407593e-01
4.691516235470771790e-02
1.413845270872116089e-01
-2.032982856035232544e-01
-2.053031697869300842e-02
5.972494184970855713e-02
-8.293888717889785767e-02
-4.444257542490959167e-02
-1.161707416176795959e-01
2.667661905288696289e-01
1.434996128082275391e-01
-1.295916140079498291e-01
-1.781609058380126953e-01
1.745516657829284668e-01
-1.562774032354354858e-01
-2.534766122698783875e-02
4.254465922713279724e-02
-1.581060439348220825e-01
-1.919426620006561279e-01
-2.850165963172912598e-01
-6.425306200981140137e-02
4.238788485527038574e-01
5.886145681142807007e-02
-1.289238929748535156e-01
5.049598962068557739e-02
-2.081869356334209442e-02
3.330830857157707214e-02
1.412114500999450684e-01
1.300733536481857300e-01
1.902656443417072296e-02
4.243554547429084778e-02
-1.059868931770324707e-01
-2.128819935023784637e-02
2.417095750570297241e-01
-3.184571117162704468e-02
-9.198019281029701233e-03
1.866261810064315796e-01
-1.369985640048980713e-01
1.029779575765132904e-02
5.305031780153512955e-03
-7.784429006278514862e-03
-7.059802860021591187e-02
9.632612764835357666e-02
-1.461258530616760254e-01
2.249152213335037231e-02
-1.458550617098808289e-02
-1.016578357666730881e-02
-5.621811375021934509e-03
8.920911699533462524e-02
-9.926260262727737427e-02
4.922830499708652496e-03
-3.345774952322244644e-03
-2.732254564762115479e-03
-3.613938577473163605e-03
-2.599705569446086884e-02
-1.054286658763885498e-01
-8.244629949331283569e-02
1.072715744376182556e-01
-2.209086865186691284e-01
2.105185538530349731e-01
1.826901733875274658e-01
7.853848487138748169e-02
1.461335718631744385e-01
7.844205200672149658e-02
8.147421479225158691e-02
-3.349765390157699585e-02
-1.393397804349660873e-02
-2.450047284364700317e-01
9.308847598731517792e-03
7.640404999256134033e-02
-7.645307481288909912e-02
9.563603997230529785e-02
-5.408139526844024658e-02
