-1.258605569601058960e-01
8.665120601654052734e-02
1.766236312687397003e-02
-9.313287585973739624e-02
-2.009453028440475464e-01
2.116009779274463654e-02
-1.057084202766418457e-01
-9.318415820598602295e-02
1.486635506153106689e-01
-1.351977139711380005e-01
2.229666411876678467e-01
-8.675522357225418091e-02
-2.744364440441131592e-01
-3.062171675264835358e-02
-1.130437478423118591e-01
2.150122970342636108e-01
-1.602474749088287354e-01
-1.280507445335388184e-01
3.133151307702064514e-02
7.334652543067932129e-02
8.454517275094985962e-02
-5.671600345522165298e-03
2.331090159714221954e-02
2.259339019656181335e-02
-9.669055044651031494e-02
-4.084133207798004150e-01
-1.038542613387107849e-01
-8.215737342834472656e-02
-7.310238480567932129e-02
-1.351867616176605225e-02
-4.404096305370330811e-02
2.119553089141845703e-02
-1.200939714908599854e-01
-9.966934099793434143e-03
2.050815336406230927e-02
1.243990734219551086e-01
-2.486467547714710236e-02
-1.107757911086082458e-01
1.236120015382766724e-01
-5.693529732525348663e-03
-3.143920302391052246e-01
-1.316116843372583389e-02
6.607916206121444702e-02
2.213966995477676392e-01
1.203623116016387939e-01
2.235617302358150482e-02
4.893244802951812744e-02
-1.594674438238143921e-01
1.257590800523757935e-01
-1.764509230852127075e-01
-1.619873568415641785e-03
1.269540488719940186e-01
6.505015492439270020e-02
4.261291120201349258e-03
4.541150107979774475e-02
-1.105849295854568481e-01
7.033675163984298706e-02
1.272414475679397583e-01
-1.360642313957214355e-01
-3.656409308314323425e-02
1.010747998952865601e-01
1.408554892987012863e-02
2.508568577468395233e-02
-1.412052959203720093e-01
2.486928850412368774e-01
9.587089717388153076e-02
-1.319140195846557617e-01
-1.841344982385635376e-01
1.444194614887237549e-01
-1.255730688571929932e-01
-9.511313587427139282e-02
8.477056771516799927e-02
-1.960443109273910522e-01
-2.351900637149810791e-01
-3.026330471038818359e-01
-1.049051992595195770e-02
3.853347897529602051e-01
1.518087834119796753e-01
-1.168647781014442444e-01
7.730604149401187897e-03
-2.738159708678722382e-02
2.325591817498207092e-02
1.048437282443046570e-01
1.697189509868621826e-01
3.070328012108802795e-02
2.033064328134059906e-02
-1.278369724750518799e-01
-3.317587077617645264e-02
2.557983398437500000e-01
-1.382751613855361938e-01
-2.407501637935638428e-02
1.977289766073226929e-01
3.598319366574287415e-03
9.172976016998291016e-02
-1.999303698539733887e-02
6.484106928110122681e-02
-1.014930531382560730e-01
7.770951092243194580e-02
-1.305475831031799316e-01
1.110633462667465210e-02
4.072688147425651550e-02
-3.931971639394760132e-02
-1.016873680055141449e-02
1.221500709652900696e-01
-1.394066363573074341e-01
4.632862657308578491e-02
-2.658581174910068512e-02
2.141464129090309143e-02
1.189817767590284348e-02
1.919493428431451321e-03
-9.864040464162826538e-02
-6.740953773260116577e-02
1.371072381734848022e-01
-1.998461633920669556e-01
1.843007802963256836e-01
1.734613627195358276e-01
9.407092630863189697e-02
9.438454359769821167e-02
1.619474142789840698e-01
4.811237752437591553e-02
-1.624269038438796997e-02
-5.790231004357337952e-02
-2.153203785419464111e-01
-4.656029120087623596e-02
6.188999116420745850e-02
-4.765301942825317383e-02
4.033156484365463257e-02
-5.203283391892910004e-03
