-1.096652522683143616e-01
9.985940530896186829e-03
3.334461525082588196e-02
-1.378386914730072021e-01
-8.398620784282684326e-02
-2.643370442092418671e-02
-1.135063767433166504e-01
-1.527607440948486328e-01
1.412294209003448486e-01
-1.971655189990997314e-01
1.862562298774719238e-01
-8.293369412422180176e-02
-2.270040363073348999e-01
-7.321628183126449585e-02
-4.266019538044929504e-02
2.443650662899017334e-01
-2.560377120971679688e-01
-2.650852501392364502e-01
-2.721977420151233673e-03
-6.176501046866178513e-03
4.488538950681686401e-02
-1.345776021480560303e-02
1.414043828845024109e-03
7.543876022100448608e-02
-8.642510324716567993e-02
-3.683451712131500244e-01
-6.581297516822814941e-02
-7.382737100124359131e-02
-2.956932596862316132e-02
-5.185273662209510803e-02
-4.989223554730415344e-03
2.891012839972972870e-02
-2.220923155546188354e-01
4.825507849454879761e-02
2.350838482379913330e-02
1.689987331628799438e-01
1.632119156420230865e-02
-1.253433525562286377e-01
1.930740773677825928e-01
4.266589507460594177e-02
-3.317401111125946045e-01
3.057763725519180298e-02
7.279896736145019531e-02
2.213116437196731567e-01
1.821573823690414429e-01
7.201188709586858749e-03
-5.578265711665153503e-02
-1.462866067886352539e-01
1.717187762260437012e-01
-2.311220914125442505e-01
1.768378913402557373e-02
1.222940906882286072e-01
1.018446087837219238e-01
2.848982810974121094e-02
1.276313140988349915e-02
-1.976811587810516357e-01
9.561855345964431763e-02
1.479165107011795044e-01
-2.750428318977355957e-01
-1.671862788498401642e-02
5.826446413993835449e-02
-1.336229741573333740e-01
6.706858426332473755e-02
-1.112250983715057373e-01
2.472094148397445679e-01
1.684436351060867310e-01
-1.001911237835884094e-01
-2.403697669506072998e-01
1.334063857793807983e-01
-1.692191213369369507e-01
-9.303282946348190308e-02
7.900439947843551636e-02
-1.034879907965660095e-01
-1.847468465566635132e-01
-3.181360661983489990e-01
-3.530294820666313171e-02
3.088229894638061523e-01
1.249177604913711548e-01
-1.614807844161987305e-01
7.543972879648208618e-02
3.302557393908500671e-02
-4.023834317922592163e-02
9.874205291271209717e-02
1.916572749614715576e-01
-2.066591754555702209e-02
4.896831512451171875e-02
-1.020314022898674011e-01
-7.038403302431106567e-02
2.284280061721801758e-01
-1.790749467909336090e-02
-1.027238648384809494e-02
2.017555087804794312e-01
-7.424665987491607666e-02
6.079319119453430176e-02
4.244102165102958679e-02
1.220100745558738708e-02
-1.438224613666534424e-01
8.865080773830413818e-02
-1.696858406066894531e-01
-4.561902210116386414e-02
-1.006187871098518372e-01
-2.754866704344749451e-02
1.920410059392452240e-02
8.332597464323043823e-02
-1.517722904682159424e-01
9.123504906892776489e-02
-6.508143246173858643e-02
-5.066021159291267395e-02
-6.565007567405700684e-02
5.778774619102478027e-03
-3.634623438119888306e-02
-5.741254612803459167e-02
9.880904853343963623e-02
-2.720044553279876709e-01
2.258370965719223022e-01
2.029770612716674805e-01
1.310603171586990356e-01
1.718505173921585083e-01
1.299936175346374512e-01
7.799653708934783936e-02
-4.661607369780540466e-02
-1.776102185249328613e-02
-2.412332147359848022e-01
6.501730531454086304e-03
8.221458643674850464e-02
-3.717837855219841003e-02
1.255398392677307129e-01
4.454427585005760193e-02
