-6.633063405752182007e-02
6.538674235343933105e-02
3.677336871623992920e-02
-1.063830330967903137e-01
-6.980391591787338257e-02
6.266531534492969513e-03
-1.279597282409667969e-01
-1.083228960633277893e-01
1.611602008342742920e-01
-1.542571485042572021e-01
1.964596062898635864e-01
-8.184608817100524902e-02
-1.958730369806289673e-01
-6.837420165538787842e-02
-3.218801692128181458e-02
2.292301356792449951e-01
-2.446487396955490112e-01
-1.598870903253555298e-01
-2.749044448137283325e-03
1.470158621668815613e-02
4.451184719800949097e-02
4.144824668765068054e-02
-1.799112930893898010e-02
4.362995177507400513e-02
-1.196072772145271301e-01
-3.953234255313873291e-01
-7.933226972818374634e-02
-3.310459479689598083e-02
-8.117803186178207397e-02
-2.925358712673187256e-02
-2.454089000821113586e-02
1.018962040543556213e-01
-1.610026210546493530e-01
3.792654722929000854e-02
1.889418996870517731e-02
1.124928966164588928e-01
8.232814073562622070e-02
-5.434975400567054749e-02
1.170534938573837280e-01
5.328889563679695129e-02
-3.177783191204071045e-01
4.594001173973083496e-02
1.097321137785911560e-01
2.030919343233108521e-01
1.764118224382400513e-01
1.540799066424369812e-02
-4.379569739103317261e-02
-1.430853158235549927e-01
1.892879903316497803e-01
-2.081614881753921509e-01
7.601941935718059540e-03
1.177793964743614197e-01
7.549484819173812866e-02
2.589973434805870056e-02
5.029462277889251709e-02
-9.988494217395782471e-02
-9.269583970308303833e-04
1.681270599365234375e-01
-1.737111806869506836e-01
-2.921834588050842285e-02
4.846918955445289612e-02
-5.133783444762229919e-02
5.418306961655616760e-02
-1.693852394819259644e-01
1.933501213788986206e-01
1.888245791196823120e-01
-9.002064913511276245e-02
-2.135962545871734619e-01
5.956365913152694702e-02
-1.500872373580932617e-01
-1.464009135961532593e-01
6.946650147438049316e-02
-1.065120398998260498e-01
-1.750469058752059937e-01
-3.306511640548706055e-01
-2.439620718359947205e-02
2.855741083621978760e-01
1.131676658987998962e-01
-1.951014846563339233e-01
3.681967407464981079e-02
5.206130072474479675e-02
-4.858734086155891418e-02
1.566952913999557495e-01
1.653374582529067993e-01
1.504782587289810181e-03
2.867060899734497070e-02
-4.652876779437065125e-02
-6.934301555156707764e-02
3.022890388965606689e-01
-1.641795970499515533e-02
2.675948198884725571e-04
2.056398689746856689e-01
-7.202339172363281250e-02
1.028659641742706299e-01
-5.578360985964536667e-03
6.544671021401882172e-03
-9.931945055723190308e-02
7.405155897140502930e-02
-1.820777952671051025e-01
-2.824113331735134125e-02
-7.695521414279937744e-02
1.199149992316961288e-02
-2.107384614646434784e-02
8.317117393016815186e-02
-1.542583853006362915e-01
9.854587167501449585e-02
-1.575205661356449127e-02
-1.173801347613334656e-02
9.043389931321144104e-03
4.900224879384040833e-02
-2.657286822795867920e-02
-4.487936571240425110e-02
1.244715303182601929e-01
-2.051617503166198730e-01
1.918865889310836792e-01
1.278401315212249756e-01
5.976065620779991150e-02
1.305496543645858765e-01
1.026470363140106201e-01
1.100827530026435852e-01
-7.384909689426422119e-02
-2.211402356624603271e-02
-1.788066178560256958e-01
-1.043503824621438980e-02
1.368726938962936401e-01
-6.875307112932205200e-02
8.946260809898376465e-02
-2.945964038372039795e-02
