-1.665655374526977539e-01
6.741885095834732056e-02
6.948762387037277222e-02
-1.463216841220855713e-01
-1.660475730895996094e-01
-2.049247734248638153e-02
-1.097344011068344116e-01
-1.411380618810653687e-01
2.032838612794876099e-01
-1.759513169527053833e-01
2.695766687393188477e-01
-4.839487373828887939e-02
-2.045917510986328125e-01
-9.709762036800384521e-02
-6.329842843115329742e-03
2.227018773555755615e-01
-2.113269120454788208e-01
-1.331041306257247925e-01
3.377712145447731018e-02
-2.363372407853603363e-02
6.956276297569274902e-02
9.934910573065280914e-03
8.294139802455902100e-02
3.263567388057708740e-02
-1.292832493782043457e-01
-4.673747420310974121e-01
-9.834416955709457397e-02
-9.144727885723114014e-02
6.992069073021411896e-03
3.520848229527473450e-03
-2.899650856852531433e-02
5.757073312997817993e-02
-2.424770444631576538e-01
-1.236306503415107727e-02
-1.698788255453109741e-03
1.065681353211402893e-01
-9.013510309159755707e-03
-5.086734145879745483e-02
1.183081865310668945e-01
1.806291565299034119e-02
-2.563227117061614990e-01
-3.696652874350547791e-02
4.179925471544265747e-02
1.832948774099349976e-01
1.507740020751953125e-01
2.424954622983932495e-02
5.977047979831695557e-02
-1.621198654174804688e-01
1.082555204629898071e-01
-1.545796841382980347e-01
4.216257482767105103e-02
8.868248015642166138e-02
4.223378747701644897e-02
-2.079398743808269501e-02
4.403311386704444885e-02
-1.162409633398056030e-01
3.959250450134277344e-02
1.610019356012344360e-01
-2.158633768558502197e-01
1.528065558522939682e-02
1.122149601578712463e-01
-8.052594959735870361e-02
-7.032592594623565674e-02
-1.267440468072891235e-01
3.032338321208953857e-01
1.731548309326171875e-01
-1.106422618031501770e-01
-1.963602006435394287e-01
1.175142005085945129e-01
-8.134778589010238647e-02
-5.172447487711906433e-02
6.412640213966369629e-02
-1.807239800691604614e-01
-1.782623827457427979e-01
-3.202431499958038330e-01
3.949785605072975159e-03
3.773253262042999268e-01
8.681113272905349731e-02
-1.358458995819091797e-01
3.473025560379028320e-02
-3.201207146048545837e-02
1.279661897569894791e-02
1.073797270655632019e-01
1.693075448274612427e-01
-2.207358181476593018e-02
1.195241417735815048e-02
-5.908253416419029236e-02
2.775407582521438599e-02
1.675982177257537842e-01
-7.218068093061447144e-02
9.419362992048263550e-03
2.285586297512054443e-01
-6.114783883094787598e-02
9.595462679862976074e-02
-2.773882634937763214e-02
2.136538550257682800e-02
-1.474036276340484619e-01
5.265588313341140747e-02
-1.026869937777519226e-01
-5.014786869287490845e-02
-2.496092580258846283e-03
-1.766270212829113007e-02
2.206148393452167511e-02
9.077961742877960205e-02
-1.758679598569869995e-01
8.194499462842941284e-02
-4.647529870271682739e-02
-3.786190412938594818e-03
3.322937712073326111e-02
-2.072094008326530457e-02
-2.279180288314819336e-02
-1.050869375467300415e-01
6.892333179712295532e-02
-2.301598936319351196e-01
2.107961624860763550e-01
1.764022260904312134e-01
6.409239768981933594e-02
1.950825005769729614e-01
9.049473702907562256e-02
8.811189234256744385e-02
-4.244976490736007690e-02
-1.272362656891345978e-03
-1.921426951885223389e-01
4.520173743367195129e-02
1.017657741904258728e-01
-7.071409374475479126e-02
8.628655225038528442e-02
-1.018539816141128540e-02
