-1.172241866588592529e-01
6.399848312139511108e-02
4.504344612360000610e-02
-1.425958871841430664e-01
-1.629413813352584839e-01
3.809218760579824448e-03
-6.030892953276634216e-02
-1.158931031823158264e-01
1.778112798929214478e-01
-2.192254811525344849e-01
2.919992208480834961e-01
-9.017134457826614380e-02
-2.391527146100997925e-01
-6.443557888269424438e-02
-5.439335107803344727e-02
2.251171618700027466e-01
-2.668002247810363770e-01
-1.450469195842742920e-01
1.482549123466014862e-03
1.855525374412536621e-02
5.487058311700820923e-02
-5.652182921767234802e-02
2.530762180685997009e-02
5.573787726461887360e-03
-9.386526793241500854e-02
-4.013322889804840088e-01
-9.491818398237228394e-02
-4.511030763387680054e-02
3.209011256694793701e-02
-5.366782099008560181e-02
-3.041052818298339844e-02
3.953128680586814880e-02
-2.212931662797927856e-01
-2.059621922671794891e-02
-4.593650624155998230e-02
6.142589449882507324e-02
-7.559527177363634109e-03
-1.009266451001167297e-01
1.286393851041793823e-01
-2.087297476828098297e-02
-2.254713475704193115e-01
-6.013884767889976501e-02
3.424712643027305603e-02
1.946810632944107056e-01
9.553124755620956421e-02
3.732803743332624435e-03
2.681197971105575562e-02
-1.249304786324501038e-01
1.047858297824859619e-01
-2.253128290176391602e-01
-1.254936866462230682e-02
8.544493466615676880e-02
6.918035447597503662e-02
-2.864373847842216492e-03
2.322162501513957977e-02
-9.646087884902954102e-02
4.806285724043846130e-02
1.601255089044570923e-01
-1.587806493043899536e-01
4.224040359258651733e-02
9.968253225088119507e-02
-6.584179401397705078e-02
-1.739761978387832642e-02
-1.398890167474746704e-01
2.753060162067413330e-01
1.076851859688758850e-01
-1.194856017827987671e-01
-1.377745866775512695e-01
1.402886658906936646e-01
-4.068159312009811401e-02
-3.955054283142089844e-02
1.113761216402053833e-02
-1.332488059997558594e-01
-2.067414373159408569e-01
-2.666207849979400635e-01
-4.483006894588470459e-03
4.032636284828186035e-01
1.012567728757858276e-01
-1.037655398249626160e-01
3.952397778630256653e-02
-3.437753021717071533e-02
-4.881732538342475891e-02
8.962609618902206421e-02
1.580285429954528809e-01
-1.798112504184246063e-02
1.501110661774873734e-02
-8.515366911888122559e-02
8.442496508359909058e-02
1.922994256019592285e-01
-1.136802583932876587e-01
2.656825073063373566e-02
2.054929882287979126e-01
-7.243527472019195557e-02
7.574012875556945801e-02
-3.760568797588348389e-02
2.259863540530204773e-02
-1.057897061109542847e-01
1.048912182450294495e-01
-8.135898411273956299e-02
4.987671226263046265e-02
4.021464288234710693e-02
-8.283875137567520142e-02
-1.141335070133209229e-02
7.987079769372940063e-02
-1.046913713216781616e-01
5.768806487321853638e-02
-2.266956865787506104e-02
2.887246198952198029e-03
4.314918443560600281e-02
-1.816787198185920715e-02
-5.407827720046043396e-02
-8.911886066198348999e-02
8.322569727897644043e-02
-2.288057506084442139e-01
1.900281459093093872e-01
1.984510123729705811e-01
4.783698916435241699e-02
1.556912511587142944e-01
8.609083294868469238e-02
8.328018337488174438e-02
1.750146225094795227e-02
-1.495401840656995773e-02
-2.016780674457550049e-01
-1.295625139027833939e-02
8.082456886768341064e-02
-6.629382073879241943e-02
5.337698385119438171e-02
-5.500169936567544937e-03
