-9.934774041175842285e-02
4.217574000358581543e-02
2.701443154364824295e-03
-1.720068603754043579e-01
-1.324065774679183960e-01
-1.419095788151025772e-03
-1.965897157788276672e-02
-1.343068927526473999e-01
1.973025500774383545e-01
-1.985305547714233398e-01
2.530614435672760010e-01
-9.036069363355636597e-02
-2.220285683870315552e-01
-1.139514967799186707e-01
-6.972873210906982422e-02
2.511628270149230957e-01
-1.991075575351715088e-01
-1.799279600381851196e-01
-2.527234703302383423e-02
1.207878720015287399e-02
5.839590728282928467e-02
-2.689306996762752533e-02
4.156369715929031372e-03
8.833258599042892456e-02
-1.066849008202552795e-01
-3.909647166728973389e-01
-1.221544444561004639e-01
-7.647115737199783325e-02
-4.895626381039619446e-02
-5.391689762473106384e-02
6.701449863612651825e-03
8.379557169973850250e-03
-2.101036757230758667e-01
-1.206906512379646301e-02
6.352213211357593536e-03
6.942743062973022461e-02
-2.386414632201194763e-02
-1.204409152269363403e-01
8.712254464626312256e-02
-1.465638913214206696e-02
-3.017759621143341064e-01
-2.757698111236095428e-02
1.108529120683670044e-01
2.089342176914215088e-01
1.373691558837890625e-01
9.247465059161186218e-03
-1.862248405814170837e-03
-1.344924122095108032e-01
1.515330225229263306e-01
-1.516229808330535889e-01
-6.451682746410369873e-02
5.829532444477081299e-02
5.430396646261215210e-02
9.173239581286907196e-03
1.158050633966922760e-02
-1.113017350435256958e-01
6.882560253143310547e-02
1.270054280757904053e-01
-1.541025042533874512e-01
-1.785339787602424622e-02
8.304443955421447754e-02
-8.877853304147720337e-02
-2.237695083022117615e-02
-1.118971183896064758e-01
2.460487782955169678e-01
7.783544063568115234e-02
-1.563809365034103394e-01
-1.940098255872726440e-01
1.498437523841857910e-01
-1.451145857572555542e-01
-2.689756825566291809e-02
3.868279233574867249e-02
-1.597640961408615112e-01
-1.994572281837463379e-01
-2.895234823226928711e-01
-3.052640147507190704e-02
3.721143007278442383e-01
1.033175289630889893e-01
-9.498080611228942871e-02
4.137661308050155640e-02
-3.979040682315826416e-02
7.970131933689117432e-02
8.479428291320800781e-02
1.785085052251815796e-01
1.088396459817886353e-02
4.169506207108497620e-02
-1.065353602170944214e-01
9.865206666290760040e-03
2.263215929269790649e-01
-1.092277243733406067e-01
2.436473593115806580e-02
2.271537780761718750e-01
-8.263118565082550049e-02
8.976154029369354248e-02
-3.275934234261512756e-02
1.646181754767894745e-02
-1.330495178699493408e-01
1.207113862037658691e-01
-9.593553096055984497e-02
7.587593048810958862e-02
-1.069208886474370956e-02
-3.277638554573059082e-02
3.067341446876525879e-02
7.514157891273498535e-02
-1.121852248907089233e-01
7.774420827627182007e-02
-1.434118021279573441e-04
4.879330843687057495e-02
1.045717671513557434e-02
3.999488428235054016e-02
-1.016334071755409241e-01
-1.052819564938545227e-01
7.266616076231002808e-02
-2.107212394475936890e-01
2.114024609327316284e-01
1.885644793510437012e-01
1.021889820694923401e-01
1.138312369585037231e-01
1.489074975252151489e-01
6.590892374515533447e-02
-1.983588561415672302e-02
-3.707459568977355957e-02
-2.156689316034317017e-01
1.603172719478607178e-02
8.182646334171295166e-02
-1.020808517932891846e-01
8.113722503185272217e-02
-3.737807273864746094e-02
