-1.028274372220039368e-01
5.374803394079208374e-02
6.606370955705642700e-02
-1.060963422060012817e-01
-1.632708013057708740e-01
-8.198937028646469116e-02
-1.024277806282043457e-01
-1.087783947587013245e-01
1.350263804197311401e-01
-1.176578179001808167e-01
2.016694694757461548e-01
-6.251941621303558350e-02
-1.650210916996002197e-01
-7.608304172754287720e-02
-2.616327814757823944e-02
2.247501164674758911e-01
-2.058155089616775513e-01
-1.543236076831817627e-01
-1.525190472602844238e-02
-6.813711021095514297e-03
4.791878163814544678e-02
2.118392288684844971e-02
8.755599707365036011e-02
6.269283592700958252e-02
-1.654185354709625244e-01
-4.084199368953704834e-01
-5.877259001135826111e-02
-6.664904206991195679e-02
5.345806479454040527e-02
5.198879167437553406e-03
-7.230670005083084106e-02
2.726949751377105713e-02
-2.104409188032150269e-01
-6.439972668886184692e-02
6.863498687744140625e-02
1.281170099973678589e-01
3.680742159485816956e-02
-7.339295744895935059e-02
1.761454790830612183e-01
1.575727760791778564e-02
-3.055234253406524658e-01
2.728504128754138947e-02
6.209533289074897766e-02
2.261596322059631348e-01
1.759516149759292603e-01
5.947698652744293213e-02
8.217081427574157715e-02
-1.573666185140609741e-01
1.440519839525222778e-01
-1.829014718532562256e-01
3.361846134066581726e-02
7.746166735887527466e-02
1.027123071253299713e-02
-1.008993294090032578e-02
2.546327747404575348e-02
-1.304836571216583252e-01
7.793229818344116211e-02
1.157505661249160767e-01
-2.156353592872619629e-01
-1.767975836992263794e-02
1.396661847829818726e-01
-3.702944517135620117e-02
2.753531374037265778e-02
-1.197040453553199768e-01
2.521837055683135986e-01
5.687793716788291931e-02
-1.104953214526176453e-01
-1.781795620918273926e-01
1.107110381126403809e-01
-1.677862256765365601e-01
-6.145314872264862061e-02
4.342067986726760864e-02
-9.317110478878021240e-02
-1.325071454048156738e-01
-3.856409192085266113e-01
-6.333787739276885986e-02
3.746384978294372559e-01
1.473491936922073364e-01
-1.715504378080368042e-01
5.562357977032661438e-02
-2.402482926845550537e-02
1.012982055544853210e-02
1.354668885469436646e-01
1.475829482078552246e-01
-1.100253313779830933e-02
8.955726027488708496e-02
-1.062058359384536743e-01
-1.636720448732376099e-02
2.346117049455642700e-01
-4.112344235181808472e-02
1.861721090972423553e-02
2.109006643295288086e-01
3.104044124484062195e-02
1.017220839858055115e-01
3.357922285795211792e-02
8.295890688896179199e-02
-1.775219142436981201e-01
5.086614191532135010e-02
-1.260652244091033936e-01
4.256256297230720520e-02
-1.652170717716217041e-02
2.756758127361536026e-03
5.639310553669929504e-02
1.146080270409584045e-01
-1.916511803865432739e-01
1.600011587142944336e-01
-6.469280272722244263e-02
-1.579645648598670959e-02
-3.558606281876564026e-02
3.238610550761222839e-02
-4.365236684679985046e-02
-9.188015758991241455e-02
7.693807780742645264e-02
-2.235843390226364136e-01
1.559102535247802734e-01
2.256385982036590576e-01
8.216674625873565674e-02
1.572743207216262817e-01
1.170050427317619324e-01
4.119953513145446777e-02
-5.336768925189971924e-02
2.918941341340541840e-02
-1.879119127988815308e-01
-4.440334439277648926e-02
3.603869304060935974e-02
-1.235867440700531006e-01
1.459638178348541260e-01
6.702797859907150269e-02
