-5.924787744879722595e-02
5.943179503083229065e-02
5.150774493813514709e-02
-1.030045151710510254e-01
-1.857237815856933594e-01
-8.554106205701828003e-02
-4.105813428759574890e-02
-1.533789187669754028e-01
1.274362504482269287e-01
-2.020274847745895386e-01
2.236142158508300781e-01
-1.127956286072731018e-01
-1.915212124586105347e-01
-5.081832036375999451e-02
-3.373839706182479858e-02
2.206003367900848389e-01
-2.251601815223693848e-01
-1.830334812402725220e-01
-5.445808172225952148e-02
-1.189124863594770432e-02
4.115372523665428162e-02
4.176131263375282288e-02
3.032953478395938873e-02
1.937301270663738251e-02
-1.169198155403137207e-01
-3.669413328170776367e-01
-9.413337707519531250e-02
-2.340404316782951355e-02
8.303456939756870270e-03
-1.424537785351276398e-02
-5.893346853554248810e-03
1.028499528765678406e-01
-1.929869055747985840e-01
2.035297453403472900e-03
6.856263428926467896e-02
1.260054409503936768e-01
-1.422436814755201340e-02
-5.830563604831695557e-02
1.306183487176895142e-01
-3.405101597309112549e-02
-3.416777551174163818e-01
7.827585563063621521e-03
1.103189811110496521e-01
2.675729691982269287e-01
1.561641991138458252e-01
-2.709959633648395538e-03
-1.408486440777778625e-02
-1.580525934696197510e-01
1.688866466283798218e-01
-1.568630188703536987e-01
2.039893157780170441e-02
7.922689616680145264e-02
5.914927273988723755e-02
3.237142041325569153e-02
3.896220028400421143e-02
-7.741664350032806396e-02
6.600413471460342407e-02
1.746899187564849854e-01
-1.629769802093505859e-01
-2.231066301465034485e-02
1.700389683246612549e-01
-1.242681443691253662e-01
7.459448650479316711e-03
-1.647018641233444214e-01
2.263110131025314331e-01
4.556945338845252991e-02
-1.045533865690231323e-01
-2.045453041791915894e-01
1.000637710094451904e-01
-1.874258071184158325e-01
-1.114497706294059753e-01
8.960443735122680664e-02
-1.268021166324615479e-01
-1.490533798933029175e-01
-3.565666377544403076e-01
-4.698527604341506958e-02
3.937753140926361084e-01
1.238063201308250427e-01
-1.171677485108375549e-01
3.603586181998252869e-02
6.442321836948394775e-02
2.422419749200344086e-02
1.518680453300476074e-01
1.842336207628250122e-01
-3.897251188755035400e-02
9.412422776222229004e-02
-1.160415187478065491e-01
3.077724389731884003e-02
2.750932574272155762e-01
-1.129129976034164429e-01
-1.190379261970520020e-02
2.182635068893432617e-01
-2.099803276360034943e-02
6.653682887554168701e-02
9.800821542739868164e-03
-1.985589601099491119e-02
-9.121336042881011963e-02
4.619255289435386658e-02
-1.779032200574874878e-01
1.452717743813991547e-02
-1.372352335602045059e-02
-6.096206977963447571e-02
-1.576539501547813416e-02
1.045577675104141235e-01
-1.291790157556533813e-01
1.216701865196228027e-01
-2.977365255355834961e-02
2.652774751186370850e-02
-1.365169696509838104e-02
1.291747950017452240e-02
-5.454621836543083191e-02
-1.052306592464447021e-01
9.011374413967132568e-02
-2.150088697671890259e-01
1.602152138948440552e-01
1.772784590721130371e-01
1.092978119850158691e-01
1.207247897982597351e-01
9.509024024009704590e-02
6.878560781478881836e-02
-5.955048650503158569e-02
-2.289057895541191101e-02
-1.888190805912017822e-01
-1.172506622970104218e-02
1.270122677087783813e-01
-5.725460499525070190e-02
1.243137791752815247e-01
-1.654103863984346390e-03
