-1.124742105603218079e-01
2.117156982421875000e-02
5.247733369469642639e-02
-1.584473401308059692e-01
-1.172804087400436401e-01
-1.024063378572463989e-01
-1.687763631343841553e-02
-1.551924198865890503e-01
1.589100360870361328e-01
-1.278417408466339111e-01
2.732684016227722168e-01
-6.965260952711105347e-02
-1.583992242813110352e-01
-1.059315279126167297e-01
-3.108406439423561096e-02
1.785231828689575195e-01
-2.155779451131820679e-01
-1.068315729498863220e-01
-1.938995532691478729e-02
-2.589286305010318756e-03
6.823454797267913818e-02
-4.306654911488294601e-03
3.772061690688133240e-02
8.681073784828186035e-02
-1.281080096960067749e-01
-3.523892462253570557e-01
-1.668140888214111328e-01
-6.332534551620483398e-02
-3.185623139142990112e-02
1.188311818987131119e-02
-5.413685739040374756e-02
6.062557548284530640e-02
-2.154374420642852783e-01
-2.475352585315704346e-02
1.912472210824489594e-02
1.219143271446228027e-01
2.009749785065650940e-02
-7.060959935188293457e-02
6.979657709598541260e-02
1.406646240502595901e-02
-2.447114288806915283e-01
-1.886785775423049927e-02
5.858935788273811340e-02
2.169858366250991821e-01
2.064284235239028931e-01
-2.186455577611923218e-02
-1.724936999380588531e-02
-5.631235241889953613e-02
1.317277699708938599e-01
-1.852088719606399536e-01
-5.990324541926383972e-03
7.374899089336395264e-02
3.840705752372741699e-02
2.055462077260017395e-02
2.061770483851432800e-02
-7.995716482400894165e-02
2.570594847202301025e-02
1.952715665102005005e-01
-1.896921694278717041e-01
-2.348383888602256775e-02
4.598148167133331299e-02
-1.390208154916763306e-01
-6.057894229888916016e-02
-1.240111812949180603e-01
2.150956392288208008e-01
1.724036186933517456e-01
-1.818968951702117920e-01
-1.556405276060104370e-01
1.202855855226516724e-01
-1.257173866033554077e-01
-4.797908291220664978e-02
2.354754507541656494e-02
-1.849899739027023315e-01
-1.721536666154861450e-01
-3.206127285957336426e-01
3.467854112386703491e-02
4.384341239929199219e-01
8.598272502422332764e-02
-1.792004257440567017e-01
9.973889216780662537e-03
-5.755504965782165527e-02
4.550945013761520386e-02
1.003519445657730103e-01
1.368183791637420654e-01
1.313888467848300934e-02
7.662183046340942383e-02
-1.358580142259597778e-01
2.934044972062110901e-02
1.644919067621231079e-01
-8.890642970800399780e-02
1.117684878408908844e-02
2.487147003412246704e-01
-9.420452266931533813e-02
1.136650145053863525e-01
7.578776217997074127e-03
6.986381858587265015e-02
-8.768544346094131470e-02
5.420277267694473267e-02
-1.279841363430023193e-01
4.857045784592628479e-02
1.997573487460613251e-02
-7.742632180452346802e-02
-2.989909425377845764e-02
8.556323498487472534e-02
-1.248378977179527283e-01
1.071208864450454712e-01
2.934233471751213074e-02
1.309331692755222321e-02
-2.490326389670372009e-02
-4.497488588094711304e-02
-4.333401471376419067e-02
-6.979887187480926514e-02
7.156427204608917236e-02
-2.431427836418151855e-01
1.969108730554580688e-01
1.803646236658096313e-01
2.533809654414653778e-02
1.739052981138229370e-01
4.246059060096740723e-02
5.230077728629112244e-02
-5.259884893894195557e-02
-5.363249033689498901e-02
-1.417490988969802856e-01
-2.721581142395734787e-03
7.677122950553894043e-02
-4.937116801738739014e-02
6.771640479564666748e-02
-2.565439045429229736e-02
