-6.284794956445693970e-02
5.888983607292175293e-02
1.628005504608154297e-02
-1.111455187201499939e-01
-1.169500574469566345e-01
-1.098959054797887802e-02
-5.515102669596672058e-02
-8.153294771909713745e-02
1.401561349630355835e-01
-1.120308190584182739e-01
2.698739469051361084e-01
-1.135531999170780182e-02
-2.602998018264770508e-01
-6.717301905155181885e-02
-9.568588435649871826e-02
1.848036497831344604e-01
-1.651774346828460693e-01
-1.249047741293907166e-01
-2.085547149181365967e-02
6.680584698915481567e-02
9.157694876194000244e-02
-2.200215123593807220e-02
5.745310708880424500e-02
2.546745911240577698e-02
-1.212466657161712646e-01
-3.335758149623870850e-01
-9.258812665939331055e-02
-2.258130908012390137e-02
-7.139221578836441040e-02
-2.068941667675971985e-02
-1.229017507284879684e-02
2.272617630660533905e-02
-1.774666905403137207e-01
5.469657480716705322e-03
3.126682341098785400e-02
6.487261503934860229e-02
-5.382265895605087280e-02
-1.016704514622688293e-01
2.001230716705322266e-01
1.034105103462934494e-02
-2.646467685699462891e-01
1.639231108129024506e-03
5.503726378083229065e-02
2.509483397006988525e-01
1.635028123855590820e-01
3.578937426209449768e-02
4.088018834590911865e-02
-1.322632133960723877e-01
9.630405902862548828e-02
-2.251881659030914307e-01
3.909172117710113525e-02
1.362913697957992554e-01
5.143457651138305664e-02
-1.852866262197494507e-04
2.659440785646438599e-02
-7.805208861827850342e-02
5.281084030866622925e-02
1.243297308683395386e-01
-9.306820482015609741e-02
-6.609716266393661499e-02
1.056108772754669189e-01
-1.404941082000732422e-02
-5.047311633825302124e-02
-1.620351076126098633e-01
2.548511028289794922e-01
7.162605226039886475e-02
-1.757822483777999878e-01
-1.672619879245758057e-01
1.144082099199295044e-01
-1.086424291133880615e-01
-9.152512252330780029e-02
9.780287742614746094e-02
-1.739434748888015747e-01
-1.854495555162429810e-01
-2.731947600841522217e-01
-2.422315999865531921e-03
3.719571828842163086e-01
1.228037327527999878e-01
-1.334079504013061523e-01
2.017914503812789917e-02
-6.291471421718597412e-02
5.974157899618148804e-02
1.114062964916229248e-01
1.211500763893127441e-01
1.454809494316577911e-02
2.242530323565006256e-02
-1.239139065146446228e-01
1.400713343173265457e-02
2.300876528024673462e-01
-1.136909425258636475e-01
-4.030982404947280884e-02
2.136783003807067871e-01
2.027413621544837952e-02
5.540826544165611267e-02
-2.412814274430274963e-02
3.704288974404335022e-02
-4.224529862403869629e-02
8.944461494684219360e-02
-1.199424117803573608e-01
5.605487152934074402e-02
8.697491139173507690e-02
1.658706367015838623e-02
9.430974721908569336e-03
1.369694173336029053e-01
-1.323933750391006470e-01
6.883118301630020142e-02
-2.770718000829219818e-02
4.115231335163116455e-02
9.630455076694488525e-02
-1.631938852369785309e-02
-1.205148994922637939e-01
-1.040952727198600769e-01
5.921922251582145691e-02
-2.608680725097656250e-01
1.554546207189559937e-01
1.369465887546539307e-01
5.643896386027336121e-02
3.941833972930908203e-02
1.303008645772933960e-01
7.398304343223571777e-02
-2.312542498111724854e-02
-2.069703862071037292e-02
-2.468374818563461304e-01
-3.715138882398605347e-02
8.256856352090835571e-02
-2.466021291911602020e-02
9.444837272167205811e-02
-3.414807468652725220e-02
