-1.112858802080154419e-01
5.217539891600608826e-02
3.297469764947891235e-02
-1.072586178779602051e-01
-8.557561784982681274e-02
-5.781250074505805969e-02
-1.328731924295425415e-01
-1.176895350217819214e-01
1.992343068122863770e-01
-1.970328241586685181e-01
2.028258293867111206e-01
-8.207259327173233032e-02
-2.104561626911163330e-01
-8.337200433015823364e-02
-7.533185184001922607e-02
2.567500174045562744e-01
-2.154348939657211304e-01
-1.762010455131530762e-01
-4.513850063085556030e-02
-4.317305050790309906e-03
6.972637027502059937e-02
1.969750784337520599e-02
3.735835850238800049e-02
7.555329799652099609e-02
-1.428558975458145142e-01
-4.056363999843597412e-01
-8.709584176540374756e-02
-8.241454511880874634e-02
-5.767574906349182129e-02
-7.011929899454116821e-02
-4.350609332323074341e-02
4.980922117829322815e-02
-1.948166191577911377e-01
-8.547212928533554077e-03
-1.416686922311782837e-02
1.045561432838439941e-01
6.886047124862670898e-02
-9.623859077692031860e-02
1.481580883264541626e-01
2.198246307671070099e-02
-3.394348621368408203e-01
1.435393188148736954e-02
5.022423714399337769e-02
1.934589743614196777e-01
1.388101279735565186e-01
-4.932065494358539581e-03
4.720230028033256531e-02
-1.813859641551971436e-01
1.358177959918975830e-01
-1.602397263050079346e-01
-2.621283940970897675e-02
1.145250350236892700e-01
2.106264233589172363e-02
7.863932289183139801e-03
-4.331232048571109772e-03
-8.839368075132369995e-02
6.311047822237014771e-02
9.238686412572860718e-02
-1.880327314138412476e-01
-5.309628322720527649e-02
1.176066100597381592e-01
-8.052496612071990967e-02
-1.199365220963954926e-02
-9.370302408933639526e-02
2.310785651206970215e-01
1.355478167533874512e-01
-8.755683153867721558e-02
-2.476450651884078979e-01
1.153407618403434753e-01
-1.796326190233230591e-01
-8.374352753162384033e-02
9.389702230691909790e-02
-1.337267458438873291e-01
-1.668787002563476562e-01
-3.500860631465911865e-01
-6.423670053482055664e-02
3.780027329921722412e-01
8.958863466978073120e-02
-1.143012642860412598e-01
1.169425994157791138e-01
-5.327911674976348877e-02
-2.093121036887168884e-02
1.190455779433250427e-01
1.906362622976303101e-01
1.909209974110126495e-02
9.753547608852386475e-02
-6.082455441355705261e-02
4.439306259155273438e-02
2.758415937423706055e-01
-5.085636675357818604e-02
-2.225621975958347321e-02
1.603083610534667969e-01
-1.409551966935396194e-02
9.229412674903869629e-02
1.173301320523023605e-02
2.526449598371982574e-02
-9.565545618534088135e-02
7.148219645023345947e-02
-8.531887829303741455e-02
5.701581761240959167e-02
-8.772745728492736816e-03
4.836203902959823608e-02
4.190838895738124847e-03
4.345998913049697876e-02
-1.124832704663276672e-01
1.101009473204612732e-01
-2.180615440011024475e-02
-2.367525175213813782e-02
2.798980567604303360e-03
5.424873158335685730e-02
-6.077191978693008423e-02
-9.138744324445724487e-02
1.022304594516754150e-01
-2.160938978195190430e-01
1.913641244173049927e-01
1.659400165081024170e-01
1.014076918363571167e-01
1.247385889291763306e-01
1.025037243962287903e-01
1.045208051800727844e-01
-5.716757476329803467e-02
7.000006735324859619e-03
-2.151854932308197021e-01
-8.667094632983207703e-03
1.052245125174522400e-01
-6.478245556354522705e-02
1.504409462213516235e-01
-8.916253224015235901e-03
