-4.569901525974273682e-02
3.184838965535163879e-02
5.648322403430938721e-02
-1.026941686868667603e-01
-9.805348515510559082e-02
-2.171307429671287537e-02
-9.305647015571594238e-02
-1.111510097980499268e-01
2.249138355255126953e-01
-1.715243309736251831e-01
2.614201009273529053e-01
-4.430578276515007019e-02
-2.201058864593505859e-01
-7.127034664154052734e-02
-6.143264472484588623e-02
1.873716562986373901e-01
-2.207673639059066772e-01
-1.127657145261764526e-01
-9.358767420053482056e-03
2.957833372056484222e-02
1.277763210237026215e-02
-1.608942821621894836e-02
9.702379256486892700e-02
4.746574535965919495e-02
-1.343858242034912109e-01
-4.516911506652832031e-01
-1.290732771158218384e-01
-1.310815066099166870e-01
-7.877229154109954834e-02
-4.907898604869842529e-02
-7.533220201730728149e-02
2.336080931127071381e-02
-2.160274684429168701e-01
-1.744659058749675751e-02
-9.922042489051818848e-03
6.179670989513397217e-02
-4.284646734595298767e-02
-1.007482782006263733e-01
1.573191881179809570e-01
-1.938709989190101624e-03
-2.831145524978637695e-01
3.210239112377166748e-02
-3.096384927630424500e-02
2.488980442285537720e-01
1.727990061044692993e-01
-4.769661463797092438e-03
1.077544409781694412e-02
-1.118090748786926270e-01
1.370158642530441284e-01
-1.830262392759323120e-01
3.040371462702751160e-02
1.402381360530853271e-01
3.122621914371848106e-03
2.001653052866458893e-02
1.900619827210903168e-03
-5.217597633600234985e-02
6.375322490930557251e-02
1.399736255407333374e-01
-1.337559372186660767e-01
-5.488491430878639221e-02
9.585889428853988647e-02
-3.711186721920967102e-02
2.311573550105094910e-02
-6.930815428495407104e-02
2.414661794900894165e-01
8.022824674844741821e-02
-1.327022016048431396e-01
-1.494336277246475220e-01
6.330076605081558228e-02
-1.470265686511993408e-01
5.515897646546363831e-03
6.779842823743820190e-02
-2.126578837633132935e-01
-2.609593868255615234e-01
-2.964861094951629639e-01
7.269326597452163696e-03
3.727872669696807861e-01
1.604368835687637329e-01
-1.317416280508041382e-01
2.566009014844894409e-02
-1.228662431240081787e-01
3.364829719066619873e-02
1.081523373723030090e-01
1.522152125835418701e-01
2.704336680471897125e-02
1.129532828927040100e-01
-1.140164509415626526e-01
6.457819789648056030e-02
2.264712154865264893e-01
-1.032799631357192993e-01
-2.356934547424316406e-02
3.040788471698760986e-01
-3.644382208585739136e-02
7.304111123085021973e-02
-1.087857037782669067e-02
3.804879728704690933e-03
-6.859123706817626953e-02
4.187141731381416321e-02
-1.461997032165527344e-01
3.901535272598266602e-02
4.544479027390480042e-02
3.256400302052497864e-02
-2.490394748747348785e-02
1.004796251654624939e-01
-1.985815316438674927e-01
1.001626029610633850e-01
-9.901679120957851410e-03
1.333485543727874756e-02
5.215154588222503662e-02
-1.741542667150497437e-02
-7.526601850986480713e-02
-1.321108192205429077e-01
1.198306083679199219e-01
-2.548808753490447998e-01
1.433779150247573853e-01
1.961103677749633789e-01
1.391802579164505005e-01
1.422134190797805786e-01
6.197056174278259277e-02
-4.028297960758209229e-03
-7.720652967691421509e-02
-7.122260332107543945e-02
-2.305490970611572266e-01
3.116657771170139313e-02
9.903439134359359741e-02
2.113684453070163727e-02
9.383437037467956543e-02
-3.140108287334442139e-02
