-5.113582313060760498e-02
3.523691371083259583e-02
4.297486320137977600e-02
-1.321221739053726196e-01
-1.679409146308898926e-01
-8.683563768863677979e-02
-5.141689255833625793e-02
-1.041876226663589478e-01
1.732542663812637329e-01
-1.586297899484634399e-01
2.156706303358078003e-01
-3.131017461419105530e-02
-2.157116681337356567e-01
-1.001188978552818298e-01
-1.107754632830619812e-01
2.298106551170349121e-01
-1.810555607080459595e-01
-1.687816828489303589e-01
-3.416614606976509094e-02
4.564906656742095947e-02
1.095978766679763794e-01
1.086047291755676270e-02
2.809593454003334045e-02
2.126841247081756592e-02
-7.401870936155319214e-02
-3.924277722835540771e-01
-9.389375895261764526e-02
-1.141486316919326782e-02
-4.595240950584411621e-02
4.784216638654470444e-03
-5.786834284663200378e-03
8.566580712795257568e-02
-1.970972716808319092e-01
-1.890927553176879883e-02
7.193603366613388062e-02
6.075625866651535034e-02
-7.155328989028930664e-03
-8.458637446165084839e-02
1.161468848586082458e-01
2.756609581410884857e-03
-3.165380358695983887e-01
-1.248593442142009735e-02
9.202649444341659546e-02
1.853285431861877441e-01
1.533689796924591064e-01
5.334652494639158249e-03
2.409865520894527435e-02
-1.590655297040939331e-01
1.325903236865997314e-01
-1.869594603776931763e-01
-1.179880648851394653e-02
1.223423033952713013e-01
6.096466630697250366e-02
3.761525452136993408e-02
3.311698511242866516e-02
-7.755887508392333984e-02
8.104921877384185791e-02
1.797662377357482910e-01
-1.858794987201690674e-01
-1.953218877315521240e-02
1.085982471704483032e-01
-1.100049540400505066e-01
-8.491129428148269653e-02
-1.564434319734573364e-01
2.082142084836959839e-01
8.086591958999633789e-02
-1.534612774848937988e-01
-2.215872704982757568e-01
1.280846744775772095e-01
-1.633219271898269653e-01
-9.070192277431488037e-02
5.276735872030258179e-02
-1.634464114904403687e-01
-1.861528754234313965e-01
-2.956069409847259521e-01
-1.152664050459861755e-02
3.545219600200653076e-01
1.680383682250976562e-01
-1.405183374881744385e-01
3.894577547907829285e-02
1.106477808207273483e-02
8.456095308065414429e-02
9.430536627769470215e-02
1.637698858976364136e-01
-1.160811912268400192e-02
6.223317980766296387e-02
-7.791702449321746826e-02
-3.566081635653972626e-03
1.856900900602340698e-01
-8.125740289688110352e-02
-2.439674362540245056e-02
2.444782555103302002e-01
-3.125596791505813599e-02
1.067645102739334106e-01
-2.806372381746768951e-02
-1.537690591067075729e-02
-5.626629292964935303e-02
7.583575695753097534e-02
-1.432123929262161255e-01
3.891080990433692932e-02
2.295351028442382812e-02
-2.007768303155899048e-02
1.353472098708152771e-02
9.144079685211181641e-02
-7.731450349092483521e-02
6.032975018024444580e-02
-6.226263195276260376e-02
4.995730519294738770e-02
2.474061585962772369e-02
-3.029837040230631828e-03
-7.069072127342224121e-02
-1.122690141201019287e-01
3.791171312332153320e-02
-1.858782768249511719e-01
2.436324059963226318e-01
1.775636523962020874e-01
1.204090490937232971e-01
9.768697619438171387e-02
1.215518712997436523e-01
5.855447426438331604e-02
-1.924448646605014801e-03
-6.406531482934951782e-02
-1.767460554838180542e-01
-1.360915694385766983e-02
1.206466555595397949e-01
-8.790666610002517700e-02
9.209915250539779663e-02
-5.758848786354064941e-02
