-7.365766167640686035e-02
5.785974115133285522e-02
2.966868132352828979e-02
-1.174875497817993164e-01
-1.047759503126144409e-01
-2.940046973526477814e-02
-4.991263523697853088e-02
-2.116296738386154175e-01
1.691400408744812012e-01
-1.504846066236495972e-01
2.566569149494171143e-01
-9.099876135587692261e-02
-2.492138594388961792e-01
-8.426683396100997925e-02
-6.919885426759719849e-02
2.474065870046615601e-01
-2.239423394203186035e-01
-1.482186019420623779e-01
6.077378056943416595e-03
4.079481959342956543e-02
5.629153549671173096e-02
-7.004480808973312378e-02
4.873440414667129517e-02
7.543875277042388916e-02
-1.277989596128463745e-01
-3.994722366333007812e-01
-1.149857118725776672e-01
-1.014035642147064209e-01
-9.891584515571594238e-02
-2.086141891777515411e-02
-3.430875018239021301e-02
3.112690150737762451e-02
-1.979056894779205322e-01
5.215859971940517426e-03
2.078825980424880981e-02
2.751418389379978180e-02
3.098722081631422043e-03
-1.558551788330078125e-01
1.571939587593078613e-01
2.829911746084690094e-02
-2.762978971004486084e-01
-3.679786995053291321e-02
8.769124746322631836e-02
1.947837024927139282e-01
1.082502305507659912e-01
-9.784772992134094238e-03
5.024494975805282593e-02
-1.304425746202468872e-01
1.313839852809906006e-01
-1.944740414619445801e-01
-3.031728230416774750e-02
7.965258508920669556e-02
4.860851541161537170e-02
-2.694104239344596863e-02
2.323398739099502563e-02
-1.000154018402099609e-01
5.158960074186325073e-02
1.563883870840072632e-01
-1.954746842384338379e-01
-6.903895642608404160e-03
1.131112203001976013e-01
-6.477060914039611816e-02
-8.559709042310714722e-02
-1.342174708843231201e-01
2.727299034595489502e-01
1.873607635498046875e-01
-1.608773618936538696e-01
-1.487963199615478516e-01
9.845849871635437012e-02
-1.054770722985267639e-01
-6.864071637392044067e-02
-9.536972269415855408e-03
-1.660656929016113281e-01
-2.291720360517501831e-01
-2.768052518367767334e-01
-2.957311458885669708e-02
3.762191534042358398e-01
1.111787855625152588e-01
-1.742311716079711914e-01
1.369175873696804047e-02
-6.204532086849212646e-02
5.506082996726036072e-02
1.258899569511413574e-01
1.741830408573150635e-01
3.443510830402374268e-02
4.080209881067276001e-02
-6.811023503541946411e-02
-3.188392147421836853e-02
2.158674597740173340e-01
-9.653577953577041626e-02
2.131701260805130005e-02
2.432369291782379150e-01
-9.158211946487426758e-02
2.244115062057971954e-02
-4.976946860551834106e-02
-6.685941945761442184e-03
-1.165187507867813110e-01
8.691248297691345215e-02
-8.878909051418304443e-02
1.688280515372753143e-02
1.222976762801408768e-02
-6.979123689234256744e-03
1.410254091024398804e-02
8.243960142135620117e-02
-2.095014899969100952e-01
2.715018764138221741e-02
-1.834003254771232605e-02
-2.432836405932903290e-02
8.050465583801269531e-02
-2.022859454154968262e-02
-7.468095421791076660e-02
-1.112095341086387634e-01
6.397030502557754517e-02
-2.667630016803741455e-01
1.790686994791030884e-01
1.847402006387710571e-01
4.811557754874229431e-02
1.169058978557586670e-01
6.895652413368225098e-02
7.082229852676391602e-02
-1.148933824151754379e-02
-5.902112461626529694e-03
-2.043683975934982300e-01
-2.144232578575611115e-02
1.233369261026382446e-01
-5.345980077981948853e-02
4.619439691305160522e-02
-8.464375138282775879e-02
