-9.538019448518753052e-02
4.105269536375999451e-02
3.788504004478454590e-02
-1.237310692667961121e-01
-1.424690186977386475e-01
5.666539818048477173e-02
-9.767611324787139893e-02
-1.273981034755706787e-01
1.809211522340774536e-01
-2.211342304944992065e-01
2.288849502801895142e-01
-8.531466871500015259e-02
-2.063291519880294800e-01
-1.013752892613410950e-01
-6.624726951122283936e-02
2.247193604707717896e-01
-2.081247270107269287e-01
-1.321722120046615601e-01
-2.463110908865928650e-02
1.019402313977479935e-02
2.354674600064754486e-02
-7.666868716478347778e-02
1.393762044608592987e-02
3.467221185564994812e-02
-1.250243037939071655e-01
-4.155482351779937744e-01
-1.033767759799957275e-01
-4.570448026061058044e-02
-4.339441657066345215e-02
-5.997603014111518860e-02
-9.480141103267669678e-02
3.187608346343040466e-02
-2.308488488197326660e-01
-1.782967150211334229e-02
-3.595382347702980042e-02
1.271265000104904175e-01
-2.555075287818908691e-02
-9.813857078552246094e-02
4.971573501825332642e-02
-1.312902569770812988e-02
-2.334537208080291748e-01
-4.286730289459228516e-02
5.613343417644500732e-02
1.638416498899459839e-01
1.558140665292739868e-01
3.568954393267631531e-02
2.703296765685081482e-02
-1.151619553565979004e-01
1.218332499265670776e-01
-2.084796875715255737e-01
1.884971186518669128e-02
5.987969040870666504e-02
2.261284552514553070e-02
4.260273277759552002e-02
-5.301237106323242188e-04
-1.060647740960121155e-01
6.460403650999069214e-02
1.742110550403594971e-01
-1.291930973529815674e-01
3.727096691727638245e-02
1.062631011009216309e-01
-9.987676888704299927e-02
-5.184828862547874451e-02
-5.426560342311859131e-02
2.676318585872650146e-01
2.005290389060974121e-01
-1.110350340604782104e-01
-2.117127031087875366e-01
1.447358429431915283e-01
-1.246628984808921814e-01
-3.043338656425476074e-02
2.233579754829406738e-03
-1.108700037002563477e-01
-2.004154920578002930e-01
-2.961479425430297852e-01
7.783098146319389343e-03
3.964972198009490967e-01
1.356965750455856323e-01
-1.256011575460433960e-01
-7.718401961028575897e-03
-4.662444815039634705e-02
2.791649475693702698e-02
1.520567983388900757e-01
1.628841459751129150e-01
-1.009666919708251953e-02
1.352479215711355209e-02
-8.900585025548934937e-02
3.466824442148208618e-02
2.366264462471008301e-01
-5.008025839924812317e-02
8.345724083483219147e-03
2.248485982418060303e-01
-5.403129011392593384e-02
5.483877658843994141e-02
-8.010607212781906128e-03
3.441830351948738098e-02
-9.713140130043029785e-02
1.152392253279685974e-01
-1.020034402608871460e-01
4.331946745514869690e-02
5.110584944486618042e-02
-6.494884938001632690e-02
-4.260230343788862228e-03
8.174571394920349121e-02
-1.284811049699783325e-01
9.161159396171569824e-02
-3.848152980208396912e-02
3.678052127361297607e-02
7.925055176019668579e-02
-3.205916658043861389e-02
-9.705063700675964355e-02
-7.795082032680511475e-02
1.068178340792655945e-01
-2.534231841564178467e-01
1.773581802845001221e-01
1.999351233243942261e-01
1.114047095179557800e-01
1.557457745075225830e-01
1.373485028743743896e-01
1.057554334402084351e-01
4.132257774472236633e-02
-4.938200116157531738e-02
-2.162165194749832153e-01
8.169243112206459045e-03
6.961378455162048340e-02
-7.835382223129272461e-02
4.372627288103103638e-02
3.668270073831081390e-04
