-1.373281329870223999e-01
6.046290695667266846e-02
2.289178222417831421e-02
-1.406818628311157227e-01
-1.337514817714691162e-01
4.720878321677446365e-03
-1.000435873866081238e-01
-1.104682385921478271e-01
1.559567153453826904e-01
-1.614369750022888184e-01
2.650879621505737305e-01
-3.033062815666198730e-02
-1.543137431144714355e-01
-6.297548860311508179e-02
-6.371520459651947021e-02
2.308456897735595703e-01
-2.355214357376098633e-01
-1.791767477989196777e-01
-1.203111093491315842e-02
-1.084244716912508011e-02
6.954187061637639999e-03
4.711540788412094116e-02
3.677087277173995972e-02
7.286296039819717407e-02
-1.299292594194412231e-01
-3.841022849082946777e-01
-6.672445684671401978e-02
-1.039865612983703613e-01
-3.441738709807395935e-02
3.677649050951004028e-02
5.646189209073781967e-03
3.653690591454505920e-02
-1.922938376665115356e-01
1.829257421195507050e-02
5.266892164945602417e-02
1.161543875932693481e-01
5.992553010582923889e-02
-4.007615614682435989e-03
1.133833080530166626e-01
1.528113614767789841e-02
-2.920930981636047363e-01
-1.359539479017257690e-02
9.800490736961364746e-02
2.443824857473373413e-01
1.910238713026046753e-01
3.946237638592720032e-02
4.011368378996849060e-03
-9.007059782743453979e-02
9.537180513143539429e-02
-2.026999145746231079e-01
5.728374794125556946e-02
4.360171407461166382e-02
4.783932492136955261e-02
-1.476599182933568954e-02
6.471223384141921997e-02
-1.381767988204956055e-01
7.511387579143047333e-03
1.613339632749557495e-01
-1.340689510107040405e-01
1.958061940968036652e-03
3.382495045661926270e-02
-3.686029836535453796e-02
-8.171819150447845459e-03
-1.363159865140914917e-01
3.029384315013885498e-01
1.718764007091522217e-01
-1.329541504383087158e-01
-2.220099717378616333e-01
1.422647237777709961e-01
-1.444386094808578491e-01
-1.380531936883926392e-01
8.006712049245834351e-02
-1.321573555469512939e-01
-1.271068304777145386e-01
-3.438336253166198730e-01
-5.387786403298377991e-02
4.021944403648376465e-01
1.162406653165817261e-01
-1.989451050758361816e-01
4.361920803785324097e-02
2.577693574130535126e-02
2.927810326218605042e-02
1.245675757527351379e-01
1.665613949298858643e-01
2.814380452036857605e-03
5.427432432770729065e-02
-8.680165559053421021e-02
-7.388739287853240967e-02
2.289562076330184937e-01
-8.495244197547435760e-03
-6.855201721191406250e-02
1.958045959472656250e-01
-9.062711894512176514e-02
6.111938133835792542e-02
4.810073226690292358e-02
4.917369037866592407e-02
-9.284070134162902832e-02
2.847359701991081238e-02
-1.602380424737930298e-01
-6.491973251104354858e-02
-2.794246375560760498e-02
1.775023341178894043e-02
-2.079963311553001404e-02
1.122244447469711304e-01
-1.545228064060211182e-01
1.157698035240173340e-01
-6.708177924156188965e-02
3.898244351148605347e-02
-1.550714951008558273e-03
9.169815480709075928e-02
-5.604623816907405853e-03
-4.598773643374443054e-02
1.288469284772872925e-01
-2.147974222898483276e-01
2.133742272853851318e-01
1.500632762908935547e-01
3.408420085906982422e-02
1.605516225099563599e-01
1.145572215318679810e-01
6.429181247949600220e-02
-6.243822351098060608e-02
2.004731819033622742e-02
-2.072708010673522949e-01
-5.389276146888732910e-02
4.120796173810958862e-02
-1.347829103469848633e-01
1.557718366384506226e-01
3.420351073145866394e-02
