-1.445252001285552979e-01
9.876713901758193970e-02
3.668493032455444336e-02
-1.211953312158584595e-01
-8.441986888647079468e-02
9.320833720266819000e-03
-4.075449705123901367e-02
-1.556314229965209961e-01
1.620035022497177124e-01
-1.556466519832611084e-01
2.921622395515441895e-01
-1.124452129006385803e-01
-1.685135662555694580e-01
-1.023877039551734924e-01
-8.216205239295959473e-02
2.183203995227813721e-01
-2.427492588758468628e-01
-1.520841270685195923e-01
-1.483468338847160339e-03
-7.741052191704511642e-03
8.134742826223373413e-02
5.921891890466213226e-03
-9.639940224587917328e-03
6.712925434112548828e-02
-1.511464715003967285e-01
-3.637807965278625488e-01
-8.660827577114105225e-02
-1.029033735394477844e-01
3.001586161553859711e-02
-1.713019981980323792e-02
-4.829636588692665100e-02
7.268510013818740845e-02
-2.689240574836730957e-01
-3.203487396240234375e-02
-1.622679643332958221e-03
1.261813640594482422e-01
2.662394195795059204e-02
-3.699364513158798218e-02
1.057607233524322510e-01
-1.497084088623523712e-02
-2.207112312316894531e-01
1.109611894935369492e-02
9.874121099710464478e-02
2.088730186223983765e-01
1.215545684099197388e-01
7.731979712843894958e-03
1.256029214709997177e-02
-1.069518700242042542e-01
8.493818342685699463e-02
-1.311121284961700439e-01
-2.086867392063140869e-02
9.850801527500152588e-02
6.911396235227584839e-02
3.493845090270042419e-02
1.663443073630332947e-02
-1.334594786167144775e-01
9.996987879276275635e-03
1.293269842863082886e-01
-1.274095177650451660e-01
2.878707833588123322e-02
5.613327026367187500e-02
-6.016524508595466614e-02
-4.007374495267868042e-02
-1.003819182515144348e-01
2.057793587446212769e-01
1.087351664900779724e-01
-1.022168174386024475e-01
-2.052884548902511597e-01
1.341089457273483276e-01
-9.451749920845031738e-02
-7.357128709554672241e-02
5.795332416892051697e-02
-1.407917141914367676e-01
-1.458774954080581665e-01
-3.036031723022460938e-01
-8.265841752290725708e-04
3.834593594074249268e-01
4.086607694625854492e-02
-1.490864902734756470e-01
7.815913110971450806e-02
9.899636730551719666e-03
-2.867951616644859314e-02
1.202600151300430298e-01
1.466258317232131958e-01
4.026047885417938232e-03
4.646243155002593994e-02
-7.114503532648086548e-02
4.659013450145721436e-02
2.146470695734024048e-01
-4.536159709095954895e-02
1.800247468054294586e-02
1.676097512245178223e-01
-1.138009801506996155e-01
5.213838815689086914e-02
-1.222243253141641617e-02
4.333622753620147705e-02
-1.003929451107978821e-01
9.702999144792556763e-02
-8.880730718374252319e-02
2.540647983551025391e-02
2.290600538253784180e-02
-4.408283159136772156e-02
-5.094883218407630920e-02
9.734227508306503296e-02
-1.505631953477859497e-01
6.232869625091552734e-02
-1.455013360828161240e-02
1.357576716691255569e-02
1.462824176996946335e-03
1.802735961973667145e-02
-6.632023304700851440e-02
-2.465063519775867462e-02
1.103746145963668823e-01
-2.250340431928634644e-01
2.419162243604660034e-01
1.808204054832458496e-01
-1.159063819795846939e-02
1.164930090308189392e-01
1.261092275381088257e-01
6.404325366020202637e-02
5.484770983457565308e-03
1.288358960300683975e-02
-2.326718717813491821e-01
-5.766917020082473755e-02
1.010548323392868042e-01
-1.117996647953987122e-01
6.718027591705322266e-02
-3.562384843826293945e-02
