-9.454762190580368042e-02
3.970827534794807434e-02
-3.522075247019529343e-03
-1.287308037281036377e-01
-1.368931680917739868e-01
-8.663321286439895630e-02
-8.906934410333633423e-02
-1.538475453853607178e-01
1.280691325664520264e-01
-1.208331137895584106e-01
2.434509992599487305e-01
-4.790342599153518677e-02
-2.033108025789260864e-01
-1.267571002244949341e-01
-2.819868177175521851e-02
2.143556773662567139e-01
-2.378550022840499878e-01
-1.882766634225845337e-01
-6.119681149721145630e-02
6.708799861371517181e-03
7.490648329257965088e-02
5.986572243273258209e-03
4.864763468503952026e-02
5.857219547033309937e-02
-1.442794799804687500e-01
-3.714396953582763672e-01
-8.782052248716354370e-02
-5.077141523361206055e-02
-6.567174568772315979e-04
-3.521168977022171021e-02
5.914538167417049408e-03
2.537050098180770874e-02
-2.189496010541915894e-01
-2.406946010887622833e-02
6.782954931259155273e-02
9.211425483226776123e-02
2.405022270977497101e-02
-9.675832092761993408e-02
1.500118076801300049e-01
-1.038542669266462326e-02
-3.206540346145629883e-01
1.114225853234529495e-02
7.808337360620498657e-02
1.999590098857879639e-01
1.928416341543197632e-01
1.796628907322883606e-02
3.749365359544754028e-02
-1.823086738586425781e-01
1.384030878543853760e-01
-1.428517401218414307e-01
-1.231521181762218475e-02
1.302176713943481445e-01
4.354787617921829224e-02
-1.338240690529346466e-03
-9.853599593043327332e-03
-1.002894043922424316e-01
4.553709551692008972e-02
1.349454224109649658e-01
-1.729224920272827148e-01
-7.444737851619720459e-02
1.444832086563110352e-01
-5.407791584730148315e-02
-2.720746211707592010e-02
-1.617746502161026001e-01
1.998888701200485229e-01
4.612714797258377075e-02
-1.603201031684875488e-01
-2.008952498435974121e-01
9.728244692087173462e-02
-1.723866611719131470e-01
-9.081789106130599976e-02
5.193401873111724854e-02
-1.426665037870407104e-01
-1.868689209222793579e-01
-3.414264917373657227e-01
-6.639528274536132812e-02
3.329823315143585205e-01
1.062797009944915771e-01
-1.721285432577133179e-01
4.190154373645782471e-02
-1.880762912333011627e-02
4.404053092002868652e-02
1.038775965571403503e-01
1.559234559535980225e-01
3.615530207753181458e-03
8.595225214958190918e-02
-1.020832061767578125e-01
9.605054743587970734e-03
2.395116090774536133e-01
-7.310037314891815186e-02
3.125268965959548950e-02
2.288309037685394287e-01
-6.580022163689136505e-03
8.744079619646072388e-02
1.682853512465953827e-02
5.152270570397377014e-02
-1.001953631639480591e-01
7.041849195957183838e-02
-1.184455081820487976e-01
6.659848242998123169e-02
-2.135104686021804810e-02
2.193576097488403320e-02
4.080500081181526184e-02
8.468248695135116577e-02
-8.447259664535522461e-02
1.308150589466094971e-01
-1.425618119537830353e-02
3.602662682533264160e-02
-2.201414294540882111e-02
-1.211486849933862686e-02
-5.213346332311630249e-02
-1.294262111186981201e-01
6.907686591148376465e-02
-2.000603973865509033e-01
1.793433427810668945e-01
1.980321109294891357e-01
9.880429506301879883e-02
1.133252754807472229e-01
1.225348711013793945e-01
8.107304573059082031e-02
-7.122449576854705811e-02
-3.180718049407005310e-04
-2.189173549413681030e-01
-2.953044371679425240e-03
6.736218184232711792e-02
-8.834595978260040283e-02
1.218941584229469299e-01
-2.073490805923938751e-02
