-1.414585560560226440e-01
8.789432048797607422e-02
7.999916560947895050e-04
-8.704726397991180420e-02
-1.295091807842254639e-01
-5.451412871479988098e-02
-5.502703040838241577e-02
-1.167202517390251160e-01
2.094347625970840454e-01
-1.412579119205474854e-01
2.416463196277618408e-01
-2.781934291124343872e-02
-1.493452191352844238e-01
-1.308644264936447144e-01
-6.023667752742767334e-02
2.422128170728683472e-01
-2.641839683055877686e-01
-1.744313240051269531e-01
-3.215660527348518372e-02
3.288643434643745422e-02
8.840676397085189819e-02
1.868251338601112366e-02
5.084786564111709595e-02
5.242920666933059692e-02
-1.104969084262847900e-01
-3.807838261127471924e-01
-3.491701185703277588e-02
-7.055228203535079956e-02
-5.087195336818695068e-02
-1.427611149847507477e-02
2.447947300970554352e-02
7.392449676990509033e-02
-1.909089684486389160e-01
-2.075100317597389221e-02
1.386265363544225693e-02
1.089323088526725769e-01
2.293979283422231674e-03
7.563166320323944092e-03
1.638980805873870850e-01
-8.528599515557289124e-03
-3.192841410636901855e-01
1.277120318263769150e-02
8.986670523881912231e-02
2.368540614843368530e-01
1.870397925376892090e-01
3.845934197306632996e-02
-2.219608239829540253e-02
-1.507446169853210449e-01
1.565352976322174072e-01
-2.044253498315811157e-01
-2.512498199939727783e-02
1.118963286280632019e-01
6.180911883711814880e-02
-5.779632367193698883e-03
4.964899644255638123e-02
-8.882467448711395264e-02
4.146687313914299011e-02
1.448627561330795288e-01
-1.810175776481628418e-01
-1.369648613035678864e-02
6.784221529960632324e-02
-7.423342764377593994e-02
-3.373017162084579468e-02
-1.258860230445861816e-01
2.314892709255218506e-01
1.064708679914474487e-01
-1.093109846115112305e-01
-2.044932693243026733e-01
1.054287180304527283e-01
-1.381703168153762817e-01
-1.555034667253494263e-01
9.995705634355545044e-02
-1.053700894117355347e-01
-2.120522409677505493e-01
-3.386003673076629639e-01
-7.074347138404846191e-02
3.900379538536071777e-01
9.009654074907302856e-02
-1.780472844839096069e-01
4.522325843572616577e-02
2.569601312279701233e-02
-1.382064074277877808e-02
1.299994885921478271e-01
1.594283729791641235e-01
-1.789506524801254272e-02
2.804838865995407104e-02
-1.306942254304885864e-01
-4.805820807814598083e-02
2.237867712974548340e-01
-4.650306701660156250e-02
-2.579939365386962891e-02
2.162671536207199097e-01
-1.154265459626913071e-02
8.375693857669830322e-02
-1.479262858629226685e-02
1.757665164768695831e-02
-7.221862673759460449e-02
1.185446977615356445e-01
-1.823758035898208618e-01
-4.089856147766113281e-02
2.831947617232799530e-02
-1.074383035302162170e-04
-1.054949034005403519e-02
5.346331745386123657e-02
-1.296037584543228149e-01
1.146203130483627319e-01
-1.629195176064968109e-02
5.550262704491615295e-02
5.705594550818204880e-03
3.212094679474830627e-02
-6.946895271539688110e-02
-4.295263066887855530e-02
9.777688980102539062e-02
-1.943964958190917969e-01
2.458996772766113281e-01
1.660434305667877197e-01
5.643812939524650574e-02
1.388818919658660889e-01
1.292325556278228760e-01
6.864959001541137695e-02
-5.527780205011367798e-02
2.618578262627124786e-03
-2.110055536031723022e-01
-2.261021174490451813e-02
9.700369089841842651e-02
-8.892349898815155029e-02
1.390085965394973755e-01
8.989320136606693268e-03
