-1.048611253499984741e-01
4.897361993789672852e-02
3.566259145736694336e-02
-1.444894522428512573e-01
-1.379230022430419922e-01
-1.544998399913311005e-02
-8.164200186729431152e-02
-1.377288103103637695e-01
1.617254316806793213e-01
-2.091991454362869263e-01
2.904337942600250244e-01
-1.144391968846321106e-01
-1.976755857467651367e-01
-8.851177245378494263e-02
-9.879761189222335815e-02
2.393787503242492676e-01
-1.528302431106567383e-01
-1.495495885610580444e-01
3.526921570301055908e-02
-4.451923072338104248e-03
6.421156227588653564e-02
-7.510447874665260315e-03
2.211057208478450775e-02
6.897987425327301025e-02
-1.185986697673797607e-01
-3.757050335407257080e-01
-1.378608793020248413e-01
-6.160438805818557739e-02
-1.093007065355777740e-02
-4.283431172370910645e-02
-5.833339318633079529e-02
9.586218744516372681e-02
-1.966784298419952393e-01
1.065061613917350769e-02
2.491870895028114319e-02
1.633736640214920044e-01
-4.607963562011718750e-02
-6.364691257476806641e-02
1.049683541059494019e-01
1.457102410495281219e-02
-2.585588991641998291e-01
-4.200090840458869934e-02
7.557384669780731201e-02
2.258928567171096802e-01
8.134527504444122314e-02
1.106918510049581528e-02
3.301962465047836304e-02
-1.509608179330825806e-01
8.264050632715225220e-02
-1.549400091171264648e-01
3.484129905700683594e-02
1.184970736503601074e-01
4.093161970376968384e-02
4.973631724715232849e-02
-9.122136980295181274e-03
-1.026237979531288147e-01
9.886229038238525391e-02
1.425604522228240967e-01
-1.811780184507369995e-01
-2.031448297202587128e-02
1.271067410707473755e-01
-8.938053250312805176e-02
-6.275732815265655518e-02
-8.432323485612869263e-02
2.336548715829849243e-01
1.843052059412002563e-01
-1.086162105202674866e-01
-2.239297628402709961e-01
1.606878489255905151e-01
-1.345673054456710815e-01
-6.669756025075912476e-02
6.568145751953125000e-02
-1.565870791673660278e-01
-1.704137325286865234e-01
-2.771440744400024414e-01
-1.504686661064624786e-02
3.870132863521575928e-01
1.014343202114105225e-01
-7.527591288089752197e-02
6.521823257207870483e-02
-1.898022834211587906e-03
3.345101140439510345e-04
1.104037016630172729e-01
1.509308516979217529e-01
-2.529461495578289032e-02
4.877785593271255493e-02
-9.112477302551269531e-02
5.620501190423965454e-02
1.925567090511322021e-01
-9.848289936780929565e-02
2.513151243329048157e-02
1.558864712715148926e-01
-5.363016948103904724e-02
9.258143603801727295e-02
1.047728490084409714e-02
5.279712378978729248e-02
-1.067645326256752014e-01
9.597226977348327637e-02
-1.030054837465286255e-01
2.797429077327251434e-02
-9.359298273921012878e-03
-5.821583047509193420e-02
-2.772553451359272003e-02
7.805972546339035034e-02
-1.541455686092376709e-01
1.440121978521347046e-01
-8.715433068573474884e-03
-2.015816420316696167e-02
8.768131956458091736e-04
-5.580400116741657257e-03
-5.382362008094787598e-02
-5.654034391045570374e-02
8.517973124980926514e-02
-2.158516347408294678e-01
2.082551866769790649e-01
1.630647033452987671e-01
1.068643033504486084e-01
1.477580368518829346e-01
1.450777947902679443e-01
9.119663387537002563e-02
-1.146601792424917221e-02
-9.435221552848815918e-02
-2.306236326694488525e-01
-1.347042340785264969e-02
7.177920639514923096e-02
-8.910833299160003662e-02
4.965100437402725220e-02
-2.288082987070083618e-02
