-5.834981426596641541e-02
4.322838038206100464e-02
2.533836755901575089e-03
-8.070653676986694336e-02
-1.089443266391754150e-01
3.452098928391933441e-03
-1.060458794236183167e-01
-1.866078972816467285e-01
1.402771621942520142e-01
-1.126819700002670288e-01
2.793745994567871094e-01
-5.907418206334114075e-02
-1.964514255523681641e-01
-6.056118384003639221e-02
-6.153483316302299500e-02
1.754339635372161865e-01
-2.306558787822723389e-01
-1.700013726949691772e-01
-4.198358207941055298e-02
5.852676928043365479e-02
5.813285242766141891e-04
1.948876865208148956e-02
2.505168877542018890e-02
2.153689041733741760e-02
-1.317386329174041748e-01
-3.911807537078857422e-01
-1.142558678984642029e-01
-8.633048832416534424e-02
6.009911745786666870e-02
-4.644756391644477844e-02
-7.529669255018234253e-02
-1.950781419873237610e-02
-1.815232634544372559e-01
-1.607196591794490814e-02
5.792247503995895386e-02
7.325883209705352783e-02
7.077270653098821640e-03
-1.517469137907028198e-01
1.548611521720886230e-01
1.486227288842201233e-02
-2.762627601623535156e-01
1.733379904180765152e-03
8.302430063486099243e-02
2.202447652816772461e-01
1.476229131221771240e-01
1.858632639050483704e-02
1.652274280786514282e-02
-1.668361872434616089e-01
1.382822692394256592e-01
-1.394143551588058472e-01
3.618950024247169495e-03
8.531987667083740234e-02
1.049816235899925232e-01
1.797099038958549500e-02
-1.491956412792205811e-03
-1.583734303712844849e-01
1.485994923859834671e-02
1.826741397380828857e-01
-1.877695769071578979e-01
2.689594961702823639e-02
6.610827147960662842e-02
9.096667170524597168e-03
3.921739012002944946e-02
-1.133376508951187134e-01
2.363961338996887207e-01
9.663657099008560181e-02
-1.208660304546356201e-01
-1.708937585353851318e-01
1.455064415931701660e-01
-1.044493466615676880e-01
-6.003678590059280396e-02
3.595681115984916687e-02
-1.635560095310211182e-01
-2.408023178577423096e-01
-2.931672334671020508e-01
-3.313534334301948547e-02
4.143829643726348877e-01
9.543031454086303711e-02
-1.572598665952682495e-01
3.371926490217447281e-03
-1.945719681680202484e-02
-3.088352084159851074e-02
9.748430550098419189e-02
1.101656630635261536e-01
-1.987473294138908386e-02
7.814998738467693329e-03
-1.071788892149925232e-01
-8.838118053972721100e-03
3.136389553546905518e-01
-6.712038069963455200e-02
6.576759275048971176e-03
1.743203401565551758e-01
-7.688081264495849609e-02
6.407092511653900146e-02
-2.161599230021238327e-03
5.201413482427597046e-02
-1.191850453615188599e-01
1.039641201496124268e-01
-1.291662454605102539e-01
1.515046693384647369e-02
-2.254692465066909790e-02
-2.403662540018558502e-02
3.869405388832092285e-02
1.434193551540374756e-01
-1.293727159500122070e-01
6.988245248794555664e-02
5.016550049185752869e-02
-2.645655535161495209e-02
5.920241773128509521e-02
3.056372702121734619e-02
-7.078000903129577637e-02
-1.266088187694549561e-01
1.438368260860443115e-01
-2.403940856456756592e-01
2.219819724559783936e-01
1.938390284776687622e-01
1.576023101806640625e-01
1.316933035850524902e-01
8.100554347038269043e-02
5.249642953276634216e-02
-2.122620493173599243e-02
1.497010048478841782e-02
-2.269227802753448486e-01
-1.823614351451396942e-02
4.861015081405639648e-02
-7.065209746360778809e-02
7.466444373130798340e-02
5.128585733473300934e-03
