-1.020909845829010010e-01
4.848236218094825745e-02
7.912557572126388550e-02
-9.007466584444046021e-02
-1.244669258594512939e-01
-3.363774716854095459e-02
-5.757906287908554077e-02
-1.633279025554656982e-01
1.600042432546615601e-01
-1.528492122888565063e-01
2.028407454490661621e-01
-7.157820463180541992e-02
-1.954282671213150024e-01
-7.328308373689651489e-02
-1.075132489204406738e-01
2.101486921310424805e-01
-2.040460407733917236e-01
-1.201625391840934753e-01
-3.311365842819213867e-03
-5.352144129574298859e-03
7.629831880331039429e-02
1.768142217770218849e-03
6.123293563723564148e-02
-2.110558561980724335e-04
-9.456783533096313477e-02
-3.548504114151000977e-01
-1.074479967355728149e-01
-2.621988207101821899e-02
-1.172995194792747498e-02
2.523460797965526581e-02
-7.554814219474792480e-02
1.179215684533119202e-01
-1.816579997539520264e-01
-2.397635951638221741e-02
3.625317476689815521e-03
9.811822324991226196e-02
-5.952661857008934021e-03
-5.819629877805709839e-02
1.172997280955314636e-01
-1.169639360159635544e-02
-2.509866356849670410e-01
-1.158564351499080658e-02
8.513340353965759277e-02
2.063115686178207397e-01
1.389004737138748169e-01
3.417547047138214111e-02
3.520325943827629089e-02
-1.499065011739730835e-01
1.049926429986953735e-01
-1.701127141714096069e-01
-2.487448975443840027e-03
1.199821382761001587e-01
3.933202102780342102e-02
4.833904653787612915e-02
-1.319299731403589249e-02
-1.074039787054061890e-01
6.035867333412170410e-02
1.239504814147949219e-01
-9.981741011142730713e-02
9.586458094418048859e-03
1.277152299880981445e-01
-1.149524673819541931e-01
-2.711470052599906921e-02
-1.029313206672668457e-01
2.455321848392486572e-01
1.327328830957412720e-01
-1.069133132696151733e-01
-1.947668194770812988e-01
8.871420472860336304e-02
-1.238068640232086182e-01
-1.172111034393310547e-01
4.222372546792030334e-03
-1.456450372934341431e-01
-1.405053138732910156e-01
-3.156634569168090820e-01
-3.378514200448989868e-02
3.511452376842498779e-01
8.964042365550994873e-02
-1.407357007265090942e-01
5.814613401889801025e-02
-5.150743573904037476e-02
4.070571064949035645e-02
1.477441340684890747e-01
1.764583140611648560e-01
-5.199458077549934387e-02
8.024158328771591187e-02
-1.022154018282890320e-01
-3.380236402153968811e-02
2.283660024404525757e-01
-1.018179357051849365e-01
-1.782917045056819916e-02
2.156420648097991943e-01
-6.370284594595432281e-03
9.095994383096694946e-02
2.403780352324247360e-03
2.736102789640426636e-02
-8.225074410438537598e-02
8.728498965501785278e-02
-1.382434964179992676e-01
1.286868192255496979e-02
5.588079988956451416e-02
-5.520681291818618774e-02
4.965510219335556030e-03
8.895577490329742432e-02
-1.623990237712860107e-01
1.125324293971061707e-01
-3.297736868262290955e-02
5.256762355566024780e-02
6.054620072245597839e-02
-3.961890190839767456e-02
-6.648328155279159546e-02
-6.696221977472305298e-02
9.212441742420196533e-02
-2.010741978883743286e-01
1.853877156972885132e-01
1.895229518413543701e-01
7.765808701515197754e-02
1.542529761791229248e-01
1.590486168861389160e-01
1.149114519357681274e-01
-2.819287404417991638e-02
5.393252708017826080e-03
-1.589653640985488892e-01
-1.334476470947265625e-02
1.291127949953079224e-01
-5.040995031595230103e-02
6.900284439325332642e-02
2.181780338287353516e-02
