-1.263871937990188599e-01
5.651242285966873169e-02
1.316601969301700592e-02
-1.135008484125137329e-01
-8.573499321937561035e-02
1.356891822069883347e-02
-5.486511439085006714e-02
-1.512818634510040283e-01
1.631373167037963867e-01
-1.627544015645980835e-01
2.193345576524734497e-01
-1.000837013125419617e-01
-2.099208831787109375e-01
-1.005855500698089600e-01
-3.952576592564582825e-02
1.996509283781051636e-01
-2.396670281887054443e-01
-1.514406204223632812e-01
-1.163599174469709396e-02
3.717030212283134460e-02
1.102139279246330261e-01
-5.068199336528778076e-02
-4.100552201271057129e-02
3.211292997002601624e-02
-1.651203036308288574e-01
-3.587465882301330566e-01
-1.289834380149841309e-01
-9.285891056060791016e-02
-3.735228441655635834e-03
-5.594514682888984680e-02
-2.997847646474838257e-02
2.326135709881782532e-02
-1.786245703697204590e-01
3.130391240119934082e-03
-4.624955728650093079e-02
5.041495338082313538e-02
-1.572508364915847778e-02
-1.070771813392639160e-01
1.150439456105232239e-01
1.522812154144048691e-02
-2.550048530101776123e-01
1.982123218476772308e-02
5.346987023949623108e-02
1.973883211612701416e-01
1.459017992019653320e-01
-3.470281604677438736e-03
1.950060017406940460e-02
-1.212649941444396973e-01
1.230181232094764709e-01
-1.621166765689849854e-01
-5.803290009498596191e-02
1.332338005304336548e-01
2.179818414151668549e-02
6.653321534395217896e-02
3.970592096447944641e-02
-7.341328263282775879e-02
6.215806305408477783e-02
1.428965777158737183e-01
-1.580660194158554077e-01
6.513819843530654907e-02
9.352210909128189087e-02
-7.474726438522338867e-02
-6.370112299919128418e-03
-9.290388226509094238e-02
1.893909126520156860e-01
1.133680716156959534e-01
-8.861251920461654663e-02
-1.835806071758270264e-01
1.201223954558372498e-01
-1.181386336684226990e-01
-9.192664921283721924e-02
2.527472563087940216e-02
-1.518017500638961792e-01
-2.159758061170578003e-01
-2.471917867660522461e-01
-1.527574285864830017e-02
3.324234187602996826e-01
1.299241781234741211e-01
-1.594306677579879761e-01
5.910646170377731323e-02
-1.226067729294300079e-02
-2.235876023769378662e-02
1.846367865800857544e-01
1.538423597812652588e-01
2.710731700062751770e-02
1.200757082551717758e-02
-7.237389683723449707e-02
2.291979268193244934e-03
2.547467350959777832e-01
-5.764416232705116272e-02
5.950471386313438416e-02
2.475789189338684082e-01
-4.918060451745986938e-02
2.908834442496299744e-02
-5.408577620983123779e-03
-1.126083172857761383e-02
-9.609840810298919678e-02
8.411216735839843750e-02
-7.176061719655990601e-02
-8.793741464614868164e-03
5.860141664743423462e-02
-6.600686907768249512e-02
1.030222885310649872e-02
8.211473375558853149e-02
-1.108274757862091064e-01
1.044173613190650940e-01
8.892955258488655090e-03
5.681926012039184570e-02
3.014887496829032898e-02
-6.936422549188137054e-03
-7.276944816112518311e-02
-3.137993067502975464e-02
1.159952506422996521e-01
-1.862142682075500488e-01
2.134945690631866455e-01
1.842114776372909546e-01
5.639386549592018127e-02
6.613333523273468018e-02
1.143227890133857727e-01
8.247700333595275879e-02
-4.028079286217689514e-02
6.417361088097095490e-03
-2.109593152999877930e-01
7.394766435027122498e-03
9.310921281576156616e-02
-5.399743840098381042e-02
4.712738841772079468e-02
-4.611221700906753540e-02
