-8.716230839490890503e-02
5.836243182420730591e-02
2.497125789523124695e-02
-1.285994946956634521e-01
-1.130103468894958496e-01
-5.799278244376182556e-02
-3.584833443164825439e-02
-1.330056935548782349e-01
1.718422323465347290e-01
-1.616704016923904419e-01
3.014221489429473877e-01
-8.652142435312271118e-02
-2.654111683368682861e-01
-4.988751560449600220e-02
-3.507931903004646301e-02
1.894660443067550659e-01
-2.094848155975341797e-01
-1.555611491203308105e-01
-3.126823157072067261e-02
6.105679273605346680e-02
8.360657840967178345e-02
-2.983419410884380341e-02
3.881992772221565247e-02
7.465688139200210571e-02
-4.912661015987396240e-02
-4.250427484512329102e-01
-1.215074881911277771e-01
-9.087951481342315674e-02
1.629659160971641541e-02
-1.791884191334247589e-02
-1.380934007465839386e-02
-1.956896670162677765e-02
-2.523344457149505615e-01
-2.787625417113304138e-02
1.505646016448736191e-02
6.990339607000350952e-02
-6.094451993703842163e-02
-1.018418595194816589e-01
1.715135574340820312e-01
8.751990273594856262e-03
-2.722621858119964600e-01
-5.411139875650405884e-02
7.821035385131835938e-02
1.920187175273895264e-01
1.305637806653976440e-01
2.526089549064636230e-02
1.727295108139514923e-02
-1.046951264142990112e-01
1.095448210835456848e-01
-1.847505271434783936e-01
2.718020044267177582e-02
9.373928606510162354e-02
1.031698435544967651e-01
5.106984823942184448e-02
2.603065595030784607e-02
-1.364118754863739014e-01
3.799587860703468323e-02
2.335516214370727539e-01
-2.243819385766983032e-01
6.288732588291168213e-02
8.265118300914764404e-02
-8.814492076635360718e-02
-5.327070131897926331e-02
-1.039821431040763855e-01
2.876043021678924561e-01
1.427100151777267456e-01
-1.284681856632232666e-01
-2.118696868419647217e-01
1.437047272920608521e-01
-1.584976762533187866e-01
-6.189614161849021912e-02
6.946524977684020996e-02
-1.638462841510772705e-01
-2.003568112850189209e-01
-2.581793963909149170e-01
1.989842392504215240e-03
3.414410650730133057e-01
8.706829696893692017e-02
-9.343815594911575317e-02
4.353028908371925354e-02
-1.794769056141376495e-02
5.187749397009611130e-03
6.994975358247756958e-02
1.223733201622962952e-01
-3.717651590704917908e-03
5.887728556990623474e-02
-9.158790111541748047e-02
-8.212953805923461914e-03
2.137397378683090210e-01
-8.326605707406997681e-02
2.245347574353218079e-02
2.580543756484985352e-01
-1.263329982757568359e-01
6.511502712965011597e-02
7.153926417231559753e-04
-3.718730434775352478e-02
-8.851101249456405640e-02
4.400466009974479675e-02
-1.362345814704895020e-01
-1.696886122226715088e-02
-2.449080906808376312e-02
-8.017113804817199707e-02
-1.072166953235864639e-02
4.060903936624526978e-02
-1.570700854063034058e-01
-1.396666280925273895e-03
-3.618393465876579285e-02
2.069559693336486816e-02
3.214300796389579773e-02
-9.927789214998483658e-04
-1.068383082747459412e-01
-1.288388073444366455e-01
1.058386713266372681e-01
-2.502111792564392090e-01
2.797644436359405518e-01
1.787418127059936523e-01
1.052958071231842041e-01
1.059750244021415710e-01
9.898916631937026978e-02
4.611003398895263672e-02
1.507685147225856781e-02
-3.722209483385086060e-02
-2.243184149265289307e-01
1.820662431418895721e-02
1.154040917754173279e-01
-3.439529240131378174e-02
7.055852562189102173e-02
-5.036843940615653992e-02
