-1.146685481071472168e-01
2.132560685276985168e-02
2.635975554585456848e-02
-1.396960467100143433e-01
-1.423807144165039062e-01
-4.054298624396324158e-02
-7.349380105733871460e-02
-1.612320542335510254e-01
1.675703376531600952e-01
-1.429359465837478638e-01
2.623215913772583008e-01
-9.638229757547378540e-02
-2.245235741138458252e-01
-1.235576719045639038e-01
-8.059860765933990479e-02
2.380621582269668579e-01
-2.517694830894470215e-01
-1.616584062576293945e-01
-6.545175798237323761e-03
4.998664930462837219e-02
1.053941920399665833e-01
-2.980856411159038544e-02
4.015801846981048584e-02
6.744963675737380981e-02
-1.416464149951934814e-01
-3.712962865829467773e-01
-9.955695271492004395e-02
-8.148775249719619751e-02
6.531679071485996246e-03
-5.146762728691101074e-02
-6.114676594734191895e-02
4.876362904906272888e-02
-2.297870665788650513e-01
-2.786694839596748352e-02
7.233278825879096985e-03
9.602770954370498657e-02
9.620625525712966919e-03
-1.261477023363113403e-01
8.581383526325225830e-02
-1.395132485777139664e-02
-2.893065214157104492e-01
-4.126754403114318848e-02
7.923909276723861694e-02
1.578296869993209839e-01
1.395955383777618408e-01
3.698319569230079651e-02
2.435035631060600281e-02
-1.138328462839126587e-01
7.310873270034790039e-02
-1.971468925476074219e-01
-6.724353134632110596e-02
1.091442182660102844e-01
2.960915490984916687e-02
-1.838244497776031494e-05
2.194965630769729614e-02
-1.311653554439544678e-01
5.707354843616485596e-02
1.602771133184432983e-01
-1.344971507787704468e-01
2.333812788128852844e-02
8.564075827598571777e-02
-9.136444330215454102e-02
1.077682711184024811e-03
-1.181794181466102600e-01
2.415059357881546021e-01
9.353229403495788574e-02
-1.361513286828994751e-01
-1.498671472072601318e-01
8.098940551280975342e-02
-1.172309890389442444e-01
-8.760074526071548462e-02
2.914907038211822510e-02
-1.546690613031387329e-01
-2.042471766471862793e-01
-3.063911497592926025e-01
-8.422348648309707642e-02
3.270150423049926758e-01
1.016026213765144348e-01
-1.587814092636108398e-01
5.255624651908874512e-02
-1.005589216947555542e-02
4.891530796885490417e-02
1.196482181549072266e-01
1.555951088666915894e-01
2.071507275104522705e-02
6.710371375083923340e-02
-1.358784437179565430e-01
-1.184824015945196152e-02
2.321494817733764648e-01
-1.021721065044403076e-01
6.813389062881469727e-02
2.357586026191711426e-01
-9.104012697935104370e-02
6.659388542175292969e-02
-3.489483892917633057e-02
1.117370929569005966e-02
-9.877851605415344238e-02
8.157967031002044678e-02
-6.620197743177413940e-02
2.572927996516227722e-02
4.576360434293746948e-02
-1.944344863295555115e-02
7.662000134587287903e-04
7.549933344125747681e-02
-1.115262359380722046e-01
1.567126065492630005e-02
-2.789396420121192932e-02
1.789235696196556091e-02
9.217071346938610077e-03
-5.040434375405311584e-02
-6.210009381175041199e-02
-6.725395470857620239e-02
8.606901019811630249e-02
-2.001876533031463623e-01
2.424524575471878052e-01
2.365114986896514893e-01
6.389139592647552490e-02
1.039046570658683777e-01
1.230782940983772278e-01
4.731093719601631165e-02
-3.517970442771911621e-02
-1.246629562228918076e-02
-1.768136173486709595e-01
-1.782573945820331573e-02
9.552754461765289307e-02
-1.215340867638587952e-01
8.650864660739898682e-02
-5.655264854431152344e-02
