-9.070201218128204346e-02
1.840066164731979370e-02
2.207388170063495636e-03
-1.372732222080230713e-01
-1.176488250494003296e-01
-2.070905081927776337e-02
-3.283919021487236023e-02
-1.018728390336036682e-01
1.525871008634567261e-01
-1.787003129720687866e-01
3.178439736366271973e-01
-9.582855552434921265e-02
-1.925781220197677612e-01
-9.175112843513488770e-02
-9.609250724315643311e-02
2.501145005226135254e-01
-2.380646467208862305e-01
-1.755808889865875244e-01
1.307934522628784180e-03
2.353633567690849304e-02
6.500415503978729248e-02
-2.029117755591869354e-02
5.679677706211805344e-03
7.398675382137298584e-02
-8.549335598945617676e-02
-3.955930471420288086e-01
-7.248774170875549316e-02
-8.343150466680526733e-02
3.023330867290496826e-02
4.082467057742178440e-04
8.645178750157356262e-04
8.538292348384857178e-02
-2.174033075571060181e-01
1.515933312475681305e-02
1.293427124619483948e-02
5.488899722695350647e-02
-3.194219246506690979e-02
-6.005255505442619324e-02
1.517801731824874878e-01
7.042910903692245483e-03
-2.886698842048645020e-01
-5.142480880022048950e-02
9.718818962574005127e-02
2.585945725440979004e-01
1.521088629961013794e-01
2.934064716100692749e-02
1.456031482666730881e-02
-1.307391524314880371e-01
9.281099587678909302e-02
-1.859661191701889038e-01
2.958351746201515198e-02
8.368142694234848022e-02
7.987233996391296387e-02
8.674875833094120026e-03
1.508021354675292969e-02
-1.095256581902503967e-01
4.125858843326568604e-02
1.784357279539108276e-01
-2.304461747407913208e-01
3.671839088201522827e-02
7.687601447105407715e-02
-5.091356858611106873e-02
-4.530482739210128784e-02
-1.537567377090454102e-01
2.671805322170257568e-01
1.611750572919845581e-01
-1.183330193161964417e-01
-2.389733195304870605e-01
2.060846388339996338e-01
-1.743900775909423828e-01
-1.080026850104331970e-01
4.959373176097869873e-02
-1.347903162240982056e-01
-1.941246539354324341e-01
-3.083427846431732178e-01
-4.298442602157592773e-02
3.366725146770477295e-01
1.279431879520416260e-01
-1.125218272209167480e-01
7.442516088485717773e-02
7.679331302642822266e-02
-5.044598598033189774e-03
1.575196087360382080e-01
1.864897906780242920e-01
-1.833563484251499176e-02
2.686231210827827454e-02
-7.550127059221267700e-02
-3.639862686395645142e-02
1.877060383558273315e-01
-5.611389875411987305e-02
-2.624008804559707642e-02
1.950480490922927856e-01
-9.870580583810806274e-02
-4.350094124674797058e-03
2.111059427261352539e-02
9.588178247213363647e-03
-9.614625573158264160e-02
1.183053851127624512e-01
-1.663460284471511841e-01
-1.397323980927467346e-02
-3.624071553349494934e-02
-2.852543070912361145e-02
5.150513257831335068e-03
9.286721050739288330e-02
-9.107501059770584106e-02
8.417184650897979736e-02
-6.062538176774978638e-02
4.049322754144668579e-02
2.315885387361049652e-02
2.182991802692413330e-02
-5.957330018281936646e-02
-9.952618926763534546e-02
7.317407429218292236e-02
-1.919608712196350098e-01
2.189732193946838379e-01
1.367752552032470703e-01
1.153899729251861572e-01
1.231259182095527649e-01
1.366685479879379272e-01
9.071497619152069092e-02
-2.921306528151035309e-03
-2.613989822566509247e-02
-2.745850682258605957e-01
8.574380539357662201e-03
9.163992106914520264e-02
-1.106425523757934570e-01
1.073277443647384644e-01
-1.237397734075784683e-02
