-1.008669063448905945e-01
7.908385992050170898e-02
2.351507544517517090e-02
-2.193360030651092529e-02
-1.195359975099563599e-01
-6.159945949912071228e-02
-4.283249378204345703e-02
-2.003196328878402710e-01
1.432553380727767944e-01
-1.230337619781494141e-01
3.058237731456756592e-01
-6.614495813846588135e-02
-1.841051280498504639e-01
-8.588143438100814819e-02
-5.958839505910873413e-02
1.825058311223983765e-01
-2.015073895454406738e-01
-1.035834699869155884e-01
-5.486267060041427612e-02
-6.814444437623023987e-03
6.951288878917694092e-02
4.455053713172674179e-03
9.577899426221847534e-02
3.848683089017868042e-02
-5.580499768257141113e-02
-3.478375971317291260e-01
-1.425962001085281372e-01
-1.251962780952453613e-01
4.592618718743324280e-02
-1.686464622616767883e-02
2.780568227171897888e-02
-1.451210025697946548e-02
-1.867811977863311768e-01
-3.139984607696533203e-02
3.833755850791931152e-03
-2.044334262609481812e-02
-3.392414003610610962e-02
-4.535600170493125916e-02
2.013547271490097046e-01
-7.010601460933685303e-02
-2.310340255498886108e-01
-6.725940853357315063e-02
1.094390004873275757e-01
1.933486759662628174e-01
1.635095179080963135e-01
3.412249311804771423e-02
1.696979254484176636e-02
-1.508837044239044189e-01
6.572573632001876831e-02
-8.404160290956497192e-02
-1.289619319140911102e-02
1.016840413212776184e-01
9.495721012353897095e-02
4.402958974242210388e-02
9.651923552155494690e-03
-7.725188136100769043e-02
3.522366657853126526e-02
1.233942881226539612e-01
-1.368990242481231689e-01
2.868542075157165527e-02
1.090835183858871460e-01
-5.604051798582077026e-02
-4.594196751713752747e-02
-4.945178702473640442e-02
2.647182345390319824e-01
6.402984261512756348e-02
-1.055753231048583984e-01
-1.780947744846343994e-01
1.175193488597869873e-01
-1.961979418992996216e-01
-8.592747151851654053e-02
7.775147259235382080e-02
-1.597918570041656494e-01
-1.961460262537002563e-01
-3.110666275024414062e-01
-7.734583318233489990e-02
3.885898292064666748e-01
3.513688966631889343e-02
-1.458891481161117554e-01
9.647406637668609619e-03
-1.116491016000509262e-02
-1.639411598443984985e-02
1.265609413385391235e-01
1.480901837348937988e-01
-3.327815234661102295e-02
1.178343687206506729e-02
-1.051109209656715393e-01
-1.377314515411853790e-02
2.277272641658782959e-01
-1.245441585779190063e-01
1.100451312959194183e-02
2.389585375785827637e-01
-3.775963932275772095e-02
2.716168574988842010e-02
1.352673862129449844e-02
3.430656343698501587e-02
-3.263646736741065979e-02
5.004200711846351624e-02
-1.007171198725700378e-01
3.066702373325824738e-02
2.816329710185527802e-03
-4.056590050458908081e-02
3.072156105190515518e-03
3.588412329554557800e-02
-1.246467679738998413e-01
5.220013111829757690e-02
5.025921389460563660e-03
3.090944141149520874e-02
1.612419262528419495e-02
-1.461675856262445450e-02
-1.113904714584350586e-01
-1.266196519136428833e-01
1.567178815603256226e-01
-1.781992316246032715e-01
2.054173499345779419e-01
1.632464826107025146e-01
3.666425496339797974e-02
1.077061444520950317e-01
7.088164240121841431e-02
1.366077363491058350e-01
-6.047903746366500854e-02
-8.453493937849998474e-04
-1.744067966938018799e-01
1.298087742179632187e-02
6.424847245216369629e-02
-8.057095110416412354e-02
6.961267441511154175e-02
-2.903508581221103668e-02
