-9.733629226684570312e-02
1.153555065393447876e-01
7.267412543296813965e-02
-1.227065175771713257e-01
-1.590980440378189087e-01
-3.307989612221717834e-02
-9.095600992441177368e-02
-1.706479489803314209e-01
1.566069424152374268e-01
-1.617143899202346802e-01
2.633503675460815430e-01
-1.082515195012092590e-01
-2.214877009391784668e-01
-8.256356418132781982e-02
-3.459358587861061096e-02
2.854979336261749268e-01
-2.514221668243408203e-01
-1.883061230182647705e-01
-1.995888166129589081e-02
-3.998207673430442810e-02
1.348628103733062744e-02
4.073349013924598694e-02
-4.216780886054039001e-03
5.672063305974006653e-02
-1.447094529867172241e-01
-3.979084491729736328e-01
-6.058215722441673279e-02
-8.063088357448577881e-02
-1.573922112584114075e-02
-6.381198018789291382e-02
-3.543599508702754974e-03
1.005859002470970154e-01
-2.030882090330123901e-01
1.457661017775535583e-02
5.010234564542770386e-02
1.288268417119979858e-01
2.073292061686515808e-02
-1.192722171545028687e-01
9.742105007171630859e-02
-3.574863076210021973e-02
-3.309536874294281006e-01
-2.830994129180908203e-02
1.201601102948188782e-01
2.575759589672088623e-01
1.752281785011291504e-01
-5.975209549069404602e-02
-1.059802994132041931e-02
-1.122350543737411499e-01
1.276481896638870239e-01
-1.781088262796401978e-01
-4.936897382140159607e-02
9.618775546550750732e-02
4.035140573978424072e-02
2.461929619312286377e-02
2.371532469987869263e-02
-9.642869234085083008e-02
5.355753004550933838e-02
1.312834024429321289e-01
-2.150691002607345581e-01
-8.737140893936157227e-02
1.509535163640975952e-01
-1.033823937177658081e-01
-1.790304668247699738e-02
-1.362311393022537231e-01
2.431215941905975342e-01
8.403370529413223267e-02
-1.456036120653152466e-01
-1.491251736879348755e-01
1.193783730268478394e-01
-1.402392238378524780e-01
-6.053624302148818970e-02
2.097405120730400085e-02
-1.360682398080825806e-01
-1.907862275838851929e-01
-3.245838582515716553e-01
-6.618842482566833496e-03
3.834604918956756592e-01
1.250220090150833130e-01
-1.635129749774932861e-01
6.843420118093490601e-02
4.088748246431350708e-02
2.116119489073753357e-03
8.791230618953704834e-02
2.009683549404144287e-01
9.290447458624839783e-03
7.587146013975143433e-02
-7.524040341377258301e-02
5.781213939189910889e-02
2.103902548551559448e-01
-8.750321716070175171e-02
8.114772289991378784e-02
2.554760277271270752e-01
-5.875360593199729919e-02
6.375248543918132782e-03
-4.081314429640769958e-03
5.014803260564804077e-02
-1.226727291941642761e-01
6.990555673837661743e-02
-1.324688792228698730e-01
2.449814230203628540e-02
-6.356094032526016235e-03
-2.641704492270946503e-02
2.034262195229530334e-02
1.165682822465896606e-01
-1.530881822109222412e-01
1.238061636686325073e-01
6.919663399457931519e-03
8.956529200077056885e-04
1.465246640145778656e-02
1.106599345803260803e-02
8.817519992589950562e-03
-1.300329118967056274e-01
1.045197620987892151e-01
-2.105368822813034058e-01
1.414241641759872437e-01
1.783494949340820312e-01
5.332106351852416992e-02
1.564135998487472534e-01
7.314992696046829224e-02
9.770795702934265137e-02
-3.561533987522125244e-02
-5.159248411655426025e-02
-1.852943897247314453e-01
-2.785387448966503143e-02
9.339993447065353394e-02
-9.927424788475036621e-02
5.427806451916694641e-02
-1.140850968658924103e-02
