-9.521055221557617188e-02
8.356941491365432739e-02
1.756317913532257080e-02
-1.515160650014877319e-01
-1.097054854035377502e-01
-6.543517857789993286e-02
-9.074630588293075562e-02
-1.244727000594139099e-01
1.752859055995941162e-01
-2.315556704998016357e-01
1.884359121322631836e-01
-6.663603335618972778e-02
-1.728479266166687012e-01
-7.646535336971282959e-02
-6.341782212257385254e-02
2.376053184270858765e-01
-2.293251007795333862e-01
-1.941871494054794312e-01
-1.421438716351985931e-02
-1.513701025396585464e-02
4.064454883337020874e-02
-6.570656783878803253e-03
2.722482383251190186e-02
7.056201249361038208e-02
-1.026323437690734863e-01
-3.919076025485992432e-01
-1.431521177291870117e-01
-9.297282248735427856e-02
-6.459400057792663574e-02
-6.535178050398826599e-03
-1.031445339322090149e-03
-1.677500084042549133e-02
-1.955722868442535400e-01
9.637411683797836304e-03
9.476536884903907776e-03
7.684837281703948975e-02
3.713141009211540222e-02
-7.048703730106353760e-02
9.269580990076065063e-02
-8.284001611173152924e-03
-3.062449395656585693e-01
3.153673373162746429e-03
9.053610265254974365e-02
2.274654507637023926e-01
1.677855253219604492e-01
-1.224998477846384048e-02
-5.869550630450248718e-03
-1.518377363681793213e-01
1.507209539413452148e-01
-1.439474076032638550e-01
8.526776917278766632e-03
5.324978381395339966e-02
2.205392532050609589e-02
4.412027820944786072e-02
3.344215825200080872e-02
-7.756959646940231323e-02
8.251764625310897827e-02
1.553202867507934570e-01
-1.840153336524963379e-01
-2.922387979924678802e-02
6.903828680515289307e-02
-6.672721356153488159e-02
-2.812365069985389709e-02
-9.887973219156265259e-02
2.835277616977691650e-01
1.471423655748367310e-01
-1.515366584062576294e-01
-2.419193685054779053e-01
1.582166999578475952e-01
-1.890420466661453247e-01
-6.887739896774291992e-02
5.963576212525367737e-02
-1.219188347458839417e-01
-1.556230187416076660e-01
-3.139525651931762695e-01
-1.700339838862419128e-02
4.193793833255767822e-01
1.318137943744659424e-01
-1.516425013542175293e-01
5.359298363327980042e-02
-3.753513097763061523e-02
2.107009291648864746e-03
1.193420588970184326e-01
2.187921851873397827e-01
6.684783846139907837e-03
7.247020304203033447e-02
-8.349368721246719360e-02
-6.688609719276428223e-03
2.336071878671646118e-01
-5.796309560537338257e-02
-4.347762838006019592e-02
1.992412358522415161e-01
-5.390467867255210876e-02
1.029181405901908875e-01
2.312675118446350098e-02
4.352090135216712952e-02
-1.404536366462707520e-01
5.888373032212257385e-02
-1.581618338823318481e-01
1.000499911606311798e-02
-3.741100430488586426e-02
-1.905952021479606628e-02
-6.516431272029876709e-02
9.576579183340072632e-02
-9.984912723302841187e-02
1.401288062334060669e-01
-4.800835624337196350e-03
-2.465886995196342468e-03
-3.998772054910659790e-02
8.113039284944534302e-02
-3.543511405587196350e-02
-1.020608246326446533e-01
7.844252139329910278e-02
-2.116089463233947754e-01
2.036224305629730225e-01
1.652037650346755981e-01
9.841366112232208252e-02
1.578886210918426514e-01
9.383802115917205811e-02
8.245860040187835693e-02
-4.295712336897850037e-02
-4.108627885580062866e-02
-2.104779332876205444e-01
-9.530846029520034790e-03
6.886156648397445679e-02
-7.780241221189498901e-02
1.173250153660774231e-01
-7.442528847604990005e-03
