-1.594090759754180908e-01
4.339858144521713257e-02
2.239606715738773346e-02
-1.549230068922042847e-01
-1.563991010189056396e-01
-9.649205207824707031e-02
-2.584464475512504578e-02
-1.880099922418594360e-01
1.714359968900680542e-01
-1.790454983711242676e-01
2.748984694480895996e-01
-1.210669875144958496e-01
-1.720304489135742188e-01
-5.833156406879425049e-02
-5.764529481530189514e-02
2.157408744096755981e-01
-2.255142629146575928e-01
-1.368568092584609985e-01
-3.254815936088562012e-02
-4.287724196910858154e-02
4.107528179883956909e-02
-7.971212267875671387e-03
-1.682052388787269592e-02
7.200121134519577026e-02
-8.685272932052612305e-02
-4.230725169181823730e-01
-1.293275207281112671e-01
-4.830626770853996277e-02
-5.995496176183223724e-03
4.397101700305938721e-03
1.216064672917127609e-02
7.434305548667907715e-02
-2.045785486698150635e-01
-5.664972588419914246e-02
1.074026152491569519e-02
1.080844029784202576e-01
1.805053837597370148e-02
-6.594788283109664917e-02
9.511163830757141113e-02
-4.477025941014289856e-04
-2.345582097768783569e-01
-4.395893774926662445e-04
1.227838695049285889e-01
2.748175859451293945e-01
1.554500013589859009e-01
3.115445142611861229e-03
4.227498918771743774e-02
-1.166279464960098267e-01
1.374249905347824097e-01
-1.222486570477485657e-01
-2.329969778656959534e-02
5.081564560532569885e-02
5.679067224264144897e-02
3.224782180041074753e-03
3.335083276033401489e-02
-1.232214495539665222e-01
3.608007729053497314e-02
1.635519117116928101e-01
-1.794144511222839355e-01
-3.161384165287017822e-02
1.347783505916595459e-01
-6.234208866953849792e-02
-6.395582854747772217e-02
-1.216024756431579590e-01
2.715780138969421387e-01
1.484602242708206177e-01
-9.682632982730865479e-02
-1.964584439992904663e-01
1.562228053808212280e-01
-1.169923990964889526e-01
-7.175144553184509277e-02
-3.992997109889984131e-02
-1.992962211370468140e-01
-1.357310265302658081e-01
-3.151361346244812012e-01
7.426865398883819580e-03
4.015053212642669678e-01
8.089081943035125732e-02
-1.207754164934158325e-01
7.015722244977951050e-02
-2.552619762718677521e-02
6.356811523437500000e-02
1.415123641490936279e-01
1.196971163153648376e-01
-8.100327104330062866e-04
4.021744802594184875e-02
-9.814862906932830811e-02
2.591133490204811096e-02
1.698930412530899048e-01
-5.554568767547607422e-02
-3.512182272970676422e-03
1.509729027748107910e-01
-5.473715439438819885e-02
2.304165810346603394e-02
2.441372722387313843e-02
-3.719062544405460358e-03
-1.713778525590896606e-01
8.370145410299301147e-02
-1.604595929384231567e-01
-6.051861215382814407e-03
-5.079246126115322113e-03
-1.040826737880706787e-02
3.043500706553459167e-02
9.302411973476409912e-02
-1.551477462053298950e-01
1.373866200447082520e-01
-1.339385053142905235e-03
2.701767534017562866e-02
-1.661753654479980469e-02
2.487011626362800598e-02
-2.088933065533638000e-02
-6.807031482458114624e-02
6.696356832981109619e-02
-1.874959170818328857e-01
1.879061460494995117e-01
1.576561331748962402e-01
5.178071185946464539e-02
1.910375952720642090e-01
7.917094230651855469e-02
6.547739356756210327e-02
-4.452693462371826172e-02
5.575757473707199097e-02
-1.853583753108978271e-01
2.391019836068153381e-03
6.071601435542106628e-02
-4.504889622330665588e-02
1.017083674669265747e-01
3.948088735342025757e-03
