-1.017820462584495544e-01
1.347005665302276611e-01
4.693144559860229492e-02
-6.859708577394485474e-02
-2.015648335218429565e-01
1.930874586105346680e-02
-4.975927993655204773e-02
-1.042730584740638733e-01
1.612949818372726440e-01
-1.438960582017898560e-01
2.310404032468795776e-01
-8.833316713571548462e-02
-2.468984425067901611e-01
-6.878576427698135376e-02
-8.280296623706817627e-02
1.984210312366485596e-01
-1.587000638246536255e-01
-1.705914288759231567e-01
-1.445579342544078827e-02
2.120459824800491333e-02
4.278050735592842102e-02
2.618184126913547516e-02
2.451460994780063629e-02
3.581556491553783417e-03
-1.027121692895889282e-01
-3.663041591644287109e-01
-9.761437028646469116e-02
-8.517772704362869263e-02
-9.480185806751251221e-02
-1.075449809432029724e-01
-3.503423184156417847e-03
4.066308587789535522e-02
-1.679342538118362427e-01
-3.396369516849517822e-02
1.182531472295522690e-02
1.257406733930110931e-02
-1.164990290999412537e-02
-7.295940071344375610e-02
1.337783187627792358e-01
-4.037245362997055054e-02
-2.775298953056335449e-01
-1.806846633553504944e-02
7.315333932638168335e-02
2.379388064146041870e-01
1.488493382930755615e-01
-6.819714792072772980e-03
-1.160979643464088440e-02
-1.413705199956893921e-01
8.685445785522460938e-02
-1.432718783617019653e-01
-1.956241391599178314e-02
1.496534049510955811e-01
1.476352196186780930e-02
1.248930022120475769e-02
-3.568053990602493286e-02
-1.334380805492401123e-01
1.185915432870388031e-03
1.211582198739051819e-01
-7.854317128658294678e-02
-5.871349945664405823e-03
9.789297729730606079e-02
-7.392747700214385986e-02
-5.488927662372589111e-02
-9.608272463083267212e-02
2.540563941001892090e-01
4.556253179907798767e-02
-1.371727585792541504e-01
-1.956712752580642700e-01
1.102594584226608276e-01
-1.021396666765213013e-01
-5.765611678361892700e-02
3.295486420392990112e-02
-2.238755077123641968e-01
-2.214482128620147705e-01
-2.664617002010345459e-01
3.424768894910812378e-02
3.379704952239990234e-01
5.611874535679817200e-02
-1.299652755260467529e-01
5.282101035118103027e-02
-4.975114762783050537e-02
7.564926147460937500e-02
2.353441901504993439e-02
2.056918144226074219e-01
-1.520170271396636963e-02
4.406284540891647339e-02
-7.229328900575637817e-02
5.088501423597335815e-02
1.995923221111297607e-01
-1.345007121562957764e-01
-2.152564190328121185e-02
2.486557215452194214e-01
-6.667279452085494995e-02
6.481100618839263916e-02
3.635716158896684647e-03
1.073187217116355896e-02
-4.562947899103164673e-02
6.908074021339416504e-02
-1.154944002628326416e-01
5.135529115796089172e-02
8.329319953918457031e-02
-7.786682993173599243e-02
-1.416133996099233627e-02
1.365299820899963379e-01
-1.385049074888229370e-01
3.860817477107048035e-02
-2.420636452734470367e-02
6.613051146268844604e-02
2.205486781895160675e-02
-3.167414665222167969e-02
-7.342223078012466431e-02
-9.727626293897628784e-02
1.562514901161193848e-01
-1.811845749616622925e-01
2.281314432621002197e-01
1.734724342823028564e-01
7.713812589645385742e-02
1.278230547904968262e-01
1.695000976324081421e-01
7.543099671602249146e-02
2.141912467777729034e-02
-3.649999387562274933e-03
-1.946484297513961792e-01
2.833012677729129791e-02
1.162811145186424255e-01
-4.637847095727920532e-02
4.240220785140991211e-02
-1.158767659217119217e-02
