-7.305961102247238159e-02
3.378582000732421875e-02
6.238111481070518494e-02
-1.310553848743438721e-01
-8.360221982002258301e-02
-4.040092229843139648e-02
-7.542805373668670654e-02
-1.235213428735733032e-01
1.234850361943244934e-01
-1.141517162322998047e-01
2.802388966083526611e-01
-4.277278855443000793e-02
-1.832650750875473022e-01
-1.184914633631706238e-01
-1.573928818106651306e-02
2.191320210695266724e-01
-2.452166527509689331e-01
-1.398217827081680298e-01
-4.649114236235618591e-02
2.176385745406150818e-02
1.075536385178565979e-01
1.039679720997810364e-02
4.816178977489471436e-02
4.481674358248710632e-02
-1.784763187170028687e-01
-3.666186928749084473e-01
-7.877143472433090210e-02
-8.136428147554397583e-02
5.650486424565315247e-02
-2.609717473387718201e-02
-1.403962541371583939e-02
3.589148074388504028e-02
-2.197921872138977051e-01
2.949071116745471954e-03
2.374043501913547516e-02
1.022201478481292725e-01
-1.970605459064245224e-03
-1.209220439195632935e-01
1.338591277599334717e-01
3.341820091009140015e-02
-2.767135500907897949e-01
3.502950444817543030e-02
1.546358689665794373e-04
2.294446229934692383e-01
1.838656067848205566e-01
2.175026945769786835e-02
6.164872646331787109e-02
-1.241399049758911133e-01
1.165517643094062805e-01
-1.923657655715942383e-01
-9.877406060695648193e-03
7.717913389205932617e-02
2.157182246446609497e-02
2.100625261664390564e-02
3.968830220401287079e-03
-1.075521558523178101e-01
8.044216781854629517e-02
1.728793680667877197e-01
-2.710418105125427246e-01
1.128642912954092026e-02
8.296234905719757080e-02
-9.243031591176986694e-02
1.611056365072727203e-02
-1.036602109670639038e-01
2.287634909152984619e-01
1.319456249475479126e-01
-1.428815871477127075e-01
-1.873492002487182617e-01
9.420349448919296265e-02
-1.453045308589935303e-01
-6.815309822559356689e-02
6.134098768234252930e-02
-1.468318104743957520e-01
-1.622325330972671509e-01
-3.337069749832153320e-01
-5.280243605375289917e-02
3.701384961605072021e-01
9.713952243328094482e-02
-2.225420027971267700e-01
5.011027213186025620e-03
8.889173157513141632e-03
3.768555819988250732e-02
2.055518776178359985e-01
1.612406522035598755e-01
2.138598449528217316e-02
3.302741795778274536e-02
-1.198096424341201782e-01
-2.337926253676414490e-02
2.393458783626556396e-01
-6.865414977073669434e-02
-1.413412205874919891e-02
2.403190582990646362e-01
-2.443616837263107300e-02
2.990258112549781799e-02
2.176437899470329285e-02
3.295516595244407654e-02
-1.139065995812416077e-01
6.252784281969070435e-02
-9.806575626134872437e-02
6.785546429455280304e-03
-3.197875991463661194e-02
6.853572558611631393e-03
6.849031429737806320e-03
9.307324141263961792e-02
-7.809440046548843384e-02
1.351416110992431641e-01
-1.867615617811679840e-02
1.355518400669097900e-02
5.254936404526233673e-04
-3.093531168997287750e-02
-6.766670942306518555e-02
-1.033345982432365417e-01
7.822719216346740723e-02
-2.242028564214706421e-01
1.993080228567123413e-01
2.178522199392318726e-01
7.577227801084518433e-02
1.121466234326362610e-01
9.082062542438507080e-02
7.203243672847747803e-02
-7.217685133218765259e-02
2.438931912183761597e-02
-1.998209208250045776e-01
-3.192443982698023319e-04
8.355717360973358154e-02
-7.100232690572738647e-02
1.338645219802856445e-01
-4.897677898406982422e-02
