-1.597137898206710815e-01
1.379485130310058594e-01
5.990627035498619080e-02
-1.358118653297424316e-01
-1.382744163274765015e-01
-3.018201328814029694e-02
-1.276009529829025269e-01
-6.007288023829460144e-02
1.812492311000823975e-01
-1.403431445360183716e-01
2.048538625240325928e-01
-2.814175374805927277e-02
-1.879705786705017090e-01
-6.131840124726295471e-02
-7.449964433908462524e-02
2.485221475362777710e-01
-2.599253356456756592e-01
-1.575898826122283936e-01
3.679371625185012817e-02
4.675164818763732910e-04
7.312539964914321899e-02
4.019051790237426758e-02
4.042003303766250610e-02
1.297319959849119186e-02
-1.405954957008361816e-01
-4.148765802383422852e-01
-9.062386304140090942e-02
-9.445635229349136353e-02
1.069753710180521011e-02
1.032030396163463593e-02
-5.529538542032241821e-02
4.663267172873020172e-03
-2.098907679319381714e-01
-2.465833351016044617e-02
4.555851593613624573e-02
1.305497437715530396e-01
1.273093558847904205e-02
-1.703845895826816559e-02
1.130595356225967407e-01
2.646487019956111908e-02
-2.661310434341430664e-01
2.231632731854915619e-02
1.098513528704643250e-01
2.485393285751342773e-01
1.751478314399719238e-01
4.978147149085998535e-02
3.706617653369903564e-02
-1.709612160921096802e-01
8.655196428298950195e-02
-1.311774253845214844e-01
1.680545322597026825e-02
1.211052164435386658e-01
3.384613618254661560e-02
6.060247123241424561e-02
3.774093091487884521e-02
-9.830539673566818237e-02
1.192873939871788025e-01
1.167213097214698792e-01
-1.781483143568038940e-01
-1.922372961416840553e-03
1.353337615728378296e-01
-5.974827706813812256e-02
-1.984600536525249481e-02
-4.804017394781112671e-02
2.807878255844116211e-01
8.579347282648086548e-02
-9.599526971578598022e-02
-2.275013625621795654e-01
1.412866562604904175e-01
-1.266874223947525024e-01
-1.045586764812469482e-01
4.444830864667892456e-02
-1.251269429922103882e-01
-1.340802162885665894e-01
-3.150750100612640381e-01
-4.430033266544342041e-02
3.876925706863403320e-01
1.318682283163070679e-01
-1.550590395927429199e-01
1.117963269352912903e-01
-1.814589649438858032e-02
-2.226851321756839752e-02
1.610316783189773560e-01
1.855115890502929688e-01
-3.045517764985561371e-02
4.206604138016700745e-02
-9.884746372699737549e-02
1.466836035251617432e-02
2.231059968471527100e-01
-5.269013717770576477e-02
2.124237269163131714e-02
1.574587970972061157e-01
1.048303209245204926e-02
1.037706285715103149e-01
2.864720858633518219e-02
4.365982115268707275e-02
-1.430868059396743774e-01
6.298024207353591919e-02
-1.497454941272735596e-01
-4.352046921849250793e-02
-1.337541267275810242e-03
-3.057220578193664551e-02
-2.620587870478630066e-02
1.094416975975036621e-01
-1.632985919713973999e-01
1.126856803894042969e-01
4.617971833795309067e-03
-9.882573038339614868e-03
-2.161267586052417755e-02
5.966552346944808960e-02
-1.452742051333189011e-02
-7.067821919918060303e-02
8.405281603336334229e-02
-1.940262913703918457e-01
2.555566728115081787e-01
2.080531120300292969e-01
4.616590961813926697e-02
1.414760351181030273e-01
1.470662504434585571e-01
7.725007086992263794e-02
-4.125367850065231323e-02
-1.307197846472263336e-02
-1.954446285963058472e-01
-3.245450556278228760e-02
3.544475510716438293e-02
-9.575553983449935913e-02
1.402603834867477417e-01
2.301834151148796082e-02
