-1.093618795275688171e-01
2.925742045044898987e-02
2.782932668924331665e-02
-1.381779611110687256e-01
-8.154556900262832642e-02
-6.605908274650573730e-02
-1.531132757663726807e-01
-9.523523598909378052e-02
1.867848336696624756e-01
-1.863166838884353638e-01
1.333168894052505493e-01
-8.723288774490356445e-02
-2.705659568309783936e-01
-5.784215871244668961e-03
-9.056876599788665771e-02
2.222900688648223877e-01
-1.845388710498809814e-01
-2.786470353603363037e-01
-9.245304763317108154e-02
1.368814241141080856e-02
4.165629670023918152e-02
4.762307554483413696e-02
-2.199799939990043640e-02
5.391766875982284546e-02
-1.493121683597564697e-01
-3.863273561000823975e-01
-8.007432520389556885e-02
-5.307424813508987427e-02
-2.815700322389602661e-02
-6.898741424083709717e-02
1.772954501211643219e-02
6.295187771320343018e-02
-2.347878366708755493e-01
2.473029121756553650e-02
3.752543032169342041e-02
1.528111100196838379e-01
4.450222849845886230e-02
-1.251785159111022949e-01
1.113460361957550049e-01
4.725161194801330566e-02
-3.513965606689453125e-01
-7.195049524307250977e-02
6.231766939163208008e-02
2.604077458381652832e-01
1.070683524012565613e-01
3.979671001434326172e-02
3.461511805653572083e-02
-9.609322249889373779e-02
9.014140069484710693e-02
-2.751898169517517090e-01
-8.101377636194229126e-03
1.802691221237182617e-01
8.329972624778747559e-03
4.196248948574066162e-02
4.099610447883605957e-02
-1.773772239685058594e-01
1.646915227174758911e-01
1.042520254850387573e-01
-2.266750633716583252e-01
1.724975928664207458e-02
1.525932848453521729e-01
-8.088079094886779785e-02
-2.940165810286998749e-03
-2.466130629181861877e-02
2.414913624525070190e-01
1.206669583916664124e-01
-1.074431464076042175e-01
-1.811836063861846924e-01
1.915489584207534790e-01
-1.712659597396850586e-01
-1.167411357164382935e-02
4.788342863321304321e-02
-1.268124133348464966e-01
-1.803429573774337769e-01
-2.827287912368774414e-01
-1.049171537160873413e-01
3.878765106201171875e-01
9.440997987985610962e-02
-7.247145473957061768e-02
1.589615195989608765e-01
-1.780381053686141968e-02
4.141253978013992310e-02
7.720687985420227051e-02
1.193841621279716492e-01
-4.435591399669647217e-02
9.601417183876037598e-02
-1.240320503711700439e-01
7.939982414245605469e-02
2.761310338973999023e-01
-1.925159990787506104e-02
4.706359282135963440e-02
1.651404649019241333e-01
-4.106345027685165405e-02
-3.369822353124618530e-02
4.819077625870704651e-02
7.207163423299789429e-02
-1.042735055088996887e-01
2.737698517739772797e-02
-7.314787805080413818e-02
6.750836223363876343e-02
4.283187538385391235e-02
-1.791062206029891968e-02
-7.502217777073383331e-03
7.729796320199966431e-02
-9.956648945808410645e-02
1.087570488452911377e-01
-9.384685195982456207e-03
-1.055685430765151978e-02
-9.106689132750034332e-03
5.355113744735717773e-02
-4.405707865953445435e-02
-1.190052852034568787e-01
1.000086292624473572e-01
-1.939388513565063477e-01
2.085006833076477051e-01
1.858531683683395386e-01
6.332551687955856323e-02
1.138229295611381531e-01
7.044244557619094849e-02
1.023438349366188049e-01
-2.322180941700935364e-02
-2.651245333254337311e-02
-2.163808792829513550e-01
-1.024675592780113220e-01
-2.248144708573818207e-03
-4.130730777978897095e-02
5.284382775425910950e-02
3.631484508514404297e-02
