-1.151533201336860657e-01
8.686430752277374268e-02
-1.546830497682094574e-02
-1.457248330116271973e-01
-1.458069682121276855e-01
-4.166673123836517334e-02
-3.491421416401863098e-02
-1.268500834703445435e-01
1.913959085941314697e-01
-1.410905867815017700e-01
2.242609113454818726e-01
-8.139518648386001587e-02
-1.966432780027389526e-01
-1.077943220734596252e-01
-4.903804883360862732e-02
2.508858442306518555e-01
-2.420419305562973022e-01
-1.623582839965820312e-01
-4.187302663922309875e-02
6.038944050669670105e-02
6.290850043296813965e-02
-5.908710509538650513e-02
6.340405344963073730e-02
9.386179596185684204e-02
-3.657273948192596436e-02
-4.010943472385406494e-01
-8.521644771099090576e-02
-5.041520297527313232e-02
6.103909574449062347e-03
-5.971050262451171875e-02
-1.643341220915317535e-02
5.164933204650878906e-02
-2.382870912551879883e-01
-7.624838501214981079e-02
5.669680424034595490e-03
1.014571785926818848e-01
-1.202131249010562897e-02
-1.110652685165405273e-01
1.467011719942092896e-01
-4.750978201627731323e-03
-2.722355723381042480e-01
-2.525310032069683075e-02
5.396517366170883179e-02
2.309104800224304199e-01
1.408861726522445679e-01
2.256249077618122101e-03
5.418729409575462341e-02
-1.322796791791915894e-01
1.117154434323310852e-01
-2.246700972318649292e-01
-3.347686305642127991e-02
1.128588765859603882e-01
1.388768013566732407e-02
3.598802164196968079e-02
-1.530226785689592361e-02
-9.019176661968231201e-02
1.040749549865722656e-01
1.306353211402893066e-01
-1.465386748313903809e-01
-2.051880769431591034e-02
1.462015658617019653e-01
-4.466336965560913086e-02
-3.104553930461406708e-02
-1.157686784863471985e-01
2.818670570850372314e-01
1.134179905056953430e-01
-1.203461959958076477e-01
-1.748188734054565430e-01
8.413235098123550415e-02
-1.042026653885841370e-01
-6.132384389638900757e-02
8.620195090770721436e-03
-1.527391374111175537e-01
-1.881679743528366089e-01
-2.619723677635192871e-01
-1.779874600470066071e-02
3.659110069274902344e-01
1.166355162858963013e-01
-1.228798106312751770e-01
5.892504751682281494e-02
-6.733527034521102905e-02
3.213636204600334167e-02
8.911019563674926758e-02
1.716609597206115723e-01
-2.167262136936187744e-03
8.519525080919265747e-02
-7.990024983882904053e-02
5.022783577442169189e-02
2.082098722457885742e-01
-8.836070448160171509e-02
3.306061774492263794e-02
2.320916652679443359e-01
-2.092273160815238953e-02
6.245257705450057983e-02
-2.037619706243276596e-03
1.583638414740562439e-02
-4.239077493548393250e-02
1.094507202506065369e-01
-1.243109554052352905e-01
7.249699532985687256e-02
3.719929605722427368e-02
-4.639621824026107788e-02
9.116476401686668396e-03
5.161751061677932739e-02
-1.546710580587387085e-01
9.119129925966262817e-02
-2.321101166307926178e-02
3.814481198787689209e-02
2.381487749516963959e-02
-2.152410894632339478e-02
-6.327390670776367188e-02
-7.570252567529678345e-02
8.055703341960906982e-02
-2.019551396369934082e-01
2.426375895738601685e-01
2.233190685510635376e-01
6.849977374076843262e-02
1.182743906974792480e-01
1.047715842723846436e-01
1.001100391149520874e-01
7.617495954036712646e-03
-1.415091007947921753e-02
-1.652477234601974487e-01
3.472543787211179733e-03
1.080351173877716064e-01
-4.663992673158645630e-02
5.754914879798889160e-02
-2.371610142290592194e-02
