-7.264011353254318237e-02
6.811903417110443115e-02
5.688341334462165833e-02
-1.753047853708267212e-01
-1.396362036466598511e-01
-3.575677797198295593e-02
-1.224008053541183472e-01
-1.459291726350784302e-01
1.802664697170257568e-01
-1.967589855194091797e-01
2.860855162143707275e-01
-6.549257785081863403e-02
-1.770479679107666016e-01
-7.636148482561111450e-02
-3.935403376817703247e-02
2.526912987232208252e-01
-2.808741033077239990e-01
-1.374508589506149292e-01
9.338963776826858521e-03
1.981420628726482391e-02
8.888781070709228516e-02
-1.786401867866516113e-02
4.158460348844528198e-02
5.071161314845085144e-02
-1.189130991697311401e-01
-3.778433799743652344e-01
-1.333441287279129028e-01
-9.597843885421752930e-02
-1.194357406347990036e-02
-1.604874804615974426e-02
-4.106038063764572144e-02
1.140578277409076691e-02
-1.874024122953414917e-01
4.899354651570320129e-03
1.676878146827220917e-02
3.982538729906082153e-02
-4.105404950678348541e-04
-1.360693126916885376e-01
1.088903993368148804e-01
-1.148055773228406906e-03
-2.365039438009262085e-01
3.461153013631701469e-03
5.808398872613906860e-02
1.682350039482116699e-01
1.445200145244598389e-01
1.902275159955024719e-02
4.251006990671157837e-02
-1.462226212024688721e-01
1.254782825708389282e-01
-1.768960356712341309e-01
6.103491410613059998e-03
9.073831886053085327e-02
2.813516184687614441e-02
1.868715137243270874e-02
6.385782361030578613e-02
-1.079035252332687378e-01
9.510257840156555176e-02
1.461631506681442261e-01
-1.931691169738769531e-01
2.544334158301353455e-02
1.243102625012397766e-01
-6.804011017084121704e-02
-3.575141355395317078e-02
-1.330928206443786621e-01
2.670754492282867432e-01
1.841455101966857910e-01
-1.252522617578506470e-01
-2.079957276582717896e-01
1.089990511536598206e-01
-7.638354599475860596e-02
-9.879420697689056396e-02
1.865040510892868042e-03
-1.833680421113967896e-01
-1.774859875440597534e-01
-2.578353285789489746e-01
-6.525082886219024658e-02
3.482884764671325684e-01
1.171941086649894714e-01
-1.824348121881484985e-01
5.074448883533477783e-02
-7.878411561250686646e-03
1.555740647017955780e-02
1.342314928770065308e-01
1.572405546903610229e-01
2.145202271640300751e-02
9.469430893659591675e-03
-8.906725794076919556e-02
1.412465237081050873e-02
1.996710896492004395e-01
-1.072595715522766113e-01
3.260423988103866577e-02
2.474910169839859009e-01
-8.659713715314865112e-02
5.588608980178833008e-02
-1.407849695533514023e-02
3.023233031854033470e-03
-1.191844046115875244e-01
9.999226778745651245e-02
-8.574299514293670654e-02
2.320921048521995544e-02
2.328597195446491241e-02
-2.495952323079109192e-02
-2.441211789846420288e-02
6.987524777650833130e-02
-1.287239640951156616e-01
7.963904738426208496e-02
-4.028083011507987976e-02
1.987424865365028381e-02
2.016776707023382187e-03
-1.790985092520713806e-02
-7.019179314374923706e-02
-5.359994247555732727e-02
9.267410635948181152e-02
-2.028473764657974243e-01
2.473206222057342529e-01
1.727298498153686523e-01
7.049919664859771729e-02
1.289270520210266113e-01
8.375102281570434570e-02
9.207428246736526489e-02
-3.703685849905014038e-02
-2.746796421706676483e-02
-2.157738357782363892e-01
-1.170044206082820892e-02
6.985238194465637207e-02
-7.604325562715530396e-02
7.855981588363647461e-02
-1.633275113999843597e-02
