-8.726384490728378296e-02
2.845234051346778870e-02
2.950636297464370728e-02
-1.494534313678741455e-01
-1.100824400782585144e-01
-6.785724312067031860e-02
-3.948951512575149536e-02
-1.628211885690689087e-01
1.730099171400070190e-01
-1.550837606191635132e-01
2.594930529594421387e-01
-9.837888181209564209e-02
-2.296649664640426636e-01
-7.612922042608261108e-02
-1.081815361976623535e-01
2.600599229335784912e-01
-2.384058386087417603e-01
-1.515199989080429077e-01
-5.355680733919143677e-02
3.582143038511276245e-02
1.790289580821990967e-02
-4.716688301414251328e-03
8.912187814712524414e-02
6.549484282732009888e-02
-1.003670170903205872e-01
-3.705521523952484131e-01
-1.309729367494583130e-01
-7.030607014894485474e-02
-3.618989139795303345e-02
-8.824996650218963623e-03
1.927698031067848206e-02
5.518273264169692993e-02
-2.172796428203582764e-01
-5.132980644702911377e-03
3.972716256976127625e-02
1.148817688226699829e-01
-4.085718840360641479e-02
-1.069867834448814392e-01
1.193982139229774475e-01
-4.289840161800384521e-02
-2.895477712154388428e-01
-2.329528704285621643e-02
8.686041831970214844e-02
2.471840232610702515e-01
1.341127753257751465e-01
-8.314207079820334911e-04
2.986021339893341064e-02
-1.827200651168823242e-01
7.868967205286026001e-02
-1.556303948163986206e-01
-2.674970217049121857e-02
8.323523402214050293e-02
-4.574283957481384277e-04
1.644392497837543488e-03
2.249099686741828918e-02
-1.056539341807365417e-01
8.475372195243835449e-02
1.986103951930999756e-01
-1.574539393186569214e-01
-3.160360455513000488e-02
1.117313653230667114e-01
-4.489611089229583740e-02
-2.953879162669181824e-02
-1.305889487266540527e-01
2.611759305000305176e-01
9.492236375808715820e-02
-1.767778098583221436e-01
-1.843331903219223022e-01
1.385130435228347778e-01
-1.413415074348449707e-01
-3.119203075766563416e-02
3.082859329879283905e-02
-1.709217578172683716e-01
-2.096800655126571655e-01
-3.317733705043792725e-01
-5.893896520137786865e-02
3.783919513225555420e-01
7.209125906229019165e-02
-1.027951836585998535e-01
8.061088621616363525e-02
-4.742653109133243561e-03
6.390470266342163086e-02
9.317775815725326538e-02
1.967265903949737549e-01
-3.646759688854217529e-02
1.001334413886070251e-01
-1.132016852498054504e-01
3.541274368762969971e-02
1.830159127712249756e-01
-1.232149377465248108e-01
2.477348409593105316e-02
2.047992944717407227e-01
-7.754397392272949219e-02
1.992418617010116577e-02
-4.764175973832607269e-04
1.316785532981157303e-02
-1.062387302517890930e-01
1.011991873383522034e-01
-1.602337658405303955e-01
6.077832356095314026e-02
2.052564546465873718e-02
-2.733489312231540680e-02
9.399037808179855347e-03
7.751428335905075073e-02
-9.063903987407684326e-02
6.213893368840217590e-02
3.219719044864177704e-03
3.896011505275964737e-03
3.026318922638893127e-02
-7.270630449056625366e-04
-7.898244261741638184e-02
-1.322954893112182617e-01
1.095776110887527466e-01
-2.282250523567199707e-01
2.048786133527755737e-01
1.885903626680374146e-01
7.995108515024185181e-02
1.237133294343948364e-01
1.318737417459487915e-01
1.117267683148384094e-01
-4.865898936986923218e-02
1.778921112418174744e-02
-2.074266374111175537e-01
3.451310470700263977e-02
9.145276248455047607e-02
-6.582660973072052002e-02
1.039121523499488831e-01
-2.788487449288368225e-02
