-1.245549544692039490e-01
1.217087823897600174e-02
5.833684280514717102e-02
-1.108751296997070312e-01
-8.603861182928085327e-02
1.322882808744907379e-02
-1.092932522296905518e-01
-1.567598134279251099e-01
1.516571491956710815e-01
-2.500231564044952393e-01
2.367827892303466797e-01
-9.347605705261230469e-02
-1.962123364210128784e-01
-1.631528511643409729e-02
-3.767711296677589417e-02
2.379956096410751343e-01
-2.362387180328369141e-01
-1.839013397693634033e-01
-5.608640611171722412e-02
-2.149445563554763794e-02
4.701096192002296448e-02
1.916998066008090973e-02
3.684936836361885071e-02
1.213689148426055908e-02
-1.349954158067703247e-01
-3.562221229076385498e-01
-1.396860182285308838e-01
-7.530577480792999268e-02
3.906243294477462769e-02
-1.104208268225193024e-02
-3.377205505967140198e-02
-2.454176545143127441e-02
-1.939346641302108765e-01
3.789936378598213196e-02
3.454643487930297852e-02
1.294806450605392456e-01
7.833578437566757202e-02
-1.479192078113555908e-01
1.175948455929756165e-01
-3.140225261449813843e-02
-3.068135976791381836e-01
-4.855082184076309204e-02
1.105101406574249268e-01
2.220617979764938354e-01
1.416520178318023682e-01
-3.727898001670837402e-03
-5.438121035695075989e-02
-1.055376455187797546e-01
1.109935417771339417e-01
-1.761665046215057373e-01
6.132566556334495544e-02
4.665726423263549805e-02
3.025260567665100098e-02
3.944607079029083252e-02
4.716928303241729736e-02
-1.184020489454269409e-01
1.021648496389389038e-01
1.784948855638504028e-01
-1.884564012289047241e-01
-5.051525775343179703e-03
1.117044985294342041e-01
-8.329626917839050293e-02
5.451686680316925049e-02
-8.396883308887481689e-02
2.566224038600921631e-01
1.799722313880920410e-01
-8.879338204860687256e-02
-2.279970198869705200e-01
1.537419855594635010e-01
-1.410312205553054810e-01
-4.065077379345893860e-02
1.548457331955432892e-02
-1.832381188869476318e-01
-1.467860192060470581e-01
-3.296963870525360107e-01
-8.849923312664031982e-02
4.044556319713592529e-01
1.138350889086723328e-01
-1.305465698242187500e-01
7.729021459817886353e-02
3.262506425380706787e-02
-9.912940673530101776e-03
1.679946035146713257e-01
1.950625777244567871e-01
2.963254228234291077e-02
6.431911140680313110e-02
-8.137165009975433350e-02
2.487846463918685913e-02
2.809935808181762695e-01
-6.466255336999893188e-02
-2.428324334323406219e-02
1.920037120580673218e-01
-8.973436802625656128e-02
-3.010518848896026611e-02
5.232447385787963867e-02
1.699038781225681305e-02
-1.059172749519348145e-01
7.872113958001136780e-03
-1.670150756835937500e-01
-1.641014404594898224e-02
-5.973103642463684082e-02
-7.409625686705112457e-03
-1.744579896330833435e-02
1.210313960909843445e-01
-1.373029947280883789e-01
7.337063550949096680e-02
1.521825790405273438e-03
-2.877669408917427063e-02
4.147682338953018188e-03
2.248335629701614380e-02
-4.631450772285461426e-02
-9.159906953573226929e-02
1.246328875422477722e-01
-1.892596632242202759e-01
1.710677146911621094e-01
1.812583208084106445e-01
1.128127649426460266e-01
1.483298540115356445e-01
7.681413739919662476e-02
1.096744313836097717e-01
-1.839954592287540436e-02
2.871078997850418091e-02
-2.206562906503677368e-01
-1.196803431957960129e-02
3.240033984184265137e-02
-6.210762262344360352e-02
1.153802499175071716e-01
4.113918542861938477e-02
