-1.118923351168632507e-01
7.750581018626689911e-03
4.003893211483955383e-02
-1.416120231151580811e-01
-1.346554756164550781e-01
-6.045363098382949829e-02
-1.028262823820114136e-01
-1.341145634651184082e-01
1.737468242645263672e-01
-2.018795758485794067e-01
1.929095685482025146e-01
-7.900634407997131348e-02
-1.939973533153533936e-01
-1.024074479937553406e-01
-2.075305581092834473e-02
2.205685675144195557e-01
-2.202916145324707031e-01
-1.827492415904998779e-01
-2.962434291839599609e-02
1.064023282378911972e-02
8.949201554059982300e-02
5.100184679031372070e-02
1.910954900085926056e-02
2.384999766945838928e-02
-1.508997380733489990e-01
-3.955403268337249756e-01
-9.259349107742309570e-02
-6.076808273792266846e-02
-3.651369363069534302e-02
-1.713447156362235546e-03
-3.007218614220619202e-02
4.139056056737899780e-02
-2.015675306320190430e-01
-4.537720233201980591e-04
3.620115295052528381e-02
1.074273884296417236e-01
4.618987441062927246e-02
-5.986407399177551270e-02
1.315098702907562256e-01
1.073955558240413666e-03
-3.395920395851135254e-01
5.433713644742965698e-02
6.741330772638320923e-02
1.997528225183486938e-01
1.403628289699554443e-01
1.099111046642065048e-03
7.031491957604885101e-03
-1.713432073593139648e-01
1.330323070287704468e-01
-1.732989996671676636e-01
-2.429194189608097076e-02
1.016787141561508179e-01
-1.678588800132274628e-03
-9.162320755422115326e-03
4.262116923928260803e-02
-1.058619022369384766e-01
5.544767901301383972e-02
1.368088573217391968e-01
-1.967294663190841675e-01
7.989977020770311356e-04
1.211954206228256226e-01
-8.435160666704177856e-02
-2.556377276778221130e-02
-1.260461062192916870e-01
2.204316258430480957e-01
8.356682211160659790e-02
-1.162663400173187256e-01
-2.426269650459289551e-01
8.225440979003906250e-02
-1.677448004484176636e-01
-9.237856417894363403e-02
8.802116662263870239e-02
-1.499243676662445068e-01
-1.844992339611053467e-01
-3.553161621093750000e-01
-3.939354792237281799e-02
3.784770369529724121e-01
1.252049952745437622e-01
-1.946103125810623169e-01
6.624387949705123901e-02
1.019849255681037903e-02
3.831026703119277954e-02
1.882936060428619385e-01
1.630428731441497803e-01
1.933558285236358643e-02
9.629207849502563477e-02
-9.832359850406646729e-02
8.815238252282142639e-03
2.492437958717346191e-01
-6.139772012829780579e-02
-8.054103702306747437e-03
2.314759194850921631e-01
1.178485341370105743e-02
1.002928093075752258e-01
1.391605287790298462e-02
7.299091201275587082e-03
-9.031392633914947510e-02
1.922342926263809204e-02
-1.709955930709838867e-01
8.605556562542915344e-03
1.729275472462177277e-02
1.291747670620679855e-02
1.685731858015060425e-02
1.082197278738021851e-01
-1.078350692987442017e-01
1.161008402705192566e-01
-2.726471610367298126e-02
-2.509096264839172363e-02
-3.014367446303367615e-02
4.441953450441360474e-02
-5.153462663292884827e-02
-8.969046920537948608e-02
7.690077275037765503e-02
-2.048619389533996582e-01
1.774764657020568848e-01
1.985140591859817505e-01
1.226714774966239929e-01
1.348555386066436768e-01
1.083260998129844666e-01
5.301755666732788086e-02
-7.921855151653289795e-02
3.302184492349624634e-02
-1.944238692522048950e-01
-9.513077326118946075e-03
8.918561041355133057e-02
-4.733683913946151733e-02
1.498264223337173462e-01
-7.707576267421245575e-03
