-8.123716711997985840e-02
7.579874247312545776e-02
-2.789547666907310486e-03
-1.207478269934654236e-01
-1.069187298417091370e-01
-6.193064525723457336e-02
-1.170405372977256775e-01
-1.336444318294525146e-01
1.277932226657867432e-01
-1.953278481960296631e-01
2.132076025009155273e-01
-7.484850287437438965e-02
-2.083471417427062988e-01
-1.405521780252456665e-01
-3.843397647142410278e-02
2.372011095285415649e-01
-2.357080578804016113e-01
-1.627966761589050293e-01
-1.459603942930698395e-02
4.490416869521141052e-02
9.223084151744842529e-02
-4.779072105884552002e-02
2.983761951327323914e-02
8.176457136869430542e-02
-9.385588765144348145e-02
-4.100398421287536621e-01
-9.086956828832626343e-02
-5.758294090628623962e-02
-9.128887951374053955e-02
-1.518403273075819016e-02
1.139159779995679855e-02
9.504492580890655518e-02
-1.763460636138916016e-01
-7.823787629604339600e-03
-1.558715477585792542e-03
8.096913993358612061e-02
4.168731719255447388e-02
-7.884819805622100830e-02
1.405501961708068848e-01
1.635642722249031067e-02
-3.146654069423675537e-01
-1.436860486865043640e-02
1.191236898303031921e-01
2.082514762878417969e-01
1.820409148931503296e-01
-3.943254705518484116e-03
2.577978931367397308e-02
-1.222866550087928772e-01
1.942982971668243408e-01
-2.416770607233047485e-01
-7.379675656557083130e-02
1.154672726988792419e-01
-3.556542797014117241e-03
-5.729984026402235031e-03
9.108445048332214355e-02
-8.165850490331649780e-02
1.009715124964714050e-01
1.350859552621841431e-01
-2.229776978492736816e-01
-3.150839358568191528e-02
6.266994774341583252e-02
-5.576064437627792358e-02
-8.448209613561630249e-03
-1.385875791311264038e-01
2.190612703561782837e-01
1.518696099519729614e-01
-9.369262307882308960e-02
-2.025668621063232422e-01
1.266511678695678711e-01
-1.732066720724105835e-01
-7.749370485544204712e-02
1.108863055706024170e-01
-1.358947157859802246e-01
-2.184791117906570435e-01
-3.083367347717285156e-01
-6.763024628162384033e-02
3.290399014949798584e-01
1.702326089143753052e-01
-1.005495935678482056e-01
6.415762007236480713e-02
3.028210252523422241e-02
-4.752449318766593933e-02
1.576230973005294800e-01
1.522397547960281372e-01
3.552371263504028320e-02
4.435931146144866943e-02
-8.558031171560287476e-02
7.079700008034706116e-04
2.552503347396850586e-01
-3.079213574528694153e-02
2.046088874340057373e-02
2.491003423929214478e-01
-3.469701483845710754e-02
5.792276561260223389e-02
8.228464052081108093e-03
7.960150949656963348e-03
-1.090255156159400940e-01
7.449966669082641602e-02
-2.030155807733535767e-01
2.341034822165966034e-02
-3.307288140058517456e-02
-3.121556341648101807e-02
-9.311640635132789612e-03
4.224298894405364990e-02
-1.056538969278335571e-01
3.131859749555587769e-02
-5.468413606286048889e-02
4.938530735671520233e-03
-5.845146998763084412e-02
-2.140852995216846466e-02
-8.876775205135345459e-02
-2.713532187044620514e-02
7.628589868545532227e-02
-1.783106625080108643e-01
1.762880682945251465e-01
1.525476872920989990e-01
8.200578391551971436e-02
8.251927793025970459e-02
1.170866414904594421e-01
4.659303277730941772e-02
-5.362083762884140015e-02
-9.373575448989868164e-02
-1.859556138515472412e-01
-1.972917839884757996e-02
1.013069376349449158e-01
-8.674738556146621704e-02
8.601608872413635254e-02
-7.976403087377548218e-02
