-1.243734061717987061e-01
6.200675666332244873e-02
5.274610221385955811e-02
-1.228043660521507263e-01
-1.378486007452011108e-01
-5.591713264584541321e-02
-6.652934849262237549e-02
-1.357508301734924316e-01
1.523145884275436401e-01
-9.821373224258422852e-02
2.959972918033599854e-01
-5.063483864068984985e-02
-2.130807489156723022e-01
-7.890436053276062012e-02
-1.211492717266082764e-01
2.268066108226776123e-01
-2.323766648769378662e-01
-1.644616723060607910e-01
-3.293295577168464661e-02
1.704290881752967834e-02
6.396088749170303345e-02
3.814436122775077820e-02
5.448812618851661682e-02
5.880284123122692108e-03
-9.022828191518783569e-02
-3.803185820579528809e-01
-8.635320514440536499e-02
-2.328268624842166901e-02
-3.121636249125003815e-02
2.286502346396446228e-02
3.564910963177680969e-03
7.631880044937133789e-02
-2.213724404573440552e-01
-1.199790835380554199e-02
5.310250446200370789e-02
1.363082081079483032e-01
-3.853419562801718712e-03
-7.897371798753738403e-02
1.304911673069000244e-01
-3.889748454093933105e-02
-2.890651524066925049e-01
2.368244528770446777e-02
7.571650296449661255e-02
2.459682524204254150e-01
1.793730258941650391e-01
1.551438961178064346e-02
4.505779594182968140e-03
-1.106825098395347595e-01
8.038577437400817871e-02
-1.787489950656890869e-01
-2.498039789497852325e-02
1.370212286710739136e-01
3.717824071645736694e-02
2.239556983113288879e-03
-3.664788603782653809e-02
-1.324582695960998535e-01
3.635202720761299133e-02
1.757298856973648071e-01
-1.536468416452407837e-01
-6.604321300983428955e-02
9.604561328887939453e-02
-1.181434020400047302e-01
-1.671399362385272980e-02
-1.699117869138717651e-01
2.093332856893539429e-01
8.581063896417617798e-02
-1.483179181814193726e-01
-2.159667909145355225e-01
1.092122346162796021e-01
-1.359444707632064819e-01
-7.199855148792266846e-02
5.291438102722167969e-02
-2.001535445451736450e-01
-2.062857151031494141e-01
-3.425202965736389160e-01
-1.577557995915412903e-02
3.684445619583129883e-01
1.143897026777267456e-01
-1.268759965896606445e-01
6.655816733837127686e-02
1.721120998263359070e-02
9.028413146734237671e-02
6.645608693361282349e-02
1.437016725540161133e-01
-1.500299014151096344e-02
1.130312457680702209e-01
-1.697039306163787842e-01
-1.006785221397876740e-02
2.061337977647781372e-01
-8.607984334230422974e-02
-5.007458105683326721e-02
2.257503122091293335e-01
-5.528881028294563293e-02
7.606692612171173096e-02
1.518554054200649261e-02
3.392866253852844238e-02
-4.709791019558906555e-02
6.378998607397079468e-02
-1.707609891891479492e-01
3.615489602088928223e-02
-8.449733257293701172e-03
-2.558966726064682007e-02
1.013343455269932747e-03
9.540065377950668335e-02
-8.250086754560470581e-02
8.630293607711791992e-02
-4.769640415906906128e-02
7.070787250995635986e-02
-3.537229821085929871e-02
-2.616029046475887299e-02
-2.199650742113590240e-02
-7.977244257926940918e-02
1.118598952889442444e-01
-1.946161389350891113e-01
2.095923870801925659e-01
2.051560282707214355e-01
1.004773527383804321e-01
1.706169694662094116e-01
1.515672951936721802e-01
6.525576114654541016e-02
-7.097964733839035034e-02
4.168674349784851074e-03
-2.093526571989059448e-01
-2.940662391483783722e-02
5.638219416141510010e-02
-5.448434129357337952e-02
1.582438498735427856e-01
3.150678798556327820e-02
