-5.438010394573211670e-02
1.214313320815563202e-03
1.099561341106891632e-02
-1.864034235477447510e-01
-1.319850087165832520e-01
-4.957394301891326904e-02
-5.670702084898948669e-02
-1.417325139045715332e-01
1.575169265270233154e-01
-2.155059576034545898e-01
2.666171193122863770e-01
-5.726896971464157104e-02
-2.209553271532058716e-01
-8.883977681398391724e-02
-5.650006234645843506e-02
1.941001117229461670e-01
-2.125532031059265137e-01
-1.378298401832580566e-01
-2.093217149376869202e-02
3.521123155951499939e-02
4.269383475184440613e-02
-1.960016414523124695e-02
4.824334383010864258e-02
6.650546938180923462e-02
-7.755564153194427490e-02
-3.774964213371276855e-01
-1.563981324434280396e-01
-7.751695066690444946e-02
-3.535330668091773987e-02
-2.099372819066047668e-02
-2.414672821760177612e-02
2.627615444362163544e-02
-1.907847374677658081e-01
2.672405540943145752e-02
8.207928389310836792e-03
9.562456607818603516e-02
-5.506257712841033936e-02
-5.124278366565704346e-02
1.130640730261802673e-01
1.931845583021640778e-02
-2.540113329887390137e-01
1.231975201517343521e-02
4.844982922077178955e-02
2.071566581726074219e-01
1.784339845180511475e-01
3.215470910072326660e-02
1.619234867393970490e-02
-9.829372167587280273e-02
1.211068630218505859e-01
-2.037724256515502930e-01
2.461215481162071228e-03
6.696839630603790283e-02
8.858680725097656250e-02
1.352448016405105591e-03
2.432877756655216217e-02
-7.620541006326675415e-02
3.844321519136428833e-02
2.042783498764038086e-01
-1.967625916004180908e-01
3.843973577022552490e-02
9.669752418994903564e-02
-1.042224913835525513e-01
-5.307598412036895752e-02
-1.017620414495468140e-01
2.707757651805877686e-01
1.481916308403015137e-01
-1.891338229179382324e-01
-1.883350759744644165e-01
1.212331429123878479e-01
-2.062748074531555176e-01
-8.120746165513992310e-02
3.923840448260307312e-02
-1.578724682331085205e-01
-1.955299526453018188e-01
-2.703332901000976562e-01
-3.841621801257133484e-03
3.658406734466552734e-01
1.434223949909210205e-01
-1.051123589277267456e-01
2.658529579639434814e-02
-7.366920821368694305e-03
4.077280685305595398e-02
9.790171682834625244e-02
1.423120200634002686e-01
-2.297469601035118103e-02
4.709699749946594238e-02
-1.005780845880508423e-01
-2.452966757118701935e-03
2.027804553508758545e-01
-1.034323647618293762e-01
1.433732453733682632e-02
2.491395622491836548e-01
-8.311264216899871826e-02
1.314534395933151245e-01
-2.640745788812637329e-02
-4.142473638057708740e-02
-6.967882812023162842e-02
5.330750346183776855e-02
-1.295092999935150146e-01
5.452492460608482361e-02
-6.633192300796508789e-02
-6.204094737768173218e-02
-6.220816634595394135e-03
4.570817574858665466e-02
-8.667150139808654785e-02
9.333602339029312134e-02
-5.196846649050712585e-02
7.461519446223974228e-03
-9.670322760939598083e-03
1.318573951721191406e-02
-1.040735021233558655e-01
-1.025976762175559998e-01
8.913838863372802734e-02
-2.497551441192626953e-01
2.105296105146408081e-01
2.042132019996643066e-01
1.304672211408615112e-01
1.088334545493125916e-01
1.226897314190864563e-01
4.203831776976585388e-02
-8.858138695359230042e-03
-2.827554196119308472e-02
-2.154492735862731934e-01
9.000279009342193604e-03
9.678079187870025635e-02
-8.734183758497238159e-02
1.058708280324935913e-01
-4.900012537837028503e-02
