-5.677158385515213013e-02
5.111327022314071655e-02
3.364999964833259583e-02
-1.583561599254608154e-01
-1.175695285201072693e-01
-3.863605856895446777e-02
-6.063297763466835022e-02
-1.227344647049903870e-01
1.556640565395355225e-01
-1.946199983358383179e-01
2.142240554094314575e-01
-7.810586690902709961e-02
-2.117233723402023315e-01
-8.965156227350234985e-02
-5.528683960437774658e-02
2.015908062458038330e-01
-2.227583974599838257e-01
-1.509007513523101807e-01
-4.290291666984558105e-02
1.464157178997993469e-02
3.885622695088386536e-02
-6.955181248486042023e-03
6.161331757903099060e-02
8.036993443965911865e-02
-1.049019545316696167e-01
-4.016501009464263916e-01
-1.084659770131111145e-01
-6.465517729520797729e-02
-2.612516842782497406e-02
-4.543414711952209473e-02
-2.467129006981849670e-02
-7.325025275349617004e-03
-2.312071174383163452e-01
2.522472292184829712e-03
9.192631579935550690e-03
9.265802055597305298e-02
-3.060573153197765350e-02
-1.368657499551773071e-01
1.176508590579032898e-01
1.547933090478181839e-02
-2.456823289394378662e-01
-5.517587810754776001e-02
3.896373510360717773e-02
1.998975425958633423e-01
1.358825415372848511e-01
4.324609786272048950e-02
1.336967293173074722e-02
-1.393640935420989990e-01
1.330175399780273438e-01
-1.733827590942382812e-01
-2.432149462401866913e-02
8.953759819269180298e-02
-4.632256925106048584e-03
1.303246431052684784e-02
2.251131460070610046e-02
-6.277340650558471680e-02
1.000556349754333496e-01
1.450517326593399048e-01
-1.840667277574539185e-01
-2.069972641766071320e-02
8.624549955129623413e-02
-7.600165158510208130e-02
-3.499632701277732849e-02
-1.266899853944778442e-01
2.910496890544891357e-01
9.760008007287979126e-02
-1.445757895708084106e-01
-1.896722614765167236e-01
1.346064656972885132e-01
-1.917562335729598999e-01
-7.578390091657638550e-02
3.281116113066673279e-02
-9.682331979274749756e-02
-1.782350391149520874e-01
-2.811033427715301514e-01
-2.747353725135326385e-02
3.617917299270629883e-01
1.794435679912567139e-01
-1.466711461544036865e-01
2.069059014320373535e-02
-4.745634272694587708e-02
2.258630469441413879e-02
1.402133256196975708e-01
1.811390519142150879e-01
-1.937836222350597382e-02
9.148088097572326660e-02
-1.114746779203414917e-01
-7.816640660166740417e-03
2.323819845914840698e-01
-7.027903199195861816e-02
-7.682302966713905334e-03
2.440513074398040771e-01
-4.380801320075988770e-02
8.166860044002532959e-02
1.185429841279983521e-02
-4.238374903798103333e-02
-1.343599557876586914e-01
8.414295315742492676e-02
-1.301878094673156738e-01
3.651107847690582275e-02
3.090196475386619568e-02
-1.549252681434154510e-02
-1.054740790277719498e-02
1.001073420047760010e-01
-9.597258269786834717e-02
9.095641970634460449e-02
-4.205764457583427429e-02
-2.949935197830200195e-02
3.496810421347618103e-02
6.926184054464101791e-03
-1.316920369863510132e-01
-1.573082506656646729e-01
8.443632721900939941e-02
-2.388452291488647461e-01
1.629841774702072144e-01
1.938011199235916138e-01
1.159415915608406067e-01
1.257221698760986328e-01
1.298862397670745850e-01
1.006455123424530029e-01
-2.411341108381748199e-02
-1.679314114153385162e-02
-2.052664160728454590e-01
-2.219820767641067505e-02
1.090982109308242798e-01
-6.870148330926895142e-02
1.100969612598419189e-01
-5.767945200204849243e-02
