-1.222239956259727478e-01
2.935208007693290710e-02
5.934234708547592163e-02
-1.250292062759399414e-01
-1.760331392288208008e-01
-7.038071006536483765e-02
1.176381297409534454e-02
-1.023678258061408997e-01
1.100267618894577026e-01
-1.249461397528648376e-01
1.874296814203262329e-01
-1.225377172231674194e-01
-2.058921754360198975e-01
-3.388763219118118286e-02
-5.037486553192138672e-02
2.381698638200759888e-01
-1.792424172163009644e-01
-1.516551822423934937e-01
-7.598388940095901489e-02
3.796552866697311401e-02
6.146116927266120911e-02
4.583514481782913208e-02
-5.805093795061111450e-03
6.146445125341415405e-02
-1.413371562957763672e-01
-3.137178421020507812e-01
-8.467563986778259277e-02
-3.558324649930000305e-02
-9.819323197007179260e-03
-2.891070581972599030e-02
-8.395126461982727051e-02
7.054147124290466309e-02
-1.935494095087051392e-01
-5.259133130311965942e-02
7.369941473007202148e-02
9.576238691806793213e-02
7.331085391342639923e-03
-6.226279586553573608e-02
1.440868377685546875e-01
1.177766826003789902e-02
-3.244061768054962158e-01
2.031619101762771606e-02
1.524048745632171631e-01
2.328659892082214355e-01
1.411627978086471558e-01
8.080890029668807983e-02
-1.876158826053142548e-02
-1.237399280071258545e-01
1.212445944547653198e-01
-2.102883905172348022e-01
5.650427192449569702e-04
7.302265614271163940e-02
3.744344413280487061e-02
3.527725115418434143e-02
2.526795119047164917e-02
-1.161236912012100220e-01
9.094080328941345215e-02
9.958218038082122803e-02
-2.123299241065979004e-01
-1.246427930891513824e-02
1.511840373277664185e-01
-7.155998796224594116e-02
-1.495681703090667725e-03
-1.184206232428550720e-01
2.180897295475006104e-01
7.666248828172683716e-02
-1.183719336986541748e-01
-1.588870882987976074e-01
1.020635664463043213e-01
-1.815366297960281372e-01
-9.552664309740066528e-02
5.101531371474266052e-02
-1.111256927251815796e-01
-1.248560994863510132e-01
-3.478296995162963867e-01
-7.744051516056060791e-02
3.951429724693298340e-01
1.505107581615447998e-01
-1.522125452756881714e-01
1.118015218526124954e-02
1.107167452573776245e-02
2.679497003555297852e-02
1.778365820646286011e-01
1.215384975075721741e-01
-2.718302607536315918e-02
6.331151723861694336e-02
-1.011520847678184509e-01
1.929324120283126831e-02
2.398166507482528687e-01
-6.027042120695114136e-02
2.045752294361591339e-02
1.951257884502410889e-01
3.949004784226417542e-02
5.681844800710678101e-02
-7.708696648478507996e-03
4.777808487415313721e-02
-1.003864109516143799e-01
2.502514980733394623e-02
-1.278294324874877930e-01
4.540308564901351929e-02
1.685335114598274231e-02
-5.583325400948524475e-04
3.607273101806640625e-02
1.543942838907241821e-01
-1.516103148460388184e-01
1.292180716991424561e-01
-2.357464469969272614e-02
-6.043824832886457443e-03
-4.653806984424591064e-02
3.158191591501235962e-02
-5.942489579319953918e-02
-5.013066902756690979e-02
3.630992770195007324e-02
-1.924757212400436401e-01
1.554280072450637817e-01
1.842448413372039795e-01
3.087585326284170151e-03
4.824209213256835938e-02
8.845426887273788452e-02
3.447684645652770996e-02
-5.154681950807571411e-02
1.257956866174936295e-02
-1.945495605468750000e-01
-7.306141406297683716e-02
1.305247992277145386e-01
-1.016404852271080017e-01
1.761494725942611694e-01
1.754102669656276703e-02
