-2.042744904756546021e-01
1.257288902997970581e-01
4.053450003266334534e-02
-9.260313212871551514e-02
-1.528203785419464111e-01
-5.782203748822212219e-02
-5.544267594814300537e-02
-1.156449466943740845e-01
1.997928768396377563e-01
-1.476522535085678101e-01
2.882510721683502197e-01
-8.657158911228179932e-02
-1.939752697944641113e-01
-1.277914792299270630e-01
-2.972289547324180603e-02
2.301333546638488770e-01
-2.465770691633224487e-01
-1.415738612413406372e-01
1.435932237654924393e-02
6.269747391343116760e-03
7.401463389396667480e-02
-7.749902456998825073e-02
-1.897367462515830994e-02
6.585657596588134766e-02
-1.079633757472038269e-01
-4.185312092304229736e-01
-8.114598691463470459e-02
-1.023127734661102295e-01
-1.482212916016578674e-03
-7.055412232875823975e-02
-2.967694401741027832e-02
6.094620376825332642e-02
-2.115102559328079224e-01
-9.113211184740066528e-02
-4.030717536807060242e-02
1.247857362031936646e-01
-1.544104330241680145e-02
-3.594462200999259949e-02
1.185821369290351868e-01
-4.198255389928817749e-02
-2.370062172412872314e-01
-3.268660977482795715e-02
4.299462586641311646e-02
2.137848585844039917e-01
1.200927942991256714e-01
6.510746479034423828e-02
3.072539344429969788e-02
-1.178621575236320496e-01
1.144655868411064148e-01
-1.897265464067459106e-01
-2.980191633105278015e-02
1.391014903783798218e-01
3.579400479793548584e-02
5.122194439172744751e-02
1.630864851176738739e-02
-1.187212690711021423e-01
8.001686632633209229e-02
8.468615263700485229e-02
-1.851037740707397461e-01
-3.570717060938477516e-03
9.837444126605987549e-02
-5.919130891561508179e-02
-1.048085652291774750e-02
-6.614968180656433105e-02
2.722716927528381348e-01
1.359048783779144287e-01
-8.807732164859771729e-02
-1.368886381387710571e-01
1.368198841810226440e-01
-1.359789073467254639e-01
-8.435753732919692993e-02
1.267792843282222748e-02
-9.590375423431396484e-02
-2.124194800853729248e-01
-2.886188328266143799e-01
-1.919777691364288330e-02
3.735324442386627197e-01
1.162008643150329590e-01
-1.848201453685760498e-01
3.205220401287078857e-02
-6.704214215278625488e-02
-5.544312670826911926e-02
1.510551422834396362e-01
1.438734680414199829e-01
9.390655905008316040e-03
1.785417832434177399e-02
-1.189775839447975159e-01
-3.670255839824676514e-02
2.262569069862365723e-01
-4.866086319088935852e-02
5.928346514701843262e-02
2.347394227981567383e-01
7.157310843467712402e-03
7.221935689449310303e-02
1.600070483982563019e-02
3.033933788537979126e-02
-9.832572191953659058e-02
8.099712431430816650e-02
-9.138431400060653687e-02
5.558916367590427399e-03
3.117929026484489441e-02
-7.635946571826934814e-02
-5.550033226609230042e-02
4.501633718609809875e-02
-1.728574931621551514e-01
1.250695586204528809e-01
1.710662245750427246e-02
5.788660794496536255e-02
-2.435152232646942139e-02
9.369180537760257721e-03
-6.253860890865325928e-02
-7.421759516000747681e-02
1.143967211246490479e-01
-2.025060951709747314e-01
2.474994808435440063e-01
2.191220372915267944e-01
4.214901477098464966e-03
1.748456060886383057e-01
1.196166500449180603e-01
8.828373253345489502e-02
-2.100897952914237976e-02
-5.850590020418167114e-02
-1.683793067932128906e-01
-4.450175166130065918e-02
6.669668108224868774e-02
-8.604341000318527222e-02
4.090417549014091492e-02
7.467479445040225983e-03
