-1.176076903939247131e-01
7.625120133161544800e-02
1.503384765237569809e-02
-1.095640659332275391e-01
-1.071619242429733276e-01
-4.140635579824447632e-02
-8.071921765804290771e-02
-1.547498106956481934e-01
1.616941839456558228e-01
-1.841798573732376099e-01
2.791481614112854004e-01
-8.112470060586929321e-02
-2.102841138839721680e-01
-5.282381922006607056e-02
-6.909784674644470215e-02
2.404229938983917236e-01
-2.223773747682571411e-01
-1.460873037576675415e-01
-4.704956337809562683e-02
1.657134667038917542e-02
8.918846398591995239e-02
1.931253634393215179e-02
1.540154591202735901e-02
5.724459141492843628e-02
-9.579877555370330811e-02
-3.816314935684204102e-01
-1.382447332143783569e-01
-7.373526692390441895e-02
-4.003805108368396759e-03
-2.566097490489482880e-02
-3.329383581876754761e-02
4.737066850066184998e-02
-1.950961500406265259e-01
-1.372317969799041748e-02
2.975447848439216614e-02
1.187788024544715881e-01
-1.437229011207818985e-02
-1.188119724392890930e-01
1.293413788080215454e-01
-5.080112814903259277e-02
-2.613789439201354980e-01
-2.368761785328388214e-02
7.960137724876403809e-02
1.933579146862030029e-01
1.446654945611953735e-01
-1.126158889383077621e-02
9.318233467638492584e-03
-1.294853836297988892e-01
8.055888116359710693e-02
-1.448405385017395020e-01
-5.473019182682037354e-02
9.568883478641510010e-02
1.167041994631290436e-02
8.771061897277832031e-02
-7.274253293871879578e-04
-1.077998727560043335e-01
8.720166236162185669e-02
1.465362012386322021e-01
-1.616880744695663452e-01
-6.721480190753936768e-02
9.938031435012817383e-02
-1.396336555480957031e-01
-3.289544209837913513e-02
-1.022077500820159912e-01
2.477911412715911865e-01
1.116957589983940125e-01
-1.362086534500122070e-01
-2.004377841949462891e-01
1.241708472371101379e-01
-1.366410404443740845e-01
-6.530458480119705200e-02
3.752377629280090332e-02
-1.615459024906158447e-01
-1.760284453630447388e-01
-2.940856218338012695e-01
-2.913939580321311951e-02
3.714006543159484863e-01
8.958139270544052124e-02
-1.156757473945617676e-01
8.809683471918106079e-02
1.072561182081699371e-02
1.000549271702766418e-02
1.182695329189300537e-01
1.479738503694534302e-01
9.509902447462081909e-03
5.303622037172317505e-02
-1.062711626291275024e-01
5.058704316616058350e-02
2.260365933179855347e-01
-7.807597517967224121e-02
2.278681844472885132e-02
2.023108899593353271e-01
-8.551885932683944702e-02
7.933043688535690308e-02
3.579095751047134399e-02
6.780648231506347656e-02
-6.945058703422546387e-02
6.043468788266181946e-02
-9.642516821622848511e-02
7.757090777158737183e-02
3.488190472126007080e-02
-4.501592367887496948e-02
-2.868806943297386169e-02
7.481449842453002930e-02
-8.251565694808959961e-02
8.688868582248687744e-02
-1.971106603741645813e-02
4.416457563638687134e-02
3.141803201287984848e-03
-2.785797044634819031e-02
-8.019787073135375977e-02
-5.525217950344085693e-02
1.149202585220336914e-01
-2.135950177907943726e-01
2.279119044542312622e-01
1.662976145744323730e-01
4.038394242525100708e-02
1.370406448841094971e-01
1.148411631584167480e-01
9.516891092061996460e-02
-6.404966861009597778e-02
-4.384065419435501099e-02
-2.684345841407775879e-01
-2.710926532745361328e-02
1.070446744561195374e-01
-4.783641919493675232e-02
9.238511323928833008e-02
-2.747422270476818085e-02
