-6.171756237745285034e-02
1.149362772703170776e-01
4.456376656889915466e-02
-4.099443182349205017e-02
-8.721977472305297852e-02
1.745908148586750031e-02
-7.957503199577331543e-02
-1.439462751150131226e-01
1.331155300140380859e-01
-9.197778254747390747e-02
2.637801170349121094e-01
-4.990620166063308716e-02
-2.773840427398681641e-01
-1.342642456293106079e-01
-2.349290065467357635e-02
2.094432711601257324e-01
-1.804277151823043823e-01
-1.701582223176956177e-01
-1.441574655473232269e-03
3.886666148900985718e-02
7.484718412160873413e-02
-7.306411862373352051e-02
3.910478949546813965e-02
4.614621400833129883e-02
-1.164891347289085388e-01
-3.834689557552337646e-01
-7.828348129987716675e-02
-4.309230297803878784e-02
-1.289632543921470642e-02
-2.809627912938594818e-02
-6.991668790578842163e-02
5.126449465751647949e-02
-2.144538611173629761e-01
-2.256741747260093689e-02
7.190814614295959473e-02
1.229958087205886841e-01
-3.181879967451095581e-02
-8.134943991899490356e-02
1.842921078205108643e-01
-1.033223979175090790e-02
-1.988455057144165039e-01
-5.194706097245216370e-02
5.379073321819305420e-02
1.934580355882644653e-01
1.319218724966049194e-01
5.269718915224075317e-02
3.645963221788406372e-02
-1.270235925912857056e-01
1.232294067740440369e-01
-1.558533757925033569e-01
1.955102197825908661e-02
1.819132566452026367e-01
1.001326441764831543e-01
6.885244697332382202e-02
3.174320235848426819e-02
-1.310022473335266113e-01
3.795801848173141479e-02
1.600134521722793579e-01
-1.886728554964065552e-01
-2.411590516567230225e-02
5.415747687220573425e-02
-1.089283972978591919e-01
-7.366025447845458984e-02
-2.006656825542449951e-01
2.469884008169174194e-01
1.199498176574707031e-01
-1.162266880273818970e-01
-2.118664234876632690e-01
1.389016509056091309e-01
-1.044506058096885681e-01
-8.310325443744659424e-02
3.512179479002952576e-02
-1.529670357704162598e-01
-1.923211961984634399e-01
-2.672632932662963867e-01
1.304880063980817795e-02
2.862884104251861572e-01
1.547993421554565430e-01
-1.977435052394866943e-01
3.887619078159332275e-02
3.496297448873519897e-02
-2.411110326647758484e-02
6.191123276948928833e-02
1.507614850997924805e-01
4.967026412487030029e-03
6.844741851091384888e-02
-6.186772882938385010e-02
-3.177373111248016357e-02
1.770892292261123657e-01
-8.055074512958526611e-02
3.928696364164352417e-02
1.969666630029678345e-01
-7.581054419279098511e-02
7.251781970262527466e-02
9.174782782793045044e-03
-5.211340636014938354e-02
-8.821069449186325073e-02
8.998247236013412476e-02
-1.428995132446289062e-01
-1.662615872919559479e-02
-1.655475050210952759e-02
-4.517561197280883789e-02
3.896654769778251648e-02
5.154326558113098145e-02
-1.170075535774230957e-01
3.698225691914558411e-02
-4.049147292971611023e-02
1.821965537965297699e-02
1.942716725170612335e-02
-3.339387103915214539e-02
-1.157637014985084534e-01
-1.115487217903137207e-01
1.081960797309875488e-01
-2.805307209491729736e-01
2.463482171297073364e-01
1.628322750329971313e-01
4.619579017162322998e-02
1.008046343922615051e-01
1.056516319513320923e-01
1.528260707855224609e-01
2.026186324656009674e-03
-1.239263359457254410e-02
-1.853346526622772217e-01
-4.117928072810173035e-02
1.250937283039093018e-01
-6.934494525194168091e-02
5.501068383455276489e-02
-5.925071239471435547e-02
