-1.516289561986923218e-01
8.218930661678314209e-02
4.584199190139770508e-02
-1.017107293009757996e-01
-1.317472457885742188e-01
-1.566490717232227325e-02
-5.921632796525955200e-02
-1.409580260515213013e-01
1.743350327014923096e-01
-2.067933380603790283e-01
2.497780621051788330e-01
-5.638096481561660767e-02
-2.228240668773651123e-01
-9.753053635358810425e-02
-7.437625527381896973e-02
2.364047765731811523e-01
-2.247642129659652710e-01
-1.556808203458786011e-01
-6.063794717192649841e-03
6.567175500094890594e-03
9.787478297948837280e-02
6.524955853819847107e-03
6.223130598664283752e-02
2.593431249260902405e-02
-1.084126308560371399e-01
-3.841652572154998779e-01
-1.036744564771652222e-01
-6.592526286840438843e-02
-1.186185795813798904e-02
-3.712721914052963257e-02
-2.066688239574432373e-02
4.677472170442342758e-03
-2.036610543727874756e-01
-2.197818830609321594e-02
-1.905038580298423767e-02
7.973983138799667358e-02
-2.214621566236019135e-02
-1.091345697641372681e-01
1.691728383302688599e-01
2.353856712579727173e-02
-2.356363534927368164e-01
-2.600618824362754822e-02
2.294128388166427612e-02
2.346865534782409668e-01
9.286203235387802124e-02
1.275981590151786804e-02
4.453776031732559204e-02
-1.986145228147506714e-01
1.349751651287078857e-01
-1.449355930089950562e-01
-4.695376753807067871e-02
1.263864338397979736e-01
1.745933294296264648e-02
1.975596323609352112e-02
4.175813402980566025e-03
-7.637412846088409424e-02
1.166478842496871948e-01
9.813217073678970337e-02
-1.625186353921890259e-01
-2.243591472506523132e-02
1.421961486339569092e-01
-6.381511688232421875e-02
-2.522150054574012756e-02
-1.054470911622047424e-01
2.591999769210815430e-01
7.707707583904266357e-02
-1.001406386494636536e-01
-1.884846985340118408e-01
1.346583515405654907e-01
-8.279285579919815063e-02
-8.604821562767028809e-02
2.747035399079322815e-02
-1.537855267524719238e-01
-1.872519403696060181e-01
-2.761439979076385498e-01
-2.656679973006248474e-02
3.891586065292358398e-01
1.065030097961425781e-01
-1.148973852396011353e-01
5.825110897421836853e-02
-5.426113307476043701e-02
1.341035682708024979e-02
1.529190987348556519e-01
1.837679743766784668e-01
-2.120894379913806915e-02
4.993876814842224121e-02
-1.016116067767143250e-01
4.670441523194313049e-02
2.011480778455734253e-01
-9.675977379083633423e-02
-3.701758570969104767e-03
1.989840418100357056e-01
6.816411390900611877e-03
8.410575240850448608e-02
2.366220206022262573e-02
1.481017936021089554e-02
-1.182978376746177673e-01
1.271520256996154785e-01
-1.011657267808914185e-01
5.579154193401336670e-02
5.304120481014251709e-02
-3.549016267061233521e-02
3.147055953741073608e-02
7.225615531206130981e-02
-1.009663939476013184e-01
1.001781448721885681e-01
-1.966331340372562408e-02
9.349511936306953430e-03
2.210305444896221161e-02
-1.636729389429092407e-02
-1.164821833372116089e-01
-7.620077580213546753e-02
6.305044889450073242e-02
-2.050680518150329590e-01
2.046521157026290894e-01
1.809999197721481323e-01
5.782293528318405151e-02
1.418253034353256226e-01
1.521241813898086548e-01
1.217981800436973572e-01
-5.169830471277236938e-02
1.234371680766344070e-02
-2.165602445602416992e-01
-1.813288591802120209e-02
1.029445081949234009e-01
-2.916886657476425171e-02
1.042956039309501648e-01
-2.139477431774139404e-02
