-1.482403129339218140e-01
7.209102809429168701e-02
9.454006329178810120e-03
-1.477518528699874878e-01
-1.174179017543792725e-01
-2.013357914984226227e-02
-4.558394849300384521e-02
-1.206720620393753052e-01
1.749128997325897217e-01
-1.854064613580703735e-01
2.646055519580841064e-01
-1.107600703835487366e-01
-1.573292165994644165e-01
-7.109225541353225708e-02
-8.625024557113647461e-02
2.314564287662506104e-01
-2.771046161651611328e-01
-1.118357330560684204e-01
-2.093006670475006104e-02
-1.243994012475013733e-02
1.043455228209495544e-01
-3.113626688718795776e-02
-3.902959078550338745e-02
8.149904012680053711e-02
-7.686307281255722046e-02
-3.640522360801696777e-01
-9.128759801387786865e-02
-4.474806040525436401e-02
2.069095894694328308e-02
-3.617171943187713623e-02
7.463692687451839447e-03
7.845796644687652588e-02
-2.191536277532577515e-01
-3.981009870767593384e-02
-1.510051824152469635e-02
9.120257198810577393e-02
-1.314316503703594208e-02
-8.505240827798843384e-02
1.080311387777328491e-01
-2.342629805207252502e-02
-2.256488204002380371e-01
2.638109214603900909e-02
9.530888497829437256e-02
1.916235238313674927e-01
1.576965451240539551e-01
3.738971427083015442e-02
-9.047687053680419922e-04
-1.129702776670455933e-01
1.491457968950271606e-01
-1.834312826395034790e-01
-6.176726147532463074e-02
9.317544102668762207e-02
7.319152355194091797e-02
1.975125633180141449e-02
4.559092968702316284e-02
-1.149506568908691406e-01
3.501328080892562866e-02
1.528226733207702637e-01
-1.422810852527618408e-01
-6.467262282967567444e-03
4.309733957052230835e-02
-8.531226962804794312e-02
-1.276587136089801788e-03
-1.378154307603836060e-01
1.939626932144165039e-01
1.248412802815437317e-01
-8.829608559608459473e-02
-1.900308281183242798e-01
1.484486758708953857e-01
-1.168663352727890015e-01
-7.954140752553939819e-02
4.471382871270179749e-02
-1.184423565864562988e-01
-1.825449466705322266e-01
-2.731275558471679688e-01
-6.005616858601570129e-03
3.490164279937744141e-01
1.108019128441810608e-01
-8.503621071577072144e-02
7.712902128696441650e-02
4.861709102988243103e-02
-2.865862846374511719e-02
1.085693985223770142e-01
1.677241921424865723e-01
-2.623691409826278687e-02
4.554996266961097717e-03
-3.361424803733825684e-02
1.893434673547744751e-02
2.060637176036834717e-01
-3.132021427154541016e-02
1.049989834427833557e-02
2.018114179372787476e-01
-8.477078378200531006e-02
5.041348189115524292e-02
-2.752366103231906891e-02
-3.306962177157402039e-02
-8.973184227943420410e-02
1.098186448216438293e-01
-9.005081653594970703e-02
2.879790961742401123e-02
1.019498705863952637e-02
-4.801703616976737976e-02
-1.482741441577672958e-02
7.381338626146316528e-02
-1.386955976486206055e-01
6.478323787450790405e-02
-6.699962913990020752e-02
3.922717273235321045e-02
-1.900362409651279449e-02
-2.217781962826848030e-03
-6.429874151945114136e-02
1.743844151496887207e-02
9.741511940956115723e-02
-2.067449986934661865e-01
2.187593281269073486e-01
1.882840096950531006e-01
3.461669012904167175e-02
1.252914369106292725e-01
1.308229416608810425e-01
5.114097893238067627e-02
2.285791933536529541e-02
-7.311719469726085663e-03
-2.237695157527923584e-01
-2.363350056111812592e-02
1.205177083611488342e-01
-1.081827357411384583e-01
7.833879441022872925e-02
-4.481068998575210571e-02
