-1.258615851402282715e-01
1.321030557155609131e-01
9.274450689554214478e-02
-9.612626582384109497e-02
-8.303997665643692017e-02
-3.660832345485687256e-02
-3.898169100284576416e-02
-1.472805738449096680e-01
2.115503549575805664e-01
-1.963454782962799072e-01
3.108964562416076660e-01
-8.187333494424819946e-02
-2.000059634447097778e-01
-9.346922487020492554e-02
-3.422805294394493103e-02
2.373528331518173218e-01
-2.525290548801422119e-01
-1.433725059032440186e-01
-2.690409868955612183e-02
3.556407615542411804e-02
9.147009253501892090e-02
-2.235534600913524628e-02
3.754641162231564522e-03
4.208096489310264587e-02
-1.614914536476135254e-01
-3.791528642177581787e-01
-9.372039884328842163e-02
-4.906638711690902710e-02
2.511307969689369202e-02
-4.231285303831100464e-02
-4.158530384302139282e-02
2.462367340922355652e-02
-2.268875986337661743e-01
-3.112676925957202911e-02
-2.413961663842201233e-02
1.012512817978858948e-01
-5.444552749395370483e-03
-8.993860334157943726e-02
1.211673617362976074e-01
-2.956744655966758728e-02
-2.917193770408630371e-01
-3.711827099323272705e-02
8.629594743251800537e-02
1.905844509601593018e-01
1.240930259227752686e-01
-3.836866095662117004e-02
3.884192556142807007e-02
-1.149618402123451233e-01
1.264971196651458740e-01
-1.478038132190704346e-01
-7.660595327615737915e-02
9.976226091384887695e-02
8.674582093954086304e-02
5.154506489634513855e-02
3.002536669373512268e-02
-1.299077570438385010e-01
3.755281493067741394e-02
1.732908636331558228e-01
-1.499059051275253296e-01
-4.216532222926616669e-03
9.266709536314010620e-02
-9.114855527877807617e-02
-8.120916783809661865e-03
-6.497577577829360962e-02
2.132264971733093262e-01
7.650113850831985474e-02
-1.136122047901153564e-01
-1.889784485101699829e-01
1.199366077780723572e-01
-9.838468581438064575e-02
-4.451457038521766663e-02
4.320693761110305786e-02
-1.436522156000137329e-01
-1.940823197364807129e-01
-3.283448219299316406e-01
-3.522724658250808716e-02
3.592934012413024902e-01
5.334698036313056946e-02
-9.943059086799621582e-02
1.055164411664009094e-01
-2.499670535326004028e-02
-1.164689660072326660e-02
7.162647694349288940e-02
1.719419062137603760e-01
-1.676709577441215515e-02
1.003137975931167603e-01
-8.252791315317153931e-02
5.543962121009826660e-02
2.160199433565139771e-01
-7.230810821056365967e-02
7.119042426347732544e-02
2.086599171161651611e-01
-8.020256459712982178e-02
5.499974638223648071e-02
-3.188966587185859680e-02
-1.715990714728832245e-02
-1.093277186155319214e-01
9.468492865562438965e-02
-7.307043671607971191e-02
5.480971932411193848e-02
1.694854348897933960e-03
-7.061243802309036255e-02
5.676681175827980042e-04
6.298578530550003052e-02
-1.823879778385162354e-01
6.369812041521072388e-02
1.820219308137893677e-02
4.632943496108055115e-02
3.229031711816787720e-02
3.162059187889099121e-02
-7.753073424100875854e-02
-8.190452307462692261e-02
9.200011193752288818e-02
-2.409311085939407349e-01
2.091063559055328369e-01
2.065619826316833496e-01
2.473083324730396271e-02
1.209710389375686646e-01
1.297434866428375244e-01
7.004242390394210815e-02
2.407275140285491943e-03
2.094743400812149048e-02
-1.803022176027297974e-01
2.819947898387908936e-03
8.474319428205490112e-02
-1.137990802526473999e-01
7.151372730731964111e-02
-3.284174576401710510e-02
