-8.976179361343383789e-02
6.659042090177536011e-02
3.237950056791305542e-02
-1.147873774170875549e-01
-1.803441941738128662e-01
-2.277498506009578705e-02
-4.824851825833320618e-02
-1.508266180753707886e-01
1.966914385557174683e-01
-1.744876056909561157e-01
2.424908727407455444e-01
-1.102286130189895630e-01
-2.555699348449707031e-01
-4.928529262542724609e-02
-7.672125101089477539e-02
2.448845803737640381e-01
-2.257642447948455811e-01
-1.681329905986785889e-01
-3.998851776123046875e-02
5.451871082186698914e-03
7.036029547452926636e-02
8.939207531511783600e-03
7.068717479705810547e-02
2.049427665770053864e-02
-9.647835791110992432e-02
-4.187953174114227295e-01
-9.512512385845184326e-02
-7.342685014009475708e-02
-6.390699185431003571e-03
-5.000065267086029053e-02
-7.536369562149047852e-02
-6.192118860781192780e-03
-1.955518275499343872e-01
-6.358541548252105713e-02
3.444127738475799561e-02
6.803679466247558594e-02
-5.782809108495712280e-03
-1.199521496891975403e-01
1.237494125962257385e-01
-2.581900171935558319e-02
-2.983098030090332031e-01
-1.605518907308578491e-02
1.203067824244499207e-01
1.813628673553466797e-01
1.607319265604019165e-01
2.137887105345726013e-02
9.233766235411167145e-03
-2.246533632278442383e-01
1.405489742755889893e-01
-1.834653913974761963e-01
7.925525307655334473e-03
7.800054550170898438e-02
2.301442436873912811e-02
4.472685232758522034e-02
-1.701252721250057220e-02
-1.075505316257476807e-01
5.721737071871757507e-02
2.023296803236007690e-01
-2.028362452983856201e-01
1.380542293190956116e-02
2.036163508892059326e-01
-6.102024018764495850e-02
-2.926785871386528015e-02
-1.040611937642097473e-01
2.458295971155166626e-01
1.040344983339309692e-01
-1.463673263788223267e-01
-1.911575347185134888e-01
7.638964802026748657e-02
-1.378315240144729614e-01
-5.108305066823959351e-02
2.419705316424369812e-02
-1.561341583728790283e-01
-2.129644602537155151e-01
-3.120521903038024902e-01
-1.611034944653511047e-02
4.187429845333099365e-01
1.058982536196708679e-01
-8.994285017251968384e-02
-1.187458634376525879e-02
-3.245847672224044800e-02
5.182644724845886230e-02
1.258011907339096069e-01
1.476350873708724976e-01
-2.440371178090572357e-02
8.105775341391563416e-03
-1.129222735762596130e-01
4.544140771031379700e-02
2.161811888217926025e-01
-9.486625343561172485e-02
1.285842619836330414e-02
2.206706106662750244e-01
-5.100665241479873657e-02
9.885293990373611450e-02
-1.023885607719421387e-02
1.185210943222045898e-01
-1.599998474121093750e-01
9.486310184001922607e-02
-1.475676000118255615e-01
4.307474195957183838e-02
-9.653317742049694061e-03
-3.497791662812232971e-02
2.950636111199855804e-02
8.472021669149398804e-02
-1.071002781391143799e-01
7.481043040752410889e-02
-4.471045359969139099e-02
3.113972954452037811e-03
1.613827422261238098e-02
-5.747259408235549927e-02
-3.627885133028030396e-02
-9.161247313022613525e-02
8.543364703655242920e-02
-1.922867000102996826e-01
1.898638904094696045e-01
1.960395425558090210e-01
1.301146149635314941e-01
1.587619483470916748e-01
1.074628978967666626e-01
6.857272982597351074e-02
-2.327900379896163940e-02
-2.340880408883094788e-02
-2.253082990646362305e-01
3.121264092624187469e-02
8.772544562816619873e-02
-5.222767218947410583e-02
1.106273531913757324e-01
-1.452806685119867325e-02
