-1.409333050251007080e-01
5.391945689916610718e-02
4.313369281589984894e-03
-1.335858404636383057e-01
-1.477745771408081055e-01
-7.553052157163619995e-02
-7.936405390501022339e-02
-1.294874697923660278e-01
2.171321809291839600e-01
-1.869589537382125854e-01
2.346316576004028320e-01
-7.314581423997879028e-02
-2.027830630540847778e-01
-8.399463444948196411e-02
-2.929973788559436798e-02
2.433762401342391968e-01
-2.342114597558975220e-01
-1.560216844081878662e-01
3.705693781375885010e-02
9.945321828126907349e-03
8.336839824914932251e-02
-1.805821061134338379e-02
3.349021449685096741e-02
8.826442807912826538e-02
-1.097872853279113770e-01
-4.450357556343078613e-01
-9.694662690162658691e-02
-9.869371354579925537e-02
-6.167016550898551941e-02
1.055139303207397461e-02
5.994212627410888672e-02
1.082982346415519714e-01
-1.937183141708374023e-01
-7.609611377120018005e-03
-1.052335463464260101e-02
8.172729611396789551e-02
3.301890194416046143e-02
-3.182040899991989136e-02
1.711475700139999390e-01
4.725610464811325073e-02
-2.896230816841125488e-01
2.287675626575946808e-03
4.827252030372619629e-02
2.028412222862243652e-01
8.080777525901794434e-02
8.614593185484409332e-03
6.443817913532257080e-02
-1.569194495677947998e-01
1.220834925770759583e-01
-1.480133831501007080e-01
-3.476666286587715149e-03
1.033601388335227966e-01
2.796761319041252136e-02
-2.641862444579601288e-02
5.051735788583755493e-02
-1.417254656553268433e-01
8.381118625402450562e-02
1.051307618618011475e-01
-2.008055448532104492e-01
-1.744278147816658020e-02
8.693226426839828491e-02
-5.185966193675994873e-02
-3.425846993923187256e-02
-9.454563260078430176e-02
2.829651832580566406e-01
1.317517906427383423e-01
-7.954060286283493042e-02
-1.957589238882064819e-01
1.461925804615020752e-01
-8.683030307292938232e-02
-1.088573634624481201e-01
5.461467057466506958e-02
-1.778205186128616333e-01
-1.542573422193527222e-01
-3.433397710323333740e-01
-2.349108085036277771e-02
3.907043635845184326e-01
5.891773477196693420e-02
-1.350124627351760864e-01
8.323850482702255249e-02
-3.110589087009429932e-02
-2.468708716332912445e-02
9.977977722883224487e-02
1.852165758609771729e-01
-2.592077478766441345e-03
4.106465727090835571e-03
-6.962582468986511230e-02
-9.041735902428627014e-04
1.710572838783264160e-01
-3.426770865917205811e-02
-1.319334656000137329e-02
1.910065561532974243e-01
-2.397088147699832916e-02
1.120762452483177185e-01
-1.572421938180923462e-02
-1.819804869592189789e-02
-1.320299357175827026e-01
6.772377341985702515e-02
-1.083100885152816772e-01
-2.728550322353839874e-02
-2.971972338855266571e-03
9.415388107299804688e-03
-1.799479126930236816e-02
9.222788363695144653e-02
-1.950587928295135498e-01
9.712820500135421753e-02
-2.260318771004676819e-02
-2.333798818290233612e-02
-1.633354648947715759e-02
8.891439437866210938e-02
-4.831159487366676331e-02
-6.274066865444183350e-02
6.466527283191680908e-02
-1.978433728218078613e-01
2.265657186508178711e-01
1.611075997352600098e-01
8.037913590669631958e-02
1.533459722995758057e-01
9.710858762264251709e-02
6.012503802776336670e-02
-6.144097074866294861e-02
8.650160394608974457e-03
-2.304196208715438843e-01
1.275727245956659317e-02
9.321330487728118896e-02
-6.622184067964553833e-02
7.377178966999053955e-02
8.477193303406238556e-03
