-1.441395282745361328e-01
7.516425848007202148e-02
-1.062971446663141251e-02
-1.091930121183395386e-01
-1.545200198888778687e-01
-1.422601006925106049e-02
-1.575659960508346558e-01
-1.514548361301422119e-01
1.380846649408340454e-01
-1.826466619968414307e-01
2.129055708646774292e-01
-6.034593284130096436e-02
-1.588952243328094482e-01
-9.690938889980316162e-02
-4.849051684141159058e-02
2.421163916587829590e-01
-2.179320603609085083e-01
-2.061910629272460938e-01
-4.766675829887390137e-02
-6.401119753718376160e-03
3.193564713001251221e-02
1.456170994788408279e-02
2.228576131165027618e-02
6.599159538745880127e-02
-1.233929991722106934e-01
-3.904772698879241943e-01
-7.560768723487854004e-02
-7.634484022855758667e-02
-8.187094703316688538e-03
-2.352440916001796722e-02
-5.759342387318611145e-02
1.253484841436147690e-02
-2.151300013065338135e-01
-2.256231009960174561e-02
3.743097931146621704e-02
1.346216201782226562e-01
2.396797575056552887e-02
-7.499139010906219482e-02
1.467761099338531494e-01
1.225714012980461121e-02
-2.659832239151000977e-01
-6.782228592783212662e-03
6.884574145078659058e-02
2.089525759220123291e-01
1.789714843034744263e-01
3.656744956970214844e-02
4.672242328524589539e-02
-1.535278558731079102e-01
1.851586103439331055e-01
-2.066082656383514404e-01
2.278941124677658081e-02
1.162438616156578064e-01
1.000136137008666992e-02
1.913542672991752625e-02
6.904941983520984650e-03
-8.338697999715805054e-02
7.321772724390029907e-02
1.515882313251495361e-01
-1.709495484828948975e-01
-3.489956632256507874e-02
1.198141202330589294e-01
-3.403723239898681641e-02
-7.130961120128631592e-02
-1.206252127885818481e-01
2.495860010385513306e-01
1.533537656068801880e-01
-9.463431686162948608e-02
-2.195433378219604492e-01
1.023979261517524719e-01
-1.504650861024856567e-01
-1.047275513410568237e-01
4.849113523960113525e-02
-1.224664524197578430e-01
-1.649704128503799438e-01
-3.198322653770446777e-01
-4.105429351329803467e-02
4.065727293491363525e-01
1.123522818088531494e-01
-1.451487392187118530e-01
6.514465808868408203e-02
2.300058864057064056e-02
-1.250468008220195770e-02
1.338561028242111206e-01
1.222039237618446350e-01
-2.579170837998390198e-02
4.959804937243461609e-02
-8.936277776956558228e-02
1.423636544495820999e-02
2.760885953903198242e-01
-2.720259688794612885e-02
2.568475902080535889e-02
1.854220032691955566e-01
-1.169214397668838501e-02
6.429991871118545532e-02
5.829380825161933899e-02
9.063359349966049194e-02
-9.463417530059814453e-02
3.283237293362617493e-02
-1.133532598614692688e-01
-3.108475357294082642e-04
3.807957097887992859e-02
6.194719113409519196e-03
-4.128786269575357437e-03
5.742837116122245789e-02
-1.329153329133987427e-01
1.531022191047668457e-01
-6.514654308557510376e-02
2.770540490746498108e-02
-5.145655944943428040e-03
-2.673475630581378937e-02
-4.565152898430824280e-02
-5.674513429403305054e-02
1.104428544640541077e-01
-1.640996783971786499e-01
1.589467972517013550e-01
1.522536128759384155e-01
5.657126009464263916e-02
1.510495394468307495e-01
1.206535995006561279e-01
9.483533352613449097e-02
-7.491775602102279663e-02
7.376215420663356781e-03
-2.242491096258163452e-01
-6.884425878524780273e-02
8.329202234745025635e-02
-6.373884528875350952e-02
1.136939749121665955e-01
7.360135205090045929e-04
