-7.160449773073196411e-02
5.431548133492469788e-02
3.785831481218338013e-02
-9.850216656923294067e-02
-8.559926599264144897e-02
-2.440407499670982361e-02
-8.443971723318099976e-02
-1.257062405347824097e-01
2.029953300952911377e-01
-1.633004695177078247e-01
2.375224977731704712e-01
-2.589772641658782959e-02
-1.790114045143127441e-01
-1.237323209643363953e-01
-5.899438634514808655e-02
2.266051322221755981e-01
-2.367723286151885986e-01
-1.800144314765930176e-01
-5.984767340123653412e-03
2.292248606681823730e-02
8.190677314996719360e-02
-1.097934134304523468e-02
2.095766551792621613e-02
6.141567602753639221e-02
-1.583549082279205322e-01
-4.044402241706848145e-01
-9.572915732860565186e-02
-9.890270233154296875e-02
-6.487891823053359985e-02
-4.156248271465301514e-02
-5.849568545818328857e-02
4.062864184379577637e-02
-2.005256712436676025e-01
-1.647014170885086060e-02
2.038822323083877563e-02
6.383825838565826416e-02
-6.494901608675718307e-03
-4.567264765501022339e-02
1.435181796550750732e-01
2.476563304662704468e-02
-2.836215496063232422e-01
3.877109289169311523e-02
7.584640383720397949e-02
2.029402107000350952e-01
1.210182979702949524e-01
6.555897649377584457e-03
7.430577650666236877e-03
-1.471280753612518311e-01
1.705091148614883423e-01
-1.739275455474853516e-01
1.267626415938138962e-02
1.036944612860679626e-01
9.024526923894882202e-02
7.781437039375305176e-02
3.935384005308151245e-02
-9.373661130666732788e-02
3.782324492931365967e-02
1.471671760082244873e-01
-1.606438755989074707e-01
1.332078594714403152e-02
3.789890184998512268e-02
-7.430675625801086426e-02
-3.500517457723617554e-02
-1.175247803330421448e-01
1.857142597436904907e-01
1.164347976446151733e-01
-1.192777007818222046e-01
-2.064870446920394897e-01
4.306906089186668396e-02
-1.241118013858795166e-01
-1.117173358798027039e-01
6.940682232379913330e-02
-1.290314793586730957e-01
-2.076523154973983765e-01
-3.268174231052398682e-01
-7.502162829041481018e-03
3.746899366378784180e-01
1.190328523516654968e-01
-1.948107331991195679e-01
2.517089992761611938e-02
-1.441224827431142330e-03
-2.319665625691413879e-02
1.207572519779205322e-01
1.560225188732147217e-01
-5.734406411647796631e-03
7.727033644914627075e-02
-6.047182530164718628e-02
5.401085130870342255e-03
2.171804308891296387e-01
-5.979118496179580688e-02
-6.325107999145984650e-03
2.147368788719177246e-01
-4.431807994842529297e-02
1.617411822080612183e-01
-2.500043250620365143e-02
1.610209420323371887e-02
-8.594815433025360107e-02
1.047218143939971924e-01
-1.298363804817199707e-01
2.381924539804458618e-02
-1.178828347474336624e-02
2.867406979203224182e-02
-1.386544480919837952e-02
3.682721033692359924e-02
-1.334602981805801392e-01
1.027314364910125732e-01
2.087990194559097290e-02
4.599248990416526794e-03
8.377759717404842377e-03
7.174418866634368896e-02
-1.011952310800552368e-01
-9.222320467233657837e-02
6.410950422286987305e-02
-2.491175085306167603e-01
2.293628305196762085e-01
1.997056007385253906e-01
9.438959509134292603e-02
1.286748796701431274e-01
1.024689674377441406e-01
2.600432373583316803e-02
-4.456428438425064087e-02
-2.524501085281372070e-02
-1.937705278396606445e-01
4.043995402753353119e-03
1.498245894908905029e-01
-5.700707063078880310e-02
7.994151115417480469e-02
-5.052470788359642029e-02
