-1.079081445932388306e-01
7.306425273418426514e-02
4.703419283032417297e-02
-1.552721560001373291e-01
-8.565579354763031006e-02
4.296972602605819702e-02
-7.809486985206604004e-02
-1.405887156724929810e-01
1.325880587100982666e-01
-1.826197803020477295e-01
2.583884596824645996e-01
-1.266740262508392334e-01
-2.250390797853469849e-01
-9.178823977708816528e-02
-6.097972393035888672e-02
2.233420908451080322e-01
-2.040233761072158813e-01
-1.275384128093719482e-01
-3.326359763741493225e-02
8.656343817710876465e-02
8.433277159929275513e-02
-7.641260325908660889e-02
2.122670039534568787e-02
6.427696347236633301e-02
-1.431289166212081909e-01
-3.868336975574493408e-01
-8.751629292964935303e-02
-5.976826697587966919e-02
-1.006557494401931763e-01
-4.069216921925544739e-02
-4.541916400194168091e-02
3.856686130166053772e-02
-2.355057299137115479e-01
3.388836607336997986e-02
-4.981393739581108093e-02
7.890871912240982056e-02
-5.461196415126323700e-03
-9.441807121038436890e-02
1.308475136756896973e-01
-2.543125301599502563e-02
-3.055670559406280518e-01
8.941806852817535400e-03
6.490118801593780518e-02
1.640707403421401978e-01
1.598371118307113647e-01
-2.166357636451721191e-02
-1.631161011755466461e-02
-9.071204811334609985e-02
1.318445801734924316e-01
-2.130858451128005981e-01
-7.834963500499725342e-03
1.060929819941520691e-01
3.729046136140823364e-02
8.512329310178756714e-03
4.746475443243980408e-02
-4.608199372887611389e-02
5.540676414966583252e-02
1.695115268230438232e-01
-1.592884212732315063e-01
-3.451933711767196655e-02
5.225518718361854553e-02
-5.794462934136390686e-02
-5.213745404034852982e-03
-1.616124361753463745e-01
2.000051885843276978e-01
1.780996918678283691e-01
-1.097505390644073486e-01
-1.846488565206527710e-01
1.071233525872230530e-01
-1.029022485017776489e-01
-4.304974526166915894e-02
4.901156574487686157e-02
-1.644133627414703369e-01
-2.265308052301406860e-01
-2.923671901226043701e-01
7.129434030503034592e-03
3.163860142230987549e-01
1.532856523990631104e-01
-1.493758261203765869e-01
4.351937025785446167e-02
2.055779471993446350e-02
-3.215134143829345703e-02
1.157546341419219971e-01
1.540309488773345947e-01
1.962753944098949432e-02
6.895656138658523560e-02
-2.752125635743141174e-02
4.467293247580528259e-02
2.323643863201141357e-01
-6.813411414623260498e-02
2.935299277305603027e-02
2.560150325298309326e-01
-8.374653756618499756e-02
8.353216573596000671e-03
-2.310966700315475464e-02
-3.699653223156929016e-02
-6.109973788261413574e-02
8.549231290817260742e-02
-1.382805407047271729e-01
5.965860188007354736e-02
-2.158644143491983414e-03
-3.427999466657638550e-02
-1.208456791937351227e-02
9.157584607601165771e-02
-1.576942503452301025e-01
4.620283097028732300e-02
-4.119871929287910461e-02
2.774498425424098969e-04
2.593211270868778229e-02
-6.834116298705339432e-03
-8.251606673002243042e-02
-6.108082458376884460e-02
8.890631794929504395e-02
-2.107304483652114868e-01
1.726459413766860962e-01
1.495448350906372070e-01
7.387080788612365723e-02
5.936781689524650574e-02
1.215468645095825195e-01
6.436074525117874146e-02
9.629659354686737061e-03
1.352429203689098358e-02
-2.198061645030975342e-01
-1.557232695631682873e-03
1.722108274698257446e-01
-7.380349189043045044e-02
8.927861601114273071e-02
-5.082380771636962891e-02
