-1.611403673887252808e-01
2.197418734431266785e-02
-1.408796384930610657e-02
-1.156002357602119446e-01
-1.083148792386054993e-01
-4.587906971573829651e-02
-2.412586286664009094e-02
-1.615808457136154175e-01
2.085847556591033936e-01
-1.977427899837493896e-01
2.678890526294708252e-01
-1.245938763022422791e-01
-1.797112226486206055e-01
-1.012181639671325684e-01
-9.192471392452716827e-03
2.240239679813385010e-01
-2.613791227340698242e-01
-1.427843421697616577e-01
-8.419835008680820465e-03
-5.025751143693923950e-02
3.356659039855003357e-02
-3.978728502988815308e-02
1.928183622658252716e-02
1.202192902565002441e-01
-1.457254588603973389e-01
-4.047670364379882812e-01
-8.464107662439346313e-02
-1.239847540855407715e-01
2.064014598727226257e-02
-1.389815378934144974e-02
1.209580898284912109e-02
1.018459275364875793e-01
-2.343471944332122803e-01
-3.801379725337028503e-02
-2.403796091675758362e-02
9.695555269718170166e-02
4.047937318682670593e-02
-3.305826708674430847e-02
1.457635462284088135e-01
-1.809375546872615814e-02
-2.405894845724105835e-01
-3.731042519211769104e-02
7.641883939504623413e-02
2.258354574441909790e-01
1.418013572692871094e-01
-3.138980269432067871e-02
6.616214290261268616e-03
-1.064655929803848267e-01
1.153531819581985474e-01
-1.387605518102645874e-01
-5.015921220183372498e-02
6.581851094961166382e-02
5.588335171341896057e-02
-3.061842545866966248e-02
5.857358127832412720e-02
-8.981779217720031738e-02
8.124103769659996033e-03
1.420315206050872803e-01
-1.990088075399398804e-01
-2.777474373579025269e-02
5.139440670609474182e-02
-1.751648448407649994e-02
-4.898710176348686218e-02
-1.201150268316268921e-01
2.568009197711944580e-01
1.197938099503517151e-01
-1.065168082714080811e-01
-1.639013886451721191e-01
1.420061141252517700e-01
-1.215924918651580811e-01
-6.753616034984588623e-02
3.276986256241798401e-02
-1.437163650989532471e-01
-1.786797493696212769e-01
-3.457680940628051758e-01
-1.916671358048915863e-02
3.981271386146545410e-01
7.146212458610534668e-02
-1.393531709909439087e-01
1.003208309412002563e-01
9.240041486918926239e-03
-6.175026297569274902e-02
1.285845786333084106e-01
1.603678762912750244e-01
-6.353110074996948242e-03
4.796656966209411621e-02
-3.180779516696929932e-02
4.924296215176582336e-02
1.439156979322433472e-01
-1.783168874680995941e-02
8.021248504519462585e-03
1.570504009723663330e-01
-8.399823307991027832e-02
2.966500259935855865e-02
6.702355109155178070e-03
3.635396249592304230e-03
-1.363934278488159180e-01
6.427736580371856689e-02
-1.568071693181991577e-01
-1.811405643820762634e-02
-5.181968212127685547e-03
1.498572435230016708e-02
1.012193411588668823e-02
6.788987666368484497e-02
-1.546953171491622925e-01
9.766197204589843750e-02
8.991670794785022736e-03
-3.656413406133651733e-02
-1.447832770645618439e-02
5.311372503638267517e-02
-6.594030559062957764e-02
-4.637218266725540161e-02
8.745832741260528564e-02
-2.372424751520156860e-01
1.592410802841186523e-01
1.476115584373474121e-01
2.076923660933971405e-02
1.633462011814117432e-01
7.320060580968856812e-02
4.360035434365272522e-02
-3.709206357598304749e-02
5.479367822408676147e-02
-2.035970687866210938e-01
-1.790566137060523033e-03
1.098446026444435120e-01
-9.655047953128814697e-02
1.083342656493186951e-01
-3.526945039629936218e-02
