-1.036035791039466858e-01
9.019564092159271240e-02
4.750012233853340149e-02
-1.519191861152648926e-01
-1.476496607065200806e-01
-4.510029777884483337e-02
-4.171708598732948303e-02
-1.244379878044128418e-01
2.017077505588531494e-01
-1.487801223993301392e-01
2.569190859794616699e-01
-9.203262627124786377e-02
-2.347526699304580688e-01
-7.827413082122802734e-02
-5.033692345023155212e-02
2.367588132619857788e-01
-2.158876657485961914e-01
-1.543242633342742920e-01
-5.097509361803531647e-03
4.846591502428054810e-02
9.694143384695053101e-02
-1.780147105455398560e-02
2.910125441849231720e-02
8.470471948385238647e-02
-1.267565041780471802e-01
-4.202223718166351318e-01
-1.222740039229393005e-01
-4.798654839396476746e-02
-8.374573290348052979e-02
-3.111972846090793610e-02
-9.442004375159740448e-03
7.119675725698471069e-02
-2.119659632444381714e-01
-1.653975993394851685e-02
1.525727193802595139e-02
7.210260629653930664e-02
1.569096557796001434e-02
-1.232976838946342468e-01
9.691984206438064575e-02
-1.328743342310190201e-02
-2.810637950897216797e-01
1.411671563982963562e-02
6.618909537792205811e-02
1.708187460899353027e-01
9.820189327001571655e-02
-3.911484405398368835e-02
4.346611723303794861e-02
-1.479359418153762817e-01
1.019879207015037537e-01
-1.769215166568756104e-01
-5.923862010240554810e-02
1.287789046764373779e-01
3.293915465474128723e-02
-2.507293596863746643e-03
8.251650258898735046e-03
-6.781986355781555176e-02
6.990991532802581787e-02
1.694197505712509155e-01
-1.885679066181182861e-01
-2.313437499105930328e-02
1.007791087031364441e-01
-8.741509914398193359e-02
-7.535894960165023804e-02
-1.329352110624313354e-01
2.024148404598236084e-01
1.410080939531326294e-01
-1.421623229980468750e-01
-2.172654718160629272e-01
8.614492416381835938e-02
-9.447687119245529175e-02
-7.076581567525863647e-02
5.401649698615074158e-02
-1.899644583463668823e-01
-2.131357192993164062e-01
-2.836478054523468018e-01
2.109259366989135742e-04
3.622283339500427246e-01
9.218668937683105469e-02
-1.603966802358627319e-01
4.801449179649353027e-02
-5.685485899448394775e-02
6.151223927736282349e-02
6.208809465169906616e-02
1.593789905309677124e-01
1.329514756798744202e-02
2.361973747611045837e-02
-1.155921369791030884e-01
6.758031249046325684e-02
1.935010999441146851e-01
-9.060917794704437256e-02
2.183585986495018005e-02
2.444070726633071899e-01
-4.220639169216156006e-02
9.650092571973800659e-02
-5.055771768093109131e-02
2.925853058695793152e-02
-9.404741972684860229e-02
8.750996738672256470e-02
-8.867172896862030029e-02
5.623146146535873413e-02
4.668004810810089111e-02
8.932502008974552155e-03
-3.556310385465621948e-02
9.463055431842803955e-02
-1.429387927055358887e-01
6.310731172561645508e-02
-2.765707485377788544e-02
-2.623295877128839493e-03
2.594747766852378845e-02
-1.275166869163513184e-02
-4.702023416757583618e-02
-8.146807551383972168e-02
5.851534008979797363e-02
-2.233617305755615234e-01
1.976438909769058228e-01
1.831850558519363403e-01
4.862594231963157654e-02
1.037949472665786743e-01
7.608653604984283447e-02
4.924471676349639893e-02
-1.848814636468887329e-02
-4.552507773041725159e-02
-2.048238366842269897e-01
1.445338595658540726e-03
1.261195838451385498e-01
-7.462077587842941284e-02
3.979704529047012329e-02
-7.535878568887710571e-02
