-1.374723315238952637e-01
8.007598668336868286e-02
9.322409518063068390e-03
-9.289312362670898438e-02
-1.063993573188781738e-01
-7.374889682978391647e-03
-6.770882010459899902e-02
-1.250638067722320557e-01
1.381872892379760742e-01
-1.706431955099105835e-01
2.285426259040832520e-01
-7.547927647829055786e-02
-2.314627021551132202e-01
-6.036895886063575745e-02
-8.560672402381896973e-02
2.115713804960250854e-01
-2.428556978702545166e-01
-1.775765717029571533e-01
-1.438483037054538727e-02
8.168459683656692505e-02
1.231153830885887146e-01
-3.670378401875495911e-02
-1.826241845265030861e-03
5.257151555269956589e-03
-1.162878423929214478e-01
-3.998970985412597656e-01
-8.828854560852050781e-02
-4.055359214544296265e-02
4.086530767381191254e-03
-5.225435644388198853e-02
4.246078431606292725e-03
4.841562826186418533e-03
-2.359885871410369873e-01
-2.910591661930084229e-03
-6.168131716549396515e-03
7.986351847648620605e-02
-2.960420679301023483e-04
-1.408838182687759399e-01
1.639664173126220703e-01
2.597088366746902466e-02
-2.715056836605072021e-01
-1.065225340425968170e-02
2.536371350288391113e-02
2.225341349840164185e-01
8.616834878921508789e-02
1.088324841111898422e-02
5.196759849786758423e-02
-1.704159080982208252e-01
1.064982265233993530e-01
-2.020006626844406128e-01
-7.195297628641128540e-02
1.243800073862075806e-01
-3.538317512720823288e-03
4.545699805021286011e-02
-1.492024026811122894e-02
-8.676812797784805298e-02
9.729466587305068970e-02
1.038241758942604065e-01
-1.573162674903869629e-01
1.333961263298988342e-02
1.165804341435432434e-01
-6.451278179883956909e-02
-6.303478032350540161e-03
-1.395033150911331177e-01
2.363160252571105957e-01
6.414331495761871338e-02
-1.013304442167282104e-01
-1.918854713439941406e-01
1.092336773872375488e-01
-1.177145987749099731e-01
-7.221411913633346558e-02
4.983071237802505493e-02
-1.012417972087860107e-01
-2.114241719245910645e-01
-2.527728080749511719e-01
-2.917096577584743500e-02
3.571493327617645264e-01
1.323494762182235718e-01
-1.156730353832244873e-01
6.470936536788940430e-02
-3.957777470350265503e-02
-1.164217665791511536e-02
1.385656148195266724e-01
1.631911993026733398e-01
1.341861300170421600e-02
8.599416911602020264e-02
-8.455409109592437744e-02
3.035680577158927917e-02
3.002438843250274658e-01
-6.942624598741531372e-02
1.832303777337074280e-02
2.230849117040634155e-01
-3.742789477109909058e-02
4.160114750266075134e-02
9.453328326344490051e-03
4.492271691560745239e-03
-8.221681416034698486e-02
8.366059511899948120e-02
-7.163175940513610840e-02
2.810363657772541046e-02
6.169921159744262695e-02
-6.635599583387374878e-02
1.131683774292469025e-02
9.384505450725555420e-02
-1.210597380995750427e-01
7.139647006988525391e-02
-5.074346065521240234e-02
1.951662078499794006e-02
5.367606878280639648e-02
-1.709601655602455139e-02
-9.551338851451873779e-02
-7.025185972452163696e-02
8.607133477926254272e-02
-2.167786359786987305e-01
2.235633432865142822e-01
2.097565531730651855e-01
7.206513732671737671e-02
9.287536144256591797e-02
1.378247290849685669e-01
9.044031798839569092e-02
-3.803784400224685669e-02
1.685922592878341675e-02
-2.199795097112655640e-01
-4.387545213103294373e-02
8.692985028028488159e-02
-1.977284252643585205e-02
7.861957699060440063e-02
-6.375693529844284058e-02
