-1.398413777351379395e-01
1.475817412137985229e-01
1.015789806842803955e-02
-1.222930997610092163e-01
-1.246255859732627869e-01
-3.539240732789039612e-02
-6.506126374006271362e-02
-1.126937344670295715e-01
1.992308050394058228e-01
-1.229077577590942383e-01
2.197662293910980225e-01
-4.992770403623580933e-02
-1.904237866401672363e-01
-5.960349738597869873e-02
-5.251079425215721130e-02
3.011396825313568115e-01
-2.447099387645721436e-01
-1.894610971212387085e-01
-1.532955002039670944e-02
2.921013161540031433e-02
7.341634482145309448e-02
4.893636330962181091e-03
1.036159880459308624e-02
7.663710415363311768e-02
-1.230185031890869141e-01
-3.691140413284301758e-01
-7.551230490207672119e-02
-4.252792894840240479e-02
-5.615138262510299683e-02
-2.857461571693420410e-02
-4.956761747598648071e-02
3.123450651764869690e-02
-2.545942664146423340e-01
-3.501020744442939758e-02
7.741075754165649414e-02
1.436318755149841309e-01
-2.507991157472133636e-02
-1.033078134059906006e-01
1.065938472747802734e-01
1.607827842235565186e-02
-2.963397800922393799e-01
-5.987420678138732910e-03
1.860707849264144897e-01
2.282556146383285522e-01
1.844475120306015015e-01
7.687165401875972748e-03
-7.903695106506347656e-03
-1.419760584831237793e-01
1.369696855545043945e-01
-2.140770405530929565e-01
1.690506935119628906e-03
7.440128922462463379e-02
6.870480626821517944e-02
7.322567701339721680e-02
3.462826088070869446e-02
-1.438722312450408936e-01
8.479997515678405762e-02
1.659333109855651855e-01
-1.696819961071014404e-01
-3.784964978694915771e-02
1.091428995132446289e-01
-6.884633004665374756e-02
-5.014511942863464355e-02
-1.209833994507789612e-01
2.518424689769744873e-01
1.589044183492660522e-01
-1.066742092370986938e-01
-2.361755967140197754e-01
8.882948756217956543e-02
-1.345195025205612183e-01
-1.019858568906784058e-01
4.522507637739181519e-02
-1.072521209716796875e-01
-1.918779760599136353e-01
-3.172866106033325195e-01
-3.633388876914978027e-02
3.301388025283813477e-01
1.376043558120727539e-01
-1.446079164743423462e-01
7.483696937561035156e-02
3.006543219089508057e-02
1.207904517650604248e-02
7.366196066141128540e-02
1.628216654062271118e-01
-2.195489406585693359e-02
6.828191876411437988e-02
-1.134281903505325317e-01
-4.651830531656742096e-03
2.638192772865295410e-01
-5.598099157214164734e-02
5.182617902755737305e-02
2.271944582462310791e-01
-5.771271511912345886e-02
4.556933045387268066e-02
-2.321664057672023773e-02
1.711073890328407288e-02
-1.375482976436614990e-01
8.040114492177963257e-02
-1.650056838989257812e-01
-6.489565968513488770e-02
-8.069520816206932068e-03
-1.823917403817176819e-02
-2.088723704218864441e-02
1.193447932600975037e-01
-2.095114588737487793e-01
6.771709024906158447e-02
-3.315069153904914856e-02
2.202289551496505737e-02
-7.168467622250318527e-03
1.372450031340122223e-02
-4.322317987680435181e-02
-6.598272174596786499e-02
5.780475214123725891e-02
-1.847420781850814819e-01
2.281471490859985352e-01
1.783369630575180054e-01
3.290249034762382507e-02
1.122980564832687378e-01
1.360996067523956299e-01
7.800360023975372314e-02
-1.177060976624488831e-02
-1.579097472131252289e-02
-2.091043144464492798e-01
-4.931225907057523727e-03
1.082128658890724182e-01
-9.028945863246917725e-02
9.179723262786865234e-02
-1.102904230356216431e-02
