-9.710706770420074463e-02
9.273560345172882080e-02
3.201483748853206635e-03
-1.470614671707153320e-01
-1.301545202732086182e-01
-5.563977733254432678e-02
-8.023880422115325928e-02
-1.152793616056442261e-01
2.266658246517181396e-01
-1.789529472589492798e-01
2.492172569036483765e-01
-4.426093772053718567e-02
-1.510049551725387573e-01
-1.041769310832023621e-01
-8.997696638107299805e-02
2.065772265195846558e-01
-2.537215948104858398e-01
-1.297049671411514282e-01
2.109086140990257263e-03
5.860736966133117676e-02
1.069284081459045410e-01
-4.638276994228363037e-02
5.551878362894058228e-02
1.001726984977722168e-01
-8.468140661716461182e-02
-4.209745526313781738e-01
-1.094544529914855957e-01
-8.896428346633911133e-02
1.965846866369247437e-02
-2.733791433274745941e-02
-5.084623768925666809e-02
-6.232363521121442318e-04
-2.386234402656555176e-01
-3.943217545747756958e-02
-3.764477372169494629e-02
4.736684262752532959e-02
-2.877663820981979370e-03
-4.003138095140457153e-02
1.596964299678802490e-01
-7.705023512244224548e-03
-2.688480615615844727e-01
-2.145189605653285980e-02
2.150226756930351257e-02
2.092294991016387939e-01
1.358174681663513184e-01
5.320105329155921936e-02
4.958159103989601135e-02
-1.330830454826354980e-01
1.320214122533798218e-01
-1.946241706609725952e-01
3.219755738973617554e-02
1.097965016961097717e-01
2.932755276560783386e-02
3.570653870701789856e-02
-1.653965562582015991e-02
-8.658980578184127808e-02
6.704108417034149170e-02
1.686892658472061157e-01
-1.680491119623184204e-01
2.130867168307304382e-02
9.745801240205764771e-02
-7.309542596340179443e-02
-3.789050877094268799e-02
-7.179079204797744751e-02
2.658373117446899414e-01
1.286982297897338867e-01
-1.160109117627143860e-01
-1.833057105541229248e-01
9.217442572116851807e-02
-1.632216870784759521e-01
-5.692278966307640076e-02
1.670495048165321350e-02
-1.047538965940475464e-01
-1.838359385728836060e-01
-3.115414381027221680e-01
-2.196095138788223267e-02
3.752451241016387939e-01
1.270249336957931519e-01
-1.276306509971618652e-01
4.057089239358901978e-02
-8.520058542490005493e-02
-7.085213437676429749e-04
1.327539235353469849e-01
1.189528405666351318e-01
-3.352573886513710022e-02
5.385474488139152527e-02
-1.063935682177543640e-01
2.194874361157417297e-02
2.256107777357101440e-01
-7.824037969112396240e-02
4.363641142845153809e-02
2.445982098579406738e-01
-2.694626711308956146e-02
9.216342121362686157e-02
-3.138425573706626892e-02
3.930188715457916260e-02
-8.589766919612884521e-02
1.089611425995826721e-01
-8.282452076673507690e-02
9.266169369220733643e-02
2.961461432278156281e-02
-3.414981812238693237e-02
-2.669251151382923126e-02
4.788109660148620605e-02
-2.091946154832839966e-01
1.012528538703918457e-01
-1.864985935389995575e-02
5.250591784715652466e-03
2.684141509234905243e-02
3.798406105488538742e-03
-1.067903637886047363e-01
-1.157252937555313110e-01
9.414692968130111694e-02
-2.077572941780090332e-01
2.434760183095932007e-01
2.139565348625183105e-01
1.030143871903419495e-01
1.739941984415054321e-01
1.056277155876159668e-01
6.137414649128913879e-02
-1.821122504770755768e-02
-6.474474072456359863e-02
-1.961535215377807617e-01
7.808941882103681564e-04
1.169662922620773315e-01
-7.410897314548492432e-02
7.858737558126449585e-02
-1.613766141235828400e-02
