-5.185794085264205933e-02
6.106809154152870178e-02
3.394797444343566895e-03
-1.397053897380828857e-01
-1.110638082027435303e-01
7.944158278405666351e-04
-5.653852224349975586e-02
-1.459391266107559204e-01
1.743260324001312256e-01
-1.652262508869171143e-01
2.641040384769439697e-01
-5.573821440339088440e-02
-1.949668973684310913e-01
-1.119109019637107849e-01
-5.046133697032928467e-02
2.146575748920440674e-01
-2.267511039972305298e-01
-1.535782366991043091e-01
-3.493089228868484497e-02
8.788315579295158386e-03
6.466216593980789185e-02
-3.619483858346939087e-02
3.817080706357955933e-02
5.326811969280242920e-02
-7.577664405107498169e-02
-3.599765896797180176e-01
-1.183919906616210938e-01
-6.618580222129821777e-02
4.654807969927787781e-03
-7.278642617166042328e-03
-6.122614443302154541e-02
-1.006923988461494446e-02
-2.401428967714309692e-01
-4.861901700496673584e-02
1.916820742189884186e-02
9.377013891935348511e-02
-2.554060705006122589e-02
-1.101075559854507446e-01
1.266675740480422974e-01
2.198036387562751770e-02
-2.490913569927215576e-01
4.123007878661155701e-03
8.209065347909927368e-02
1.849582344293594360e-01
1.616542339324951172e-01
7.952214032411575317e-02
9.220590814948081970e-03
-9.748337417840957642e-02
1.302414685487747192e-01
-1.953967660665512085e-01
5.201481282711029053e-02
6.376954913139343262e-02
1.075607985258102417e-01
2.092448994517326355e-02
9.072511456906795502e-03
-1.550484150648117065e-01
7.110501080751419067e-02
1.627772152423858643e-01
-2.058974653482437134e-01
4.367142543196678162e-02
9.983755648136138916e-02
-6.828975677490234375e-02
-3.061533905565738678e-03
-6.196377053856849670e-02
2.687942385673522949e-01
1.995726525783538818e-01
-1.144955754280090332e-01
-2.209763228893280029e-01
1.579107046127319336e-01
-1.540582478046417236e-01
-6.995715200901031494e-02
6.825607270002365112e-02
-1.220834478735923767e-01
-1.832497566938400269e-01
-2.732382416725158691e-01
-3.997994586825370789e-02
4.334447979927062988e-01
1.238237768411636353e-01
-1.505913734436035156e-01
-4.612258821725845337e-02
-3.101531229913234711e-02
1.446059625595808029e-02
1.660885512828826904e-01
1.217917874455451965e-01
-4.750940017402172089e-03
8.519812487065792084e-03
-1.370888501405715942e-01
-4.590674489736557007e-02
2.800277173519134521e-01
-4.684045165777206421e-02
-6.569664925336837769e-02
2.450951933860778809e-01
-5.140874907374382019e-02
7.523352652788162231e-02
-4.186881706118583679e-03
2.031033299863338470e-02
-6.213807314634323120e-02
1.071764826774597168e-01
-1.268703192472457886e-01
2.305364049971103668e-02
-3.049446269869804382e-02
-6.575290858745574951e-02
-4.067429155111312866e-02
7.641506195068359375e-02
-1.338474899530410767e-01
7.132676988840103149e-02
-2.952263131737709045e-02
2.997009456157684326e-02
-2.340266667306423187e-02
-4.658302757889032364e-03
-1.212774515151977539e-01
-4.460307583212852478e-02
1.125692650675773621e-01
-2.555678784847259521e-01
2.391673475503921509e-01
2.027789801359176636e-01
9.936121106147766113e-02
1.193998381495475769e-01
1.139355525374412537e-01
6.443758308887481689e-02
3.218505531549453735e-02
-9.082517772912979126e-02
-2.412097454071044922e-01
-5.198999494314193726e-02
5.662140622735023499e-02
-9.199203550815582275e-02
1.299341320991516113e-01
2.019992284476757050e-02
