-1.139636561274528503e-01
4.052959755063056946e-02
6.581205874681472778e-02
-9.502752125263214111e-02
-1.715310961008071899e-01
-1.235506683588027954e-02
-1.018199995160102844e-01
-7.010953128337860107e-02
1.578299999237060547e-01
-1.723600924015045166e-01
2.160125225782394409e-01
-5.328167974948883057e-02
-1.532203406095504761e-01
-8.735758811235427856e-02
-6.283393502235412598e-02
2.191128134727478027e-01
-2.316085994243621826e-01
-1.669289171695709229e-01
-1.867753826081752777e-02
3.360700234770774841e-02
9.690341353416442871e-02
4.915781691670417786e-02
3.884991258382797241e-02
3.920523822307586670e-02
-1.155356243252754211e-01
-4.444322586059570312e-01
-5.773989856243133545e-02
-7.205104827880859375e-02
-1.675475575029850006e-02
-1.876556314527988434e-02
-4.980150237679481506e-02
7.379910442978143692e-03
-2.469649016857147217e-01
-1.790891960263252258e-02
1.774166524410247803e-02
1.223903819918632507e-01
-1.748227514326572418e-03
-7.497480511665344238e-02
1.078309938311576843e-01
-7.241329178214073181e-03
-3.335058391094207764e-01
1.413259375840425491e-02
6.862638890743255615e-02
2.103193700313568115e-01
1.756013035774230957e-01
7.222434133291244507e-02
-8.721647784113883972e-03
-1.175459027290344238e-01
1.206015720963478088e-01
-1.806983351707458496e-01
1.828415691852569580e-02
9.316763281822204590e-02
1.691895723342895508e-02
7.958387956023216248e-03
3.506498783826828003e-02
-1.168647333979606628e-01
5.799724534153938293e-02
1.270012557506561279e-01
-1.442825049161911011e-01
-2.878595888614654541e-02
5.419441312551498413e-02
-9.329169243574142456e-02
5.967728793621063232e-03
-1.311530619859695435e-01
2.701252400875091553e-01
7.907106727361679077e-02
-7.703613489866256714e-02
-2.402635812759399414e-01
1.067521944642066956e-01
-1.622524261474609375e-01
-1.057291403412818909e-01
9.889686107635498047e-02
-1.405322402715682983e-01
-1.643407195806503296e-01
-3.514423668384552002e-01
-3.507358580827713013e-02
3.784483075141906738e-01
1.222465112805366516e-01
-1.623615175485610962e-01
5.175654217600822449e-02
2.822467498481273651e-02
4.010251909494400024e-02
1.491455286741256714e-01
2.029236555099487305e-01
2.634370513260364532e-02
9.699957072734832764e-02
-1.203623116016387939e-01
-2.829481847584247589e-03
2.379615753889083862e-01
-6.956207752227783203e-02
-4.136128351092338562e-02
2.082918584346771240e-01
-3.185717016458511353e-02
6.731505692005157471e-02
2.134242095053195953e-02
-8.791782893240451813e-03
-8.698934316635131836e-02
7.566342502832412720e-02
-1.547268927097320557e-01
-2.224158495664596558e-02
6.039370968937873840e-02
3.523840382695198059e-02
-2.200582437217235565e-02
1.132126823067665100e-01
-1.366607248783111572e-01
7.249483466148376465e-02
-7.290542870759963989e-02
4.425951279699802399e-03
1.080714259296655655e-02
-1.361902058124542236e-02
-7.092677056789398193e-02
-7.433995604515075684e-02
9.182124584913253784e-02
-2.131252735853195190e-01
2.220451384782791138e-01
1.950048655271530151e-01
9.773252159357070923e-02
1.546252071857452393e-01
1.217954084277153015e-01
4.770383238792419434e-02
-5.116578936576843262e-02
-2.741055563092231750e-03
-2.446610480546951294e-01
-1.693066023290157318e-02
1.052722334861755371e-01
-8.009219914674758911e-02
1.488296240568161011e-01
-3.794873598963022232e-03
