-1.253566294908523560e-01
8.278510719537734985e-02
2.895215712487697601e-02
-1.383197903633117676e-01
-8.969136327505111694e-02
-5.000619217753410339e-02
-5.649533867835998535e-02
-1.964071244001388550e-01
2.017645835876464844e-01
-2.332249581813812256e-01
2.138005644083023071e-01
-1.356075257062911987e-01
-1.755745559930801392e-01
-9.227567166090011597e-02
-2.764869108796119690e-02
2.294080406427383423e-01
-2.328894585371017456e-01
-1.569283306598663330e-01
3.310143575072288513e-02
2.317856997251510620e-02
7.121428847312927246e-02
-9.481079131364822388e-02
-5.824827589094638824e-03
9.228844940662384033e-02
-1.050043329596519470e-01
-3.779584765434265137e-01
-1.595553755760192871e-01
-1.133339032530784607e-01
-1.132773328572511673e-02
-2.633737772703170776e-02
-4.636421799659729004e-04
3.629774227738380432e-02
-2.152530699968338013e-01
-3.346922993659973145e-02
-4.045744240283966064e-02
6.387689709663391113e-02
8.871501311659812927e-03
-8.551849424839019775e-02
1.519135832786560059e-01
-2.359115332365036011e-02
-2.338712662458419800e-01
-3.242191299796104431e-02
5.934588238596916199e-02
2.025508284568786621e-01
1.023898571729660034e-01
-1.608269661664962769e-02
4.348741471767425537e-02
-1.380554884672164917e-01
1.383860111236572266e-01
-1.099898368120193481e-01
-3.364059329032897949e-02
8.631929755210876465e-02
3.782543167471885681e-02
3.764602541923522949e-02
3.420965000987052917e-02
-8.097301423549652100e-02
9.030693769454956055e-02
1.173518225550651550e-01
-1.609001755714416504e-01
5.210137367248535156e-02
1.430743187665939331e-01
-6.164170801639556885e-02
-7.426764070987701416e-02
-8.199021965265274048e-02
2.842685282230377197e-01
1.260344982147216797e-01
-1.023027598857879639e-01
-2.173295319080352783e-01
1.578480303287506104e-01
-1.129673719406127930e-01
-6.768126785755157471e-02
1.165762636810541153e-02
-1.587774455547332764e-01
-1.600210070610046387e-01
-2.633863091468811035e-01
-2.241937071084976196e-02
3.266977667808532715e-01
8.533930033445358276e-02
-1.513486355543136597e-01
8.379665762186050415e-02
-5.634644627571105957e-02
-9.636942297220230103e-03
1.365555077791213989e-01
1.850515007972717285e-01
3.318289294838905334e-02
4.208561405539512634e-02
-3.244997560977935791e-02
4.395032301545143127e-03
2.109833061695098877e-01
-6.512801349163055420e-02
4.574868455529212952e-02
2.173725962638854980e-01
-7.722549885511398315e-02
3.421232104301452637e-02
-2.607629448175430298e-02
-4.062106460332870483e-02
-1.110671311616897583e-01
8.634547144174575806e-02
-1.009152233600616455e-01
1.292448770254850388e-02
5.788920074701309204e-02
-4.082917794585227966e-02
-2.145053260028362274e-02
8.846282213926315308e-02
-1.905114799737930298e-01
1.027837619185447693e-01
-1.182332914322614670e-02
3.396628051996231079e-02
3.422615677118301392e-02
3.502679616212844849e-02
-1.233530268073081970e-01
-6.906750053167343140e-02
1.229774728417396545e-01
-2.085948884487152100e-01
2.156399786472320557e-01
1.662043780088424683e-01
4.640130326151847839e-02
7.912181317806243896e-02
1.120176240801811218e-01
1.072855964303016663e-01
1.323626842349767685e-03
1.116132922470569611e-02
-2.265893369913101196e-01
6.147400476038455963e-03
1.155179291963577271e-01
-7.148686796426773071e-02
3.438425064086914062e-02
-3.813253715634346008e-02
