-1.280425190925598145e-01
8.645673096179962158e-02
3.283951804041862488e-02
-1.436565071344375610e-01
-1.434393972158432007e-01
-4.448843747377395630e-02
-4.021920263767242432e-02
-1.609225422143936157e-01
1.778606623411178589e-01
-1.305064558982849121e-01
3.080623447895050049e-01
-7.109255343675613403e-02
-2.325500249862670898e-01
-6.308314949274063110e-02
-7.022232748568058014e-03
2.167977988719940186e-01
-2.103038728237152100e-01
-1.011224687099456787e-01
-6.510296463966369629e-02
2.492056041955947876e-02
2.071141824126243591e-02
3.301041573286056519e-02
6.210473179817199707e-02
5.333763733506202698e-02
-1.294819861650466919e-01
-4.113275408744812012e-01
-1.168390288949012756e-01
-6.447503715753555298e-02
-4.463846236467361450e-02
2.391589991748332977e-02
-4.277808219194412231e-02
4.407040402293205261e-02
-1.887455433607101440e-01
-3.442910313606262207e-02
2.637355774641036987e-02
1.430236995220184326e-01
-5.625531077384948730e-02
-1.040212884545326233e-01
1.149093434214591980e-01
-1.627421751618385315e-02
-2.553438246250152588e-01
5.667999386787414551e-03
6.323844939470291138e-02
2.400893419981002808e-01
1.535157412290573120e-01
-1.382362470030784607e-02
3.631012141704559326e-02
-1.244208887219429016e-01
9.298504143953323364e-02
-1.696149557828903198e-01
-3.682462871074676514e-02
5.800865963101387024e-02
6.605129688978195190e-02
2.271657250821590424e-02
4.378511011600494385e-02
-6.970992684364318848e-02
4.821360483765602112e-02
1.787206679582595825e-01
-2.203250229358673096e-01
-1.043559610843658447e-01
9.299147129058837891e-02
-3.853678703308105469e-02
-4.314045608043670654e-02
-1.678794771432876587e-01
2.743310928344726562e-01
1.810043007135391235e-01
-1.539790183305740356e-01
-1.424406021833419800e-01
1.111170798540115356e-01
-1.325134783983230591e-01
-1.036759316921234131e-01
2.359027415513992310e-02
-1.624860465526580811e-01
-1.978564858436584473e-01
-3.418844938278198242e-01
-3.009085729718208313e-02
3.654215633869171143e-01
1.348362267017364502e-01
-1.857545077800750732e-01
-2.034579403698444366e-02
-1.742197759449481964e-02
4.553504288196563721e-02
1.190997734665870667e-01
1.036930829286575317e-01
-1.697519421577453613e-02
6.755983084440231323e-02
-1.253866851329803467e-01
1.457738503813743591e-02
2.108165621757507324e-01
-1.038554012775421143e-01
5.580370780080556870e-03
2.274758368730545044e-01
1.517177838832139969e-02
6.095623224973678589e-02
1.260861475020647049e-02
3.669791668653488159e-02
-8.657668530941009521e-02
3.794425353407859802e-02
-1.774005293846130371e-01
4.110212624073028564e-02
4.532917402684688568e-03
-9.603780694305896759e-03
4.280075430870056152e-03
9.664355218410491943e-02
-1.459522694349288940e-01
1.327107548713684082e-01
3.275662660598754883e-02
-1.563766598701477051e-02
1.089190505445003510e-02
-3.593718167394399643e-03
-4.491741210222244263e-02
-9.596069902181625366e-02
9.395468980073928833e-02
-2.525098025798797607e-01
1.480946093797683716e-01
1.767165660858154297e-01
1.767564378678798676e-02
1.573612987995147705e-01
5.704769119620323181e-02
5.590547248721122742e-02
-1.048133745789527893e-01
-1.974858343601226807e-03
-2.035680562257766724e-01
-4.601402580738067627e-02
9.874778240919113159e-02
-3.059357404708862305e-02
1.095686107873916626e-01
-8.160108700394630432e-05
