-1.244376078248023987e-01
1.170307677239179611e-02
4.492252692580223083e-02
-1.169736012816429138e-01
-1.584956198930740356e-01
-6.527764350175857544e-02
-7.648754864931106567e-02
-1.199548542499542236e-01
1.761314123868942261e-01
-1.184392720460891724e-01
2.446301877498626709e-01
-5.598834902048110962e-02
-1.814305037260055542e-01
-9.184095263481140137e-02
-1.998096518218517303e-02
2.089711576700210571e-01
-2.386096864938735962e-01
-1.456853598356246948e-01
-4.011138156056404114e-02
4.587095603346824646e-02
6.758587807416915894e-02
-1.787752611562609673e-03
3.230739384889602661e-02
4.272708669304847717e-02
-1.219918280839920044e-01
-3.870531320571899414e-01
-6.346814334392547607e-02
-4.022952541708946228e-02
1.257676538079977036e-02
-6.056412309408187866e-02
-2.959398552775382996e-02
4.514290019869804382e-02
-2.242301702499389648e-01
-5.152779072523117065e-02
2.304702252149581909e-02
1.499539315700531006e-01
3.797451965510845184e-03
-1.088716834783554077e-01
9.319613873958587646e-02
-2.552985027432441711e-02
-3.208628296852111816e-01
-9.589404799044132233e-03
4.424340650439262390e-02
1.897631734609603882e-01
1.414681226015090942e-01
3.558595851063728333e-02
1.356322038918733597e-02
-1.776563227176666260e-01
1.475557982921600342e-01
-1.843457520008087158e-01
-1.949520781636238098e-02
7.028957456350326538e-02
4.062939435243606567e-02
-6.624162197113037109e-03
1.441917382180690765e-02
-1.053036823868751526e-01
7.877799868583679199e-02
1.793952733278274536e-01
-1.751288026571273804e-01
-5.067695397883653641e-03
1.085413396358489990e-01
-8.023686707019805908e-02
5.385722219944000244e-02
-1.106172949075698853e-01
2.211112678050994873e-01
8.635992556810379028e-02
-8.219461888074874878e-02
-1.619862318038940430e-01
9.867323935031890869e-02
-1.077349856495857239e-01
-8.731204271316528320e-02
6.087831035256385803e-02
-1.067844033241271973e-01
-2.069346308708190918e-01
-3.225877285003662109e-01
-5.116103589534759521e-02
3.919686675071716309e-01
5.686095356941223145e-02
-1.752121448516845703e-01
-8.926820009946823120e-04
-7.431744597852230072e-03
2.001557499170303345e-03
1.548177003860473633e-01
1.442189663648605347e-01
-4.847437143325805664e-03
2.245027571916580200e-02
-1.474979966878890991e-01
3.897845745086669922e-03
3.100856244564056396e-01
-8.790108561515808105e-02
6.259808689355850220e-02
2.077281177043914795e-01
-5.108965560793876648e-04
6.468757241964340210e-02
-5.596123170107603073e-03
3.071343898773193359e-02
-9.334670007228851318e-02
1.411463469266891479e-01
-1.204207018017768860e-01
3.126816824078559875e-02
3.696511313319206238e-02
-2.479019388556480408e-02
1.957521401345729828e-02
9.313464164733886719e-02
-1.338388770818710327e-01
6.952686607837677002e-02
1.925339922308921814e-02
-6.786227691918611526e-03
4.872016981244087219e-02
-1.897367648780345917e-02
-4.911388456821441650e-02
-1.318148821592330933e-01
8.938382565975189209e-02
-2.020449787378311157e-01
2.227708101272583008e-01
2.225991785526275635e-01
1.124617606401443481e-01
1.368884146213531494e-01
6.205024570226669312e-02
7.863309234380722046e-02
-3.289076685905456543e-02
-8.092354983091354370e-03
-1.794961839914321899e-01
2.731080539524555206e-02
9.356332570314407349e-02
-6.408987939357757568e-02
6.689218431711196899e-02
-2.773826476186513901e-03
