-1.400796175003051758e-01
3.946806862950325012e-02
2.073729597032070160e-02
-1.363659203052520752e-01
-1.358833014965057373e-01
-1.520990766584873199e-02
-4.898392409086227417e-02
-1.228741034865379333e-01
2.010633796453475952e-01
-1.570765227079391479e-01
2.988030910491943359e-01
-9.498492628335952759e-02
-2.151255756616592407e-01
-9.555562585592269897e-02
-5.325512960553169250e-02
2.450675517320632935e-01
-2.403952330350875854e-01
-1.045420989394187927e-01
2.578865736722946167e-03
-1.125395856797695160e-02
8.287861198186874390e-02
-1.508994866162538528e-02
4.852721467614173889e-02
8.821849524974822998e-02
-1.635442972183227539e-01
-4.262443482875823975e-01
-1.073229461908340454e-01
-1.098619252443313599e-01
-3.325847163796424866e-02
-5.805587396025657654e-02
-4.491204768419265747e-02
7.862503826618194580e-02
-1.897932589054107666e-01
-5.774340778589248657e-02
8.897728286683559418e-03
1.133250370621681213e-01
9.464645758271217346e-03
-9.522050619125366211e-02
9.986967593431472778e-02
-2.145346440374851227e-02
-2.853069305419921875e-01
-3.609618544578552246e-02
9.394547343254089355e-02
2.173142731189727783e-01
1.039498671889305115e-01
7.352434098720550537e-03
3.005875274538993835e-02
-1.066355183720588684e-01
9.017687290906906128e-02
-1.725850701332092285e-01
4.988906905055046082e-03
4.368989542126655579e-02
7.461065053939819336e-02
-1.430582441389560699e-02
1.000775769352912903e-02
-1.094490513205528259e-01
2.049664035439491272e-02
1.506622731685638428e-01
-1.824526935815811157e-01
-1.432678289711475372e-02
9.560187160968780518e-02
-7.442434132099151611e-02
-1.982637494802474976e-02
-1.028618514537811279e-01
2.626007497310638428e-01
1.629820466041564941e-01
-1.598593741655349731e-01
-1.439135819673538208e-01
1.256210207939147949e-01
-7.668676227331161499e-02
-4.718020185828208923e-02
4.491091519594192505e-02
-1.871772408485412598e-01
-2.138932496309280396e-01
-3.411067426204681396e-01
-1.769689843058586121e-02
4.327538609504699707e-01
6.796349585056304932e-02
-1.160345599055290222e-01
-4.091389477252960205e-03
-4.382620006799697876e-02
2.098472043871879578e-02
1.034433618187904358e-01
1.962540596723556519e-01
1.561405695974826813e-02
3.382664173841476440e-02
-6.314212083816528320e-02
8.595626056194305420e-02
1.889120042324066162e-01
-8.402737975120544434e-02
-3.646634146571159363e-02
1.919882148504257202e-01
-6.066736951470375061e-02
1.020649895071983337e-01
-4.378766939043998718e-02
6.182930245995521545e-02
-1.019396185874938965e-01
8.790364116430282593e-02
-1.000494137406349182e-01
6.588864326477050781e-02
9.258585050702095032e-03
1.419249456375837326e-02
-4.560797009617090225e-03
1.080445870757102966e-01
-1.299257278442382812e-01
6.388078629970550537e-02
2.501370385289192200e-02
-1.522183325141668320e-02
2.627431973814964294e-02
1.909073442220687866e-02
-7.307978719472885132e-02
-8.571270108222961426e-02
7.943406701087951660e-02
-2.424540072679519653e-01
1.820039749145507812e-01
2.081114798784255981e-01
8.467438071966171265e-02
1.511939913034439087e-01
8.660467714071273804e-02
1.713537611067295074e-02
2.085576206445693970e-02
-4.437844455242156982e-02
-2.382115125656127930e-01
2.568903565406799316e-02
1.211180537939071655e-01
-1.027961745858192444e-01
9.198196977376937866e-02
-3.283938020467758179e-02
