-1.224306821823120117e-01
3.878385946154594421e-02
4.246350377798080444e-02
-1.262927949428558350e-01
-1.789801865816116333e-01
2.558331936597824097e-03
-7.801058888435363770e-02
-1.448424309492111206e-01
1.650575399398803711e-01
-2.119359225034713745e-01
2.183506339788436890e-01
-1.374362111091613770e-01
-1.773404628038406372e-01
-6.063975766301155090e-02
-9.186539053916931152e-02
1.982447057962417603e-01
-1.931510269641876221e-01
-1.511735022068023682e-01
-5.323058925569057465e-03
-9.933797642588615417e-03
3.936052694916725159e-02
-4.778967704623937607e-04
2.986183203756809235e-02
3.296304121613502502e-02
-1.069113910198211670e-01
-3.705342411994934082e-01
-1.033943295478820801e-01
-7.383261620998382568e-02
2.080096490681171417e-02
-7.104484736919403076e-02
-2.541779726743698120e-02
2.697812952101230621e-02
-2.187373489141464233e-01
-2.474609576165676117e-02
-2.291695959866046906e-02
1.452776938676834106e-01
9.115230292081832886e-03
-9.741392731666564941e-02
1.062459945678710938e-01
-5.242960527539253235e-02
-2.633037269115447998e-01
-2.313193678855895996e-02
5.621092021465301514e-02
2.241984903812408447e-01
7.758080214262008667e-02
3.258299827575683594e-02
-1.741507090628147125e-02
-1.480216532945632935e-01
1.132218092679977417e-01
-1.535470038652420044e-01
-1.128012314438819885e-03
6.118001043796539307e-02
-2.136796712875366211e-02
-1.368292327970266342e-02
2.473493106663227081e-03
-9.608515352010726929e-02
8.526766300201416016e-02
1.477182954549789429e-01
-1.646064817905426025e-01
3.257309645414352417e-02
1.376865506172180176e-01
-8.554929494857788086e-02
8.596827276051044464e-03
-1.255734860897064209e-01
2.463135123252868652e-01
1.082995235919952393e-01
-5.873773247003555298e-02
-1.964957565069198608e-01
1.228199154138565063e-01
-1.462549269199371338e-01
-4.114858806133270264e-02
5.525097623467445374e-02
-1.070327237248420715e-01
-1.718027144670486450e-01
-2.919785082340240479e-01
-3.707722574472427368e-02
4.074080586433410645e-01
1.254704594612121582e-01
-8.139609545469284058e-02
3.822858631610870361e-02
3.282831516116857529e-03
-3.586239181458950043e-03
1.605353057384490967e-01
1.410855948925018311e-01
-1.169017702341079712e-02
6.844842433929443359e-02
-1.099096238613128662e-01
6.072559952735900879e-02
2.598289549350738525e-01
-8.252140134572982788e-02
9.682511910796165466e-03
1.820996850728988647e-01
-5.280688032507896423e-02
5.212197825312614441e-02
-2.558514475822448730e-03
-3.318899543955922127e-03
-1.157224103808403015e-01
1.079286336898803711e-01
-1.250972598791122437e-01
5.329464375972747803e-02
4.205575585365295410e-02
-6.310208141803741455e-02
8.836051449179649353e-03
8.430578559637069702e-02
-1.358039379119873047e-01
8.180211484432220459e-02
-2.449029684066772461e-02
-2.799770049750804901e-02
5.902720149606466293e-03
-1.446006633341312408e-02
-9.038968384265899658e-02
-5.212714523077011108e-02
1.630487293004989624e-01
-2.042170464992523193e-01
1.940811127424240112e-01
1.899599730968475342e-01
1.298632472753524780e-01
1.622247695922851562e-01
1.372275501489639282e-01
7.731418311595916748e-02
-1.571201160550117493e-02
-2.059329859912395477e-02
-2.164331376552581787e-01
-3.707759082317352295e-03
7.810016721487045288e-02
-8.968684077262878418e-02
1.210406869649887085e-01
2.182176709175109863e-02
