-1.365753263235092163e-01
2.211598493158817291e-02
5.382796376943588257e-02
-6.732956320047378540e-02
-1.541377305984497070e-01
-3.209394589066505432e-02
-6.285318732261657715e-02
-1.744704693555831909e-01
1.841247975826263428e-01
-2.397465109825134277e-01
2.095139324665069580e-01
-1.133840680122375488e-01
-1.051876172423362732e-01
-3.151535615324974060e-02
-7.317515462636947632e-02
2.053960114717483521e-01
-1.685223430395126343e-01
-1.486625820398330688e-01
-2.643889561295509338e-02
-3.320271521806716919e-02
5.222210660576820374e-02
4.425908438861370087e-03
1.463691238313913345e-03
6.683336198329925537e-02
-1.435019969940185547e-01
-3.544387519359588623e-01
-8.511232584714889526e-02
-1.232683509588241577e-01
2.703645452857017517e-02
-2.907091751694679260e-02
-3.060923516750335693e-02
4.933066293597221375e-02
-1.795636266469955444e-01
-1.604025810956954956e-02
-3.273211792111396790e-02
9.921765327453613281e-02
8.406049013137817383e-02
-1.721653342247009277e-02
1.192693188786506653e-01
-3.798789903521537781e-02
-3.093304038047790527e-01
3.489490598440170288e-02
6.015035137534141541e-02
2.247258275747299194e-01
1.273530721664428711e-01
1.502194441854953766e-02
-3.171749413013458252e-04
-1.486588418483734131e-01
1.672969460487365723e-01
-1.075211167335510254e-01
1.190589740872383118e-03
7.772191427648067474e-03
4.622881859540939331e-02
-4.617414437234401703e-03
4.793531075119972229e-02
-1.044970303773880005e-01
6.578439474105834961e-02
1.004507541656494141e-01
-1.649256050586700439e-01
2.116375975310802460e-02
1.238207370042800903e-01
-5.139905959367752075e-02
2.721320465207099915e-02
-9.639376401901245117e-02
2.255815416574478149e-01
8.336181193590164185e-02
-4.409663006663322449e-02
-1.759147197008132935e-01
1.122240573167800903e-01
-1.798153519630432129e-01
-6.135438382625579834e-02
5.579961836338043213e-02
-1.196004301309585571e-01
-1.334886848926544189e-01
-3.406728208065032959e-01
-4.907137155532836914e-02
4.358368217945098877e-01
1.179151982069015503e-01
-1.546888202428817749e-01
6.001438573002815247e-02
3.048180975019931793e-02
-1.081869378685951233e-02
1.968461126089096069e-01
1.621285229921340942e-01
2.146706357598304749e-02
4.250711202621459961e-02
-5.737684294581413269e-02
-8.994117379188537598e-04
2.422545254230499268e-01
-3.522002324461936951e-02
6.633237935602664948e-03
1.590109914541244507e-01
-3.666272014379501343e-02
3.359508514404296875e-02
-4.801517818123102188e-03
1.038518734276294708e-02
-1.462404429912567139e-01
7.999086380004882812e-02
-9.948424994945526123e-02
2.674866467714309692e-02
-4.069228470325469971e-02
1.264556404203176498e-02
1.064382959157228470e-02
6.273876130580902100e-02
-1.892839074134826660e-01
1.577076315879821777e-01
-4.193321615457534790e-02
1.664181239902973175e-03
-1.867687329649925232e-02
7.071012258529663086e-02
-4.237671941518783569e-02
-2.149050682783126831e-02
1.280732452869415283e-01
-1.856408715248107910e-01
1.577696651220321655e-01
1.586586683988571167e-01
7.395513355731964111e-02
1.605219095945358276e-01
7.137560099363327026e-02
6.407255679368972778e-02
-5.120610818266868591e-02
6.560256332159042358e-02
-2.202415764331817627e-01
-1.535417884588241577e-02
8.758363872766494751e-02
-1.528559774160385132e-01
1.268132925033569336e-01
3.112214803695678711e-02
