-1.124849319458007812e-01
4.247380793094635010e-02
4.355332255363464355e-02
-1.537441909313201904e-01
-1.149143129587173462e-01
-6.386131048202514648e-02
-4.305535554885864258e-02
-1.468986123800277710e-01
1.778199076652526855e-01
-1.908131539821624756e-01
2.323827743530273438e-01
-9.309519827365875244e-02
-1.668115407228469849e-01
-7.525738328695297241e-02
-5.845890194177627563e-02
2.450965493917465210e-01
-2.845380902290344238e-01
-2.087637484073638916e-01
-2.414700016379356384e-02
-2.142263576388359070e-02
4.346285015344619751e-02
-2.107742056250572205e-02
2.364930883049964905e-02
3.924082964658737183e-02
-7.061339914798736572e-02
-3.610008656978607178e-01
-1.087210401892662048e-01
-6.324855983257293701e-02
-2.983930520713329315e-03
-3.777731955051422119e-02
2.852095104753971100e-02
5.328834429383277893e-02
-2.481161355972290039e-01
2.614134922623634338e-02
-2.296235039830207825e-02
7.278645038604736328e-02
3.314042091369628906e-02
-9.008960425853729248e-02
1.454893499612808228e-01
-4.881239030510187149e-03
-2.848545312881469727e-01
9.335847571492195129e-04
7.950790226459503174e-02
2.279507070779800415e-01
1.696002930402755737e-01
-2.573547419160604477e-03
-4.442834109067916870e-02
-1.353283375501632690e-01
1.371858716011047363e-01
-1.636115312576293945e-01
-2.296536415815353394e-02
9.337060898542404175e-02
4.873275384306907654e-02
8.742061443626880646e-03
-1.077188085764646530e-02
-9.182557463645935059e-02
6.947841495275497437e-02
1.107182875275611877e-01
-1.674146801233291626e-01
-1.197807397693395615e-02
1.161282137036323547e-01
-8.416892588138580322e-02
-5.598897114396095276e-02
-1.632210761308670044e-01
2.486980110406875610e-01
1.221901625394821167e-01
-1.200677528977394104e-01
-2.379399687051773071e-01
8.987309783697128296e-02
-1.471008211374282837e-01
-1.042028963565826416e-01
5.472340062260627747e-02
-1.360360532999038696e-01
-1.475974321365356445e-01
-2.981027066707611084e-01
-4.563096165657043457e-02
3.897442221641540527e-01
6.092147901654243469e-02
-1.630587577819824219e-01
6.369599699974060059e-02
-9.293726645410060883e-03
-3.316246904432773590e-03
1.259540915489196777e-01
1.752102226018905640e-01
-3.625764697790145874e-02
7.858934998512268066e-02
-1.091377809643745422e-01
-1.406029053032398224e-02
2.299769371747970581e-01
-7.339695841073989868e-02
-2.263994701206684113e-02
2.004552334547042847e-01
-8.265779912471771240e-02
6.795222312211990356e-02
-1.091945543885231018e-02
-1.514052506536245346e-03
-6.776987016201019287e-02
1.082067117094993591e-01
-1.407363712787628174e-01
-6.235484033823013306e-05
8.268695324659347534e-03
-4.860560595989227295e-02
-5.034073442220687866e-02
6.480415165424346924e-02
-1.304842680692672729e-01
1.145572587847709656e-01
-9.747957810759544373e-03
3.759246319532394409e-02
3.338272683322429657e-03
2.999523654580116272e-02
-7.393636554479598999e-02
-7.804115116596221924e-02
1.066134795546531677e-01
-2.194058001041412354e-01
2.042375952005386353e-01
1.943224072456359863e-01
6.014419347047805786e-02
1.283825039863586426e-01
1.159179732203483582e-01
1.291764825582504272e-01
-7.331755757331848145e-02
2.857813984155654907e-02
-2.155692726373672485e-01
3.058464964851737022e-03
9.800013154745101929e-02
-5.216535553336143494e-02
1.143011897802352905e-01
6.532040890306234360e-03
