-8.882477879524230957e-02
1.943454146385192871e-03
2.004499733448028564e-02
-1.220014020800590515e-01
-1.488088667392730713e-01
-5.950180441141128540e-02
-6.451929360628128052e-02
-1.002479866147041321e-01
9.515380859375000000e-02
-1.528408229351043701e-01
2.361792474985122681e-01
-6.450630724430084229e-02
-2.025827169418334961e-01
-8.085741102695465088e-02
-7.031951844692230225e-02
2.560184001922607422e-01
-2.208194434642791748e-01
-1.839776337146759033e-01
-6.592085957527160645e-02
2.816886082291603088e-02
2.939341776072978973e-02
1.752556115388870239e-02
7.996649295091629028e-02
3.611887246370315552e-02
-1.452269852161407471e-01
-3.620434105396270752e-01
-7.297904789447784424e-02
-5.202546343207359314e-02
-8.738079667091369629e-02
1.338188885711133480e-03
-1.713826507329940796e-02
5.250601842999458313e-02
-1.950320154428482056e-01
2.768579870462417603e-02
8.098239451646804810e-02
1.305653005838394165e-01
-1.793691702187061310e-02
-8.192691951990127563e-02
1.408000439405441284e-01
4.823627881705760956e-03
-3.107817471027374268e-01
1.485893316566944122e-02
6.856593489646911621e-02
2.475373893976211548e-01
1.896527260541915894e-01
1.619779877364635468e-02
1.261478848755359650e-02
-1.145779043436050415e-01
1.402658522129058838e-01
-2.254060953855514526e-01
6.050091236829757690e-03
6.706165522336959839e-02
4.651926830410957336e-02
-6.416393443942070007e-03
5.265914835035800934e-03
-4.831275343894958496e-02
7.168873399496078491e-02
1.814594864845275879e-01
-1.710911244153976440e-01
-5.559265613555908203e-02
9.436159580945968628e-02
-7.021591067314147949e-02
-2.681770175695419312e-02
-1.670763194561004639e-01
2.300179749727249146e-01
7.764110714197158813e-02
-1.814329326152801514e-01
-2.076227962970733643e-01
8.346495032310485840e-02
-1.670905351638793945e-01
-9.346885979175567627e-02
9.132210910320281982e-02
-1.548417955636978149e-01
-1.993851065635681152e-01
-3.607704937458038330e-01
-3.889299929141998291e-02
3.764636814594268799e-01
1.221681684255599976e-01
-1.226516664028167725e-01
4.546680022031068802e-03
3.060976415872573853e-02
6.550687551498413086e-02
8.147450536489486694e-02
1.448164582252502441e-01
-2.030093036592006683e-02
7.965006679296493530e-02
-1.372748613357543945e-01
-2.249411307275295258e-03
2.481807619333267212e-01
-1.118850558996200562e-01
-5.286436900496482849e-02
2.171052992343902588e-01
-3.456022590398788452e-02
5.779667198657989502e-02
-5.090800113976001740e-03
4.327375069260597229e-02
-5.489787831902503967e-02
6.362725794315338135e-02
-1.312448531389236450e-01
4.419261217117309570e-02
1.195293106138706207e-02
-2.446453273296356201e-02
-7.889633998274803162e-04
9.685441851615905762e-02
-9.433319419622421265e-02
8.707719296216964722e-02
-9.100120514631271362e-02
3.257982805371284485e-02
2.716393209993839264e-04
1.375339180231094360e-02
-1.039138361811637878e-01
-1.182358190417289734e-01
6.554950028657913208e-02
-2.328379154205322266e-01
1.348873227834701538e-01
2.216646075248718262e-01
1.018918007612228394e-01
8.669810742139816284e-02
1.197486221790313721e-01
4.059875383973121643e-02
-7.134544849395751953e-02
2.885193936526775360e-02
-2.180501371622085571e-01
-3.850650787353515625e-02
1.010223180055618286e-01
-3.558463603258132935e-02
1.369234174489974976e-01
-5.388598423451185226e-03
