-1.006434485316276550e-01
-2.221088111400604248e-02
-3.233494237065315247e-02
-1.592260897159576416e-01
-1.598248630762100220e-01
-4.887098446488380432e-02
-8.341394364833831787e-02
-1.058710217475891113e-01
1.656264513731002808e-01
-1.861552745103836060e-01
2.085642665624618530e-01
-9.039666503667831421e-02
-1.988053917884826660e-01
-8.475340902805328369e-03
-5.838725343346595764e-02
2.521782517433166504e-01
-2.401629239320755005e-01
-1.864926964044570923e-01
-2.031233347952365875e-02
-3.138391673564910889e-02
4.932129010558128357e-02
8.479645848274230957e-02
-3.314399719238281250e-02
1.212213560938835144e-01
-1.763333678245544434e-01
-4.025232791900634766e-01
-9.927061200141906738e-02
-9.021229296922683716e-02
-5.273767560720443726e-02
-1.399074401706457138e-02
4.371391981840133667e-02
8.999714255332946777e-02
-1.521494239568710327e-01
3.438958525657653809e-02
6.976652890443801880e-02
8.441193401813507080e-02
3.622729703783988953e-02
-1.052638813853263855e-01
1.364965438842773438e-01
5.141498148441314697e-02
-3.425810039043426514e-01
4.086017608642578125e-02
1.198495104908943176e-01
2.643647193908691406e-01
9.882829338312149048e-02
-1.090808492153882980e-02
1.626531220972537994e-02
-1.081448495388031006e-01
1.142554134130477905e-01
-2.136998623609542847e-01
-1.301359385251998901e-02
9.152965992689132690e-02
1.988079585134983063e-02
1.128183677792549133e-03
7.536660879850387573e-02
-9.530507773160934448e-02
6.382507085800170898e-02
1.350964158773422241e-01
-2.433329373598098755e-01
-4.107632488012313843e-02
7.689747959375381470e-02
-3.267064690589904785e-02
4.453942179679870605e-02
-1.530148535966873169e-01
2.130912244319915771e-01
1.118267923593521118e-01
-1.119095385074615479e-01
-1.882196366786956787e-01
1.199807226657867432e-01
-1.921653151512145996e-01
-1.285749375820159912e-01
4.962491244077682495e-02
-1.402068883180618286e-01
-2.056911140680313110e-01
-3.383867442607879639e-01
-2.705044485628604889e-02
3.833785355091094971e-01
1.740955263376235962e-01
-1.114285290241241455e-01
1.226682737469673157e-01
7.550849020481109619e-02
-1.983046717941761017e-02
1.318269819021224976e-01
1.632367819547653198e-01
3.929506987333297729e-02
4.300257936120033264e-02
-4.063728451728820801e-02
3.951326012611389160e-02
2.345505654811859131e-01
-3.469142317771911621e-02
-3.979742527008056641e-03
2.006855010986328125e-01
-3.368080779910087585e-02
3.316798433661460876e-02
2.667057141661643982e-02
4.430281370878219604e-02
-1.316104382276535034e-01
4.924814403057098389e-02
-1.034627929329872131e-01
4.973338916897773743e-02
-3.902432322502136230e-02
5.546544492244720459e-02
3.316894546151161194e-02
9.749457240104675293e-02
-1.284704953432083130e-01
1.525265127420425415e-01
-3.875312954187393188e-02
-7.887440919876098633e-02
-6.082905828952789307e-02
1.134238094091415405e-01
-3.581159934401512146e-02
-6.213567778468132019e-02
7.368602603673934937e-02
-2.218702882528305054e-01
1.783093959093093872e-01
1.613642126321792603e-01
8.447527885437011719e-02
1.551354229450225830e-01
4.724241420626640320e-02
1.523362845182418823e-02
-6.916228681802749634e-02
-1.623555086553096771e-03
-2.232800722122192383e-01
-5.896340683102607727e-02
8.595254272222518921e-02
-9.969408810138702393e-02
1.149085089564323425e-01
-9.375512599945068359e-04
