-1.190720349550247192e-01
3.630331158638000488e-02
7.683996856212615967e-02
-1.291451901197433472e-01
-1.545187085866928101e-01
-6.248855497688055038e-03
-9.697236865758895874e-02
-1.013727933168411255e-01
1.603609770536422729e-01
-1.754764020442962646e-01
2.445802241563796997e-01
-3.658983856439590454e-02
-1.892630159854888916e-01
-7.638459652662277222e-02
-8.590318262577056885e-02
2.521707117557525635e-01
-2.168325334787368774e-01
-1.667654216289520264e-01
-2.161523699760437012e-02
2.740171924233436584e-02
8.822918683290481567e-02
5.094255134463310242e-02
3.584394231438636780e-02
-3.097217064350843430e-03
-1.192542538046836853e-01
-3.963899910449981689e-01
-5.666228756308555603e-02
-5.965883284807205200e-02
1.519423536956310272e-02
-9.766758419573307037e-03
-7.208444923162460327e-02
-2.287632785737514496e-02
-2.094928771257400513e-01
3.256445750594139099e-03
3.180481866002082825e-02
1.017453521490097046e-01
-1.880688220262527466e-02
-5.997926741838455200e-02
1.214834824204444885e-01
1.678151264786720276e-02
-3.157214522361755371e-01
2.785159647464752197e-02
8.151555806398391724e-02
1.892129182815551758e-01
1.256949007511138916e-01
5.713382363319396973e-02
4.086433351039886475e-02
-1.911161690950393677e-01
1.207103952765464783e-01
-1.934755593538284302e-01
3.254568576812744141e-02
7.195962220430374146e-02
4.822097346186637878e-02
2.867688238620758057e-02
3.512972593307495117e-02
-1.205974742770195007e-01
4.969752207398414612e-02
1.548541635274887085e-01
-1.781039983034133911e-01
5.512518808245658875e-02
1.148077249526977539e-01
-6.141798198223114014e-02
-1.639018580317497253e-02
-1.194182783365249634e-01
2.200714498758316040e-01
9.519083052873611450e-02
-1.108134612441062927e-01
-2.512595951557159424e-01
8.464363217353820801e-02
-1.405750066041946411e-01
-1.279917210340499878e-01
6.830143183469772339e-02
-1.015342250466346741e-01
-1.830813288688659668e-01
-3.439837396144866943e-01
-4.036980867385864258e-02
3.733346164226531982e-01
1.325256675481796265e-01
-1.600602716207504272e-01
3.959043696522712708e-02
2.520155720412731171e-02
6.614114623516798019e-03
1.545321792364120483e-01
1.523786187171936035e-01
-4.874581471085548401e-03
7.510887086391448975e-02
-1.157540529966354370e-01
-1.341008581221103668e-02
2.502934336662292480e-01
-9.607336670160293579e-02
3.614236600697040558e-03
1.993677020072937012e-01
-1.997068896889686584e-02
1.020304337143898010e-01
-2.694020234048366547e-02
6.190340220928192139e-02
-1.324435770511627197e-01
1.011521890759468079e-01
-1.341070830821990967e-01
-2.222858369350433350e-02
2.299252338707447052e-02
1.055530086159706116e-02
2.952947840094566345e-02
7.439529895782470703e-02
-1.275269836187362671e-01
1.249045878648757935e-01
-5.841422826051712036e-02
-6.639932282269001007e-03
6.010900251567363739e-04
1.859643310308456421e-02
-6.679819524288177490e-02
-6.261011213064193726e-02
7.604219019412994385e-02
-1.890289038419723511e-01
2.499396353960037231e-01
2.227429300546646118e-01
1.322933584451675415e-01
1.337924450635910034e-01
1.651962548494338989e-01
3.320266306400299072e-02
-2.370570227503776550e-02
1.243746746331453323e-02
-2.120345681905746460e-01
-3.505486249923706055e-02
7.187867909669876099e-02
-8.534942567348480225e-02
1.425340473651885986e-01
2.429505437612533569e-02
