-1.127301603555679321e-01
3.794549778103828430e-02
-1.022099982947111130e-03
-1.827207058668136597e-01
-1.226410046219825745e-01
-6.150881946086883545e-02
-5.559856444597244263e-02
-1.002090424299240112e-01
2.081913650035858154e-01
-1.792210340499877930e-01
1.901577711105346680e-01
-9.739141911268234253e-02
-1.897489726543426514e-01
-6.473090499639511108e-02
-6.915319710969924927e-02
2.287736088037490845e-01
-2.945502996444702148e-01
-1.744080781936645508e-01
-7.584560662508010864e-04
2.174018695950508118e-02
7.915363460779190063e-02
9.358810493722558022e-04
1.070509850978851318e-02
5.090389400720596313e-02
-1.062869429588317871e-01
-3.984441459178924561e-01
-1.150894463062286377e-01
-6.980971992015838623e-02
2.166097983717918396e-02
-1.525192987173795700e-02
3.304367512464523315e-02
2.088267356157302856e-02
-2.471509128808975220e-01
-4.186129570007324219e-02
1.803129911422729492e-02
1.032593101263046265e-01
6.705285049974918365e-03
-1.047958657145500183e-01
9.330551326274871826e-02
1.610220037400722504e-02
-2.721457481384277344e-01
2.040116488933563232e-02
5.493818968534469604e-02
2.219174504280090332e-01
1.253985315561294556e-01
5.683932453393936157e-02
1.455297693610191345e-03
-1.599571704864501953e-01
1.513332724571228027e-01
-2.077296376228332520e-01
-6.822716444730758667e-02
7.922310382127761841e-02
-1.054733432829380035e-02
1.368270535022020340e-02
1.886653713881969452e-02
-1.002946496009826660e-01
1.196253597736358643e-01
1.345384269952774048e-01
-2.407455146312713623e-01
5.384532734751701355e-03
8.192831277847290039e-02
-6.260260194540023804e-02
1.900736242532730103e-05
-1.066382154822349548e-01
2.353599816560745239e-01
5.944126099348068237e-02
-1.131124868988990784e-01
-2.023236751556396484e-01
1.386424899101257324e-01
-1.474187672138214111e-01
-3.868669271469116211e-02
8.039465546607971191e-02
-1.033619269728660583e-01
-1.885644346475601196e-01
-2.961314618587493896e-01
-4.222780466079711914e-02
3.778182566165924072e-01
1.126994118094444275e-01
-7.261145114898681641e-02
7.874877005815505981e-02
-5.733066238462924957e-03
1.266265567392110825e-02
9.951623529195785522e-02
1.641730517148971558e-01
-6.503282114863395691e-03
6.751071661710739136e-02
-1.067233532667160034e-01
3.518641367554664612e-02
2.230550050735473633e-01
-7.895268499851226807e-02
1.303043868392705917e-02
2.218336164951324463e-01
-5.427402257919311523e-02
8.915148675441741943e-02
-1.989045739173889160e-02
3.413372114300727844e-02
-1.421402692794799805e-01
8.526443690061569214e-02
-1.179730296134948730e-01
5.555792711675167084e-03
6.379984319210052490e-02
-2.213632687926292419e-04
-7.068891078233718872e-03
9.956607222557067871e-02
-1.123618111014366150e-01
1.056086793541908264e-01
-5.220311135053634644e-02
-2.558125741779804230e-02
-3.200292587280273438e-02
-1.306713558733463287e-02
-3.542050719261169434e-02
-5.069480463862419128e-02
8.494035899639129639e-02
-2.191235721111297607e-01
2.156396806240081787e-01
2.269182205200195312e-01
7.615997642278671265e-02
1.311157047748565674e-01
8.123617619276046753e-02
1.095731556415557861e-02
-5.080570280551910400e-02
-1.921858265995979309e-02
-2.246039658784866333e-01
-2.723765559494495392e-02
6.411117315292358398e-02
-7.091650366783142090e-02
1.011484041810035706e-01
-4.023573175072669983e-02
