-1.052073985338211060e-01
8.282922953367233276e-02
7.611380517482757568e-02
-7.050448656082153320e-02
-1.454497873783111572e-01
-1.064119488000869751e-02
-1.843494363129138947e-02
-1.154971942305564880e-01
1.492888927459716797e-01
-1.807313859462738037e-01
2.459621131420135498e-01
-1.034459248185157776e-01
-2.173125445842742920e-01
-3.612439706921577454e-02
-7.836332917213439941e-02
2.514690160751342773e-01
-2.386010140180587769e-01
-1.559573709964752197e-01
-3.988662734627723694e-02
1.926217973232269287e-02
1.117282435297966003e-01
4.204070940613746643e-02
-2.336339093744754791e-03
1.469558291137218475e-02
-1.021202653646469116e-01
-3.801236152648925781e-01
-8.680202811956405640e-02
-4.963406175374984741e-02
1.396119222044944763e-02
-3.190232440829277039e-02
-3.826502710580825806e-02
5.360784381628036499e-02
-1.558514684438705444e-01
-3.968613222241401672e-03
3.759201616048812866e-02
1.088004559278488159e-01
-3.139388281852006912e-04
-1.368522197008132935e-01
9.508740156888961792e-02
-1.357620675116777420e-02
-2.809541821479797363e-01
4.593265801668167114e-02
7.822481542825698853e-02
2.449685782194137573e-01
1.722948402166366577e-01
-4.833778738975524902e-02
1.846497133374214172e-02
-1.521625369787216187e-01
1.361390203237533569e-01
-1.817487627267837524e-01
-6.013427302241325378e-02
8.739715069532394409e-02
1.604091562330722809e-02
5.827907472848892212e-02
4.438076913356781006e-02
-1.144771128892898560e-01
6.646309047937393188e-02
1.499054729938507080e-01
-1.482567489147186279e-01
2.165658166632056236e-03
1.171357855200767517e-01
-1.052889302372932434e-01
7.842124439775943756e-03
-1.147869080305099487e-01
1.617576330900192261e-01
4.710590466856956482e-02
-1.073577851057052612e-01
-2.216986119747161865e-01
9.865199774503707886e-02
-1.270298063755035400e-01
-6.965620815753936768e-02
5.200697481632232666e-02
-1.870842576026916504e-01
-1.712150871753692627e-01
-2.874017655849456787e-01
-9.016092866659164429e-03
4.407240450382232666e-01
9.914921969175338745e-02
-1.169175803661346436e-01
8.036166429519653320e-02
4.089364036917686462e-02
3.516994416713714600e-02
1.395350694656372070e-01
2.089403569698333740e-01
2.497535385191440582e-02
2.939707785844802856e-02
-1.232404634356498718e-01
5.679969862103462219e-02
2.045506387948989868e-01
-9.147647023200988770e-02
-1.042778417468070984e-02
2.117785811424255371e-01
-6.168218329548835754e-02
3.657100349664688110e-02
2.414480596780776978e-02
3.236573562026023865e-02
-1.033540219068527222e-01
8.582819253206253052e-02
-1.094192564487457275e-01
2.427758648991584778e-03
2.067220769822597504e-02
-8.545704931020736694e-02
-1.452369429171085358e-02
8.920539915561676025e-02
-1.051121428608894348e-01
8.470094203948974609e-02
-5.283287167549133301e-02
6.604533642530441284e-02
1.804454810917377472e-02
-3.153473883867263794e-02
-4.875764250755310059e-02
3.600308438763022423e-03
9.901516884565353394e-02
-2.059256583452224731e-01
1.849108934402465820e-01
1.956609189510345459e-01
5.873838812112808228e-02
1.156759783625602722e-01
9.886886924505233765e-02
7.080584764480590820e-02
-2.633259072899818420e-02
1.367723103612661362e-02
-2.116911858320236206e-01
-1.014064904302358627e-02
5.871820449829101562e-02
-3.784472867846488953e-02
6.583603471517562866e-02
-3.421436622738838196e-02
