-1.149743795394897461e-01
6.947285681962966919e-02
9.225340932607650757e-02
-1.467204988002777100e-01
-1.507184803485870361e-01
-4.224137589335441589e-02
-1.253030151128768921e-01
-8.885978907346725464e-02
1.591891944408416748e-01
-1.720800548791885376e-01
1.729191988706588745e-01
-9.581523388624191284e-02
-1.776467710733413696e-01
-8.522383123636245728e-02
-2.728367969393730164e-02
2.289514243602752686e-01
-2.316934615373611450e-01
-1.904003322124481201e-01
2.099543251097202301e-02
3.348170965909957886e-02
8.216845244169235229e-02
1.860131509602069855e-02
-1.469126669690012932e-03
7.366850972175598145e-02
-1.278771907091140747e-01
-4.457365870475769043e-01
-8.935353159904479980e-02
-4.111812263727188110e-02
-1.886357739567756653e-02
-6.708062440156936646e-02
-4.252222180366516113e-02
-1.550664007663726807e-02
-2.444129139184951782e-01
-5.313985049724578857e-03
-1.980434730648994446e-02
1.063148677349090576e-01
4.029090702533721924e-02
-1.122816354036331177e-01
1.200543865561485291e-01
2.133628539741039276e-02
-3.523858487606048584e-01
1.720238663256168365e-02
7.261633872985839844e-02
1.976907551288604736e-01
1.506211757659912109e-01
3.312327712774276733e-02
5.643295124173164368e-03
-1.218923330307006836e-01
1.570148468017578125e-01
-1.640056520700454712e-01
2.311930060386657715e-03
8.849576860666275024e-02
3.421661257743835449e-02
5.431304685771465302e-03
1.190062612295150757e-02
-1.139441505074501038e-01
3.193619102239608765e-02
1.437094360589981079e-01
-1.984379738569259644e-01
-1.489830669015645981e-02
5.713595449924468994e-02
-8.866778761148452759e-02
1.828910224139690399e-02
-1.338446736335754395e-01
2.471529543399810791e-01
1.159866750240325928e-01
-8.801268786191940308e-02
-2.469758987426757812e-01
1.097120270133018494e-01
-1.766470074653625488e-01
-1.016830205917358398e-01
5.182212963700294495e-02
-9.689249098300933838e-02
-1.335779726505279541e-01
-3.758778274059295654e-01
-2.236109413206577301e-02
3.077520728111267090e-01
9.988721460103988647e-02
-1.827263385057449341e-01
5.284538865089416504e-02
1.637965068221092224e-02
-7.519816048443317413e-03
1.061371639370918274e-01
2.323611974716186523e-01
1.197969913482666016e-02
1.162209585309028625e-01
-7.570879906415939331e-02
-4.528073593974113464e-03
2.457986623048782349e-01
-4.713373631238937378e-02
2.894092723727226257e-02
2.228501141071319580e-01
-1.816013455390930176e-02
1.127875000238418579e-01
-7.709199097007513046e-03
1.402478292584419250e-02
-1.412192136049270630e-01
8.016396313905715942e-02
-1.181803345680236816e-01
2.329609729349613190e-02
1.298257987946271896e-02
4.076210409402847290e-02
5.479886662214994431e-03
1.417660564184188843e-01
-1.648546159267425537e-01
1.112959235906600952e-01
-3.366931155323982239e-02
-3.484058380126953125e-02
-1.599747501313686371e-02
4.624139517545700073e-02
-3.345940262079238892e-02
-1.271319687366485596e-01
6.960612535476684570e-02
-2.160468548536300659e-01
1.765358597040176392e-01
2.110092490911483765e-01
8.480887860059738159e-02
1.356713026762008667e-01
1.033571437001228333e-01
6.060564517974853516e-02
-2.447570115327835083e-02
6.561987102031707764e-03
-2.078223228454589844e-01
1.035090442746877670e-02
1.037475243210792542e-01
-9.639844298362731934e-02
9.972859919071197510e-02
1.581304334104061127e-02
