-7.920615375041961670e-02
4.739733040332794189e-02
-7.915619760751724243e-03
-1.863395273685455322e-01
-1.479821950197219849e-01
-6.320291757583618164e-02
-6.590825319290161133e-02
-1.380355954170227051e-01
1.625270247459411621e-01
-1.333834826946258545e-01
2.189259827136993408e-01
-9.958915412425994873e-02
-2.044467628002166748e-01
-7.625062018632888794e-02
-1.275948733091354370e-01
2.000960856676101685e-01
-2.118120193481445312e-01
-1.451708674430847168e-01
-1.863211765885353088e-02
6.635297834873199463e-02
8.385339379310607910e-02
-3.605832532048225403e-02
-2.439691685140132904e-03
5.158835649490356445e-02
-9.024976193904876709e-02
-3.391538262367248535e-01
-1.454282552003860474e-01
-3.417071700096130371e-02
6.585740484297275543e-03
-7.555547356605529785e-02
2.432789653539657593e-02
2.221331000328063965e-02
-2.072522640228271484e-01
-1.344135217368602753e-02
2.126674726605415344e-02
9.550288319587707520e-02
1.581897772848606110e-02
-1.448493003845214844e-01
6.580771505832672119e-02
-2.217454463243484497e-02
-2.808862328529357910e-01
-5.594785511493682861e-02
8.557863533496856689e-02
2.033797204494476318e-01
1.571070700883865356e-01
-1.596006751060485840e-02
1.344444416463375092e-02
-1.639009118080139160e-01
9.476117789745330811e-02
-1.843694299459457397e-01
-6.459648162126541138e-02
8.930396288633346558e-02
-4.202241823077201843e-02
4.338845238089561462e-02
7.913105189800262451e-03
-6.426318734884262085e-02
9.137883037328720093e-02
1.945046335458755493e-01
-1.687151342630386353e-01
-6.869165226817131042e-04
1.119412109255790710e-01
-6.653074920177459717e-02
-5.945029109716415405e-02
-1.274508088827133179e-01
2.118384838104248047e-01
1.020612642168998718e-01
-1.611133515834808350e-01
-2.110785394906997681e-01
1.448224633932113647e-01
-1.639508754014968872e-01
-6.252599507570266724e-02
3.852118551731109619e-02
-1.198352202773094177e-01
-1.947087049484252930e-01
-2.661109566688537598e-01
-3.511663898825645447e-02
3.845619559288024902e-01
1.490233242511749268e-01
-1.193901598453521729e-01
6.652577221393585205e-02
-3.910326585173606873e-02
4.532788321375846863e-02
1.289135515689849854e-01
1.480898112058639526e-01
4.103240370750427246e-02
6.459951400756835938e-02
-1.097763925790786743e-01
3.827542066574096680e-02
2.362743169069290161e-01
-1.038542464375495911e-01
5.183852091431617737e-02
2.134632319211959839e-01
-7.632903009653091431e-02
6.381415575742721558e-02
-2.612853422760963440e-02
5.946234613656997681e-02
-9.297677129507064819e-02
1.165015920996665955e-01
-1.134209707379341125e-01
5.070043727755546570e-02
7.546597719192504883e-02
-2.733671106398105621e-02
1.426005829125642776e-02
1.072561815381050110e-01
-6.102827936410903931e-02
8.359913527965545654e-02
2.512844465672969818e-02
1.920624449849128723e-02
3.306574746966362000e-02
-4.287377372384071350e-02
-4.097989946603775024e-02
-8.211988955736160278e-02
1.059760972857475281e-01
-2.072076350450515747e-01
2.474041581153869629e-01
1.827436089515686035e-01
9.101035445928573608e-02
8.571770042181015015e-02
1.176692694425582886e-01
8.031495660543441772e-02
1.089135464280843735e-02
-7.418341934680938721e-02
-1.658344566822052002e-01
-9.939956944435834885e-04
2.751921117305755615e-02
-7.456296682357788086e-02
4.600293934345245361e-02
-6.952217966318130493e-02
