-6.126872450113296509e-02
1.132251918315887451e-01
6.767632439732551575e-04
-1.280061006546020508e-01
-1.634794622659683228e-01
5.292960628867149353e-02
-1.519821733236312866e-01
-1.861151307821273804e-01
1.856088042259216309e-01
-1.603932678699493408e-01
2.199448496103286743e-01
-6.349421292543411255e-02
-2.304306775331497192e-01
-8.301015943288803101e-02
-3.935359045863151550e-02
2.379683703184127808e-01
-2.173413932323455811e-01
-1.920489221811294556e-01
-4.388362541794776917e-02
1.733884215354919434e-02
-4.108775407075881958e-02
-3.407966718077659607e-02
4.113652184605598450e-02
6.304078549146652222e-02
-1.075536310672760010e-01
-3.734318315982818604e-01
-6.061260402202606201e-02
-9.800691902637481689e-02
4.330908134579658508e-02
-5.227088928222656250e-02
-9.569516777992248535e-02
-3.972649946808815002e-02
-1.760745942592620850e-01
1.591267623007297516e-02
-6.132586859166622162e-03
1.442410945892333984e-01
-4.523660242557525635e-02
-1.196404248476028442e-01
1.348373889923095703e-01
-2.719801291823387146e-02
-3.276409208774566650e-01
3.789447993040084839e-02
2.411267533898353577e-02
2.003541290760040283e-01
2.385950386524200439e-01
1.424181181937456131e-02
2.314748615026473999e-02
-1.341138035058975220e-01
2.048469632863998413e-01
-2.084976583719253540e-01
4.636348038911819458e-02
7.715529203414916992e-02
4.740808531641960144e-02
-2.424122579395771027e-02
3.731111064553260803e-02
-1.313996762037277222e-01
9.311289526522159576e-03
1.719468832015991211e-01
-2.078398615121841431e-01
-3.146131336688995361e-02
1.286762356758117676e-01
-4.858976230025291443e-02
2.844867296516895294e-03
-1.476843804121017456e-01
2.392633110284805298e-01
1.528519839048385620e-01
-1.239670664072036743e-01
-1.990376412868499756e-01
1.189800053834915161e-01
-1.825912892818450928e-01
-4.878807440400123596e-02
6.040843576192855835e-02
-1.016552895307540894e-01
-1.800799965858459473e-01
-3.385165929794311523e-01
-2.035222388803958893e-02
4.155459702014923096e-01
1.450901776552200317e-01
-1.001856401562690735e-01
3.458325564861297607e-02
2.639419585466384888e-02
-3.297311812639236450e-02
7.623046636581420898e-02
1.191044598817825317e-01
-2.026626840233802795e-02
1.788169890642166138e-02
-1.222000569105148315e-01
-2.822754904627799988e-02
2.682720124721527100e-01
-8.355295658111572266e-02
4.532094672322273254e-02
2.005153894424438477e-01
-6.221010535955429077e-02
5.599870532751083374e-02
-2.017953991889953613e-02
8.009948581457138062e-02
-1.486032903194427490e-01
7.385157048702239990e-02
-1.133229434490203857e-01
1.057345233857631683e-02
-2.868377044796943665e-02
-4.410244897007942200e-02
3.542128950357437134e-02
4.797065258026123047e-02
-1.492269784212112427e-01
1.407797336578369141e-01
-2.360985800623893738e-02
3.003574162721633911e-02
1.637066900730133057e-02
-8.798068389296531677e-03
-6.292843818664550781e-02
-6.317786872386932373e-02
1.817834079265594482e-01
-2.488662600517272949e-01
1.826536655426025391e-01
1.583843976259231567e-01
1.457181721925735474e-01
1.261580586433410645e-01
1.262251734733581543e-01
5.682826042175292969e-02
-3.997209668159484863e-02
-1.299898978322744370e-02
-2.227375507354736328e-01
-5.264678969979286194e-02
4.167875275015830994e-02
-1.012002825736999512e-01
1.237880215048789978e-01
6.861481815576553345e-02
