-1.006704792380332947e-01
1.203256845474243164e-01
6.694021169096231461e-03
-7.435581088066101074e-02
-1.122511699795722961e-01
1.060879789292812347e-02
-8.793258666992187500e-02
-1.584292799234390259e-01
1.196300685405731201e-01
-1.602510958909988403e-01
1.905966401100158691e-01
-7.633733004331588745e-02
-2.171666473150253296e-01
-1.063868626952171326e-01
1.476028747856616974e-02
2.066086828708648682e-01
-2.066088467836380005e-01
-1.843004673719406128e-01
-5.325477942824363708e-02
2.744121104478836060e-02
7.911861687898635864e-02
-1.045087724924087524e-02
9.563799016177654266e-03
7.892504334449768066e-02
-1.711608022451400757e-01
-3.489783704280853271e-01
-7.044626772403717041e-02
-6.687741726636886597e-02
-3.618132323026657104e-03
-7.110420614480972290e-02
-7.796280831098556519e-02
-1.486337557435035706e-02
-2.454857975244522095e-01
-3.872646391391754150e-02
2.041534893214702606e-02
1.115495711565017700e-01
2.674730494618415833e-02
-1.211597993969917297e-01
1.763180792331695557e-01
1.216048933565616608e-02
-2.578125894069671631e-01
4.692277312278747559e-02
4.829264432191848755e-02
1.931274831295013428e-01
8.878318965435028076e-02
1.212344877421855927e-02
3.929706662893295288e-02
-1.650800853967666626e-01
1.758375763893127441e-01
-1.515069007873535156e-01
1.028219703584909439e-02
1.060754135251045227e-01
2.612784132361412048e-02
4.501752555370330811e-02
-2.135545946657657623e-03
-1.798799186944961548e-01
6.380364298820495605e-02
1.452872902154922485e-01
-1.841773092746734619e-01
-1.978503167629241943e-02
6.731028854846954346e-02
-3.092125244438648224e-02
-1.642990112304687500e-02
-1.320040971040725708e-01
2.142135947942733765e-01
1.166222095489501953e-01
-6.128433346748352051e-02
-2.185718864202499390e-01
7.495554536581039429e-02
-1.225413456559181213e-01
-5.157203599810600281e-02
7.970101386308670044e-02
-1.264663636684417725e-01
-1.723645180463790894e-01
-2.876714468002319336e-01
-2.441594377160072327e-03
3.455470502376556396e-01
1.270476281642913818e-01
-2.050147205591201782e-01
1.511401124298572540e-02
1.236658450216054916e-02
-3.064483031630516052e-02
1.586621552705764771e-01
1.549305170774459839e-01
1.310432329773902893e-02
7.929058372974395752e-02
-5.465469509363174438e-02
4.332298785448074341e-02
2.738904953002929688e-01
-3.360132128000259399e-02
2.397349290549755096e-02
2.057588249444961548e-01
2.183403447270393372e-02
6.416087597608566284e-02
2.885100431740283966e-02
-2.911196835339069366e-02
-1.118493005633354187e-01
5.420216917991638184e-02
-1.073230579495429993e-01
3.212480247020721436e-02
-5.525594577193260193e-03
-1.207266096025705338e-02
-9.009251371026039124e-03
9.572065621614456177e-02
-1.557343602180480957e-01
9.642825275659561157e-02
-8.465955965220928192e-03
-4.247940331697463989e-02
-3.218989819288253784e-02
3.554785856977105141e-03
-8.816492557525634766e-02
-7.315090298652648926e-02
9.662747383117675781e-02
-2.357981801033020020e-01
1.947763860225677490e-01
1.942348629236221313e-01
4.783568531274795532e-02
1.150104552507400513e-01
8.494325727224349976e-02
9.524605423212051392e-02
-3.055078163743019104e-02
4.303558543324470520e-02
-2.208925485610961914e-01
-2.497152797877788544e-02
1.648060232400894165e-01
-7.202555984258651733e-02
1.064844578504562378e-01
-5.290740355849266052e-02
