-1.242525428533554077e-01
8.835152536630630493e-02
2.973176166415214539e-02
-1.207829266786575317e-01
-1.372729539871215820e-01
-4.382218234241008759e-03
-9.513156861066818237e-02
-8.151037245988845825e-02
2.156655937433242798e-01
-1.567390710115432739e-01
2.498625516891479492e-01
-3.013332746922969818e-02
-1.886556297540664673e-01
-6.902131438255310059e-02
-7.111570239067077637e-02
2.005596905946731567e-01
-2.254003584384918213e-01
-1.618157774209976196e-01
1.336670573800802231e-02
1.599595881998538971e-03
9.964898973703384399e-02
7.865303009748458862e-02
2.313827164471149445e-02
1.048871129751205444e-02
-1.582604646682739258e-01
-3.754127323627471924e-01
-9.878910332918167114e-02
-9.157725423574447632e-02
-2.340609207749366760e-04
-4.949647933244705200e-02
-9.007799439132213593e-03
4.844405129551887512e-02
-2.201441228389739990e-01
-6.185047328472137451e-03
5.280420556664466858e-02
1.288023591041564941e-01
9.485018439590930939e-03
-3.487294539809226990e-02
1.321781426668167114e-01
3.574539348483085632e-02
-2.311900109052658081e-01
-8.493865840137004852e-03
3.414326161146163940e-02
2.391238212585449219e-01
6.374885141849517822e-02
1.517594885081052780e-02
1.799516007304191589e-02
-1.765315532684326172e-01
9.404541552066802979e-02
-1.233857497572898865e-01
-1.104209385812282562e-02
1.439162939786911011e-01
2.453414723277091980e-02
3.321801126003265381e-02
4.394943639636039734e-02
-6.689630448818206787e-02
6.678315997123718262e-02
1.245985031127929688e-01
-1.344036608934402466e-01
-1.081874035298824310e-02
1.172570437192916870e-01
-4.262733086943626404e-02
-6.607125699520111084e-02
-1.247001290321350098e-01
2.164810150861740112e-01
5.715844780206680298e-02
-9.632468223571777344e-02
-2.249403744935989380e-01
1.000619754195213318e-01
-9.178030490875244141e-02
-1.339747458696365356e-01
9.253859519958496094e-02
-1.409682184457778931e-01
-1.577670276165008545e-01
-2.828142046928405762e-01
-2.336861938238143921e-02
3.785248100757598877e-01
7.382548600435256958e-02
-1.619475483894348145e-01
5.852098390460014343e-02
1.381128281354904175e-02
-9.370200335979461670e-03
1.316886693239212036e-01
1.348594278097152710e-01
-2.645996212959289551e-02
8.657503128051757812e-02
-9.074591845273971558e-02
6.759105622768402100e-02
2.415879517793655396e-01
-7.999865710735321045e-02
1.950613036751747131e-02
1.606815457344055176e-01
-2.158592641353607178e-02
1.183547303080558777e-01
6.007901392877101898e-04
6.415979471057653427e-03
-6.459303200244903564e-02
6.747224926948547363e-02
-1.318227648735046387e-01
1.225498225539922714e-02
5.546630546450614929e-02
7.619116455316543579e-03
-4.730066657066345215e-02
1.032745540142059326e-01
-1.157230362296104431e-01
7.534605264663696289e-02
7.474740035831928253e-03
-5.245190113782882690e-02
-1.422205381095409393e-02
2.616351470351219177e-02
-9.895818680524826050e-02
-7.494255155324935913e-02
1.080656573176383972e-01
-2.097231745719909668e-01
2.277391552925109863e-01
1.805222630500793457e-01
5.276949331164360046e-02
1.039359048008918762e-01
1.150397136807441711e-01
6.025086715817451477e-02
-5.813711881637573242e-02
-1.311490871012210846e-02
-2.188435047864913940e-01
-5.119349807500839233e-02
9.434999525547027588e-02
-5.375202745199203491e-02
6.221983581781387329e-02
-6.832621991634368896e-02
