-1.016865670680999756e-01
7.097219675779342651e-02
1.682581752538681030e-02
-5.591832101345062256e-02
-1.635895073413848877e-01
4.934174939990043640e-04
-8.281394839286804199e-02
-2.626442164182662964e-02
1.510440856218338013e-01
-9.646168351173400879e-02
2.064416110515594482e-01
-7.634354382753372192e-02
-1.998125016689300537e-01
-9.986779838800430298e-02
-7.277309149503707886e-02
1.822639405727386475e-01
-2.102824896574020386e-01
-1.446997225284576416e-01
-7.437883876264095306e-03
4.836686700582504272e-02
9.062759578227996826e-02
-1.348816417157649994e-02
-2.736458927392959595e-02
1.133069302886724472e-02
-1.235539913177490234e-01
-4.011068940162658691e-01
-8.482534438371658325e-02
-3.693974763154983521e-02
5.600668489933013916e-03
-7.401621341705322266e-02
-4.237047582864761353e-02
-1.120941806584596634e-02
-1.905751228332519531e-01
-7.375690340995788574e-02
3.770391643047332764e-02
1.127179935574531555e-01
-5.032030865550041199e-03
-1.270424723625183105e-01
1.044534370303153992e-01
8.296136744320392609e-03
-2.747539579868316650e-01
-1.092231832444667816e-03
6.549817323684692383e-02
2.450836002826690674e-01
1.565979868173599243e-01
3.207951411604881287e-02
2.192818187177181244e-02
-1.121264994144439697e-01
1.507509201765060425e-01
-1.726643294095993042e-01
-3.000022284686565399e-02
1.500741541385650635e-01
6.258298642933368683e-03
3.875117748975753784e-02
7.067188620567321777e-03
-1.128167733550071716e-01
3.504873067140579224e-02
1.456230431795120239e-01
-1.195545122027397156e-01
-3.308553993701934814e-02
7.038974761962890625e-02
-2.563828229904174805e-02
-7.921848446130752563e-03
-1.373005956411361694e-01
2.070829868316650391e-01
7.114928960800170898e-02
-1.018636226654052734e-01
-2.555685341358184814e-01
1.247648745775222778e-01
-1.467614024877548218e-01
-8.622609078884124756e-02
2.509003877639770508e-02
-1.355985552072525024e-01
-1.718865483999252319e-01
-3.037586808204650879e-01
-6.175396963953971863e-03
3.695299625396728516e-01
9.947741031646728516e-02
-1.303917467594146729e-01
7.898303866386413574e-02
-2.261331863701343536e-02
4.631175659596920013e-03
8.901343494653701782e-02
1.868184804916381836e-01
2.183301001787185669e-02
1.168921068310737610e-01
-1.038439795374870300e-01
-3.195032477378845215e-03
2.487102448940277100e-01
-6.338437646627426147e-02
6.866254378110170364e-03
1.675917655229568481e-01
-2.665705606341362000e-02
7.783503830432891846e-02
5.111677199602127075e-02
-1.267945044673979282e-03
-1.070867478847503662e-01
9.038189798593521118e-02
-1.310703158378601074e-01
1.440984290093183517e-02
6.800881028175354004e-02
-6.273856014013290405e-02
1.121033076196908951e-02
1.041327714920043945e-01
-1.178189665079116821e-01
1.060169786214828491e-01
-3.275657305493950844e-03
5.733923986554145813e-02
8.888574317097663879e-03
-2.836962044239044189e-02
-8.750194311141967773e-02
-3.022641874849796295e-02
1.284351944923400879e-01
-2.107565999031066895e-01
2.291216552257537842e-01
1.688012033700942993e-01
1.164404079318046570e-01
1.196594908833503723e-01
1.752709001302719116e-01
5.250631272792816162e-02
-6.835859268903732300e-03
9.787113405764102936e-03
-1.990005820989608765e-01
-2.909107692539691925e-02
2.897186670452356339e-03
-6.926173716783523560e-02
6.893803179264068604e-02
-1.655885018408298492e-02
