-9.754092991352081299e-02
3.256344795227050781e-02
3.148451820015907288e-02
-1.567031741142272949e-01
-1.139711514115333557e-01
-6.137656420469284058e-02
-8.557354658842086792e-02
-1.424334198236465454e-01
1.343414038419723511e-01
-1.431916803121566772e-01
2.442746311426162720e-01
-4.427696019411087036e-02
-2.464597374200820923e-01
-8.722754567861557007e-02
-7.392958551645278931e-02
2.141978442668914795e-01
-2.050831019878387451e-01
-1.831062585115432739e-01
-4.433522000908851624e-02
5.654574185609817505e-02
8.466878533363342285e-02
-7.603732869029045105e-03
3.135591000318527222e-02
7.089657709002494812e-03
-1.184072345495223999e-01
-3.461561501026153564e-01
-1.174260899424552917e-01
-3.770656883716583252e-02
-4.755458235740661621e-02
-2.915055491030216217e-02
-2.730126492679119110e-02
9.459913708269596100e-03
-2.066983133554458618e-01
2.214653789997100830e-02
3.450601547956466675e-02
7.512778788805007935e-02
1.482361927628517151e-02
-1.181128770112991333e-01
1.434902101755142212e-01
2.171362191438674927e-02
-3.183667361736297607e-01
3.464803844690322876e-02
6.729491055011749268e-02
1.999136954545974731e-01
1.813658028841018677e-01
5.425494629889726639e-03
2.863604016602039337e-02
-1.451001018285751343e-01
1.287548989057540894e-01
-2.072493731975555420e-01
3.056018799543380737e-02
1.164849400520324707e-01
9.139373898506164551e-02
-1.153824757784605026e-02
1.780160889029502869e-02
-8.315081149339675903e-02
5.824374035000801086e-02
2.005511075258255005e-01
-1.854595839977264404e-01
1.744480803608894348e-03
1.402904391288757324e-01
-4.302760213613510132e-02
-3.662816807627677917e-02
-1.145823150873184204e-01
1.948244571685791016e-01
1.322790682315826416e-01
-1.687101274728775024e-01
-1.883056461811065674e-01
1.018476188182830811e-01
-1.273906826972961426e-01
-8.513350784778594971e-02
5.541457608342170715e-02
-1.815661489963531494e-01
-2.215826362371444702e-01
-2.745829820632934570e-01
-8.998136967420578003e-03
3.820519149303436279e-01
1.130901724100112915e-01
-1.587135493755340576e-01
2.984915301203727722e-02
-3.262068144977092743e-03
4.541721940040588379e-02
1.298421174287796021e-01
1.255795955657958984e-01
-1.371007226407527924e-02
2.614177018404006958e-02
-1.095838025212287903e-01
1.897596381604671478e-02
2.766728997230529785e-01
-8.186352252960205078e-02
-6.263303570449352264e-03
2.254504561424255371e-01
-3.667838871479034424e-02
5.655786395072937012e-02
-3.641461953520774841e-02
2.972660772502422333e-02
-3.472696989774703979e-02
7.533151656389236450e-02
-1.063434928655624390e-01
4.551314935088157654e-02
1.354307122528553009e-02
-2.016427367925643921e-02
-1.351402234286069870e-02
9.594838321208953857e-02
-1.039669960737228394e-01
6.412968784570693970e-02
-1.741149276494979858e-02
1.704490557312965393e-02
9.118018671870231628e-03
-2.298340387642383575e-02
-5.429077893495559692e-02
-7.899037003517150879e-02
5.362479388713836670e-02
-2.076542526483535767e-01
2.236201614141464233e-01
1.944666504859924316e-01
9.268745779991149902e-02
6.593069434165954590e-02
1.078352928161621094e-01
4.221580922603607178e-02
1.216113474220037460e-02
-1.940109394490718842e-02
-2.085549086332321167e-01
-3.391103819012641907e-02
1.045870706439018250e-01
-4.337411373853683472e-02
1.271086633205413818e-01
-3.026495128870010376e-02
