-1.129097938537597656e-01
5.148752406239509583e-02
3.474021330475807190e-02
-1.067755818367004395e-01
-1.182614713907241821e-01
-5.258504301309585571e-02
-1.874413155019283295e-02
-1.139897406101226807e-01
1.501971483230590820e-01
-1.731603890657424927e-01
1.923830360174179077e-01
-7.034032791852951050e-02
-2.027749717235565186e-01
-5.114544928073883057e-02
-7.699338346719741821e-02
2.240404784679412842e-01
-1.835742294788360596e-01
-1.676709949970245361e-01
-7.648602873086929321e-02
5.477531626820564270e-02
1.166832372546195984e-01
1.762937288731336594e-03
3.823480382561683655e-02
5.126262456178665161e-02
-1.077713817358016968e-01
-3.863585591316223145e-01
-1.005474552512168884e-01
-3.579610958695411682e-02
-4.943750053644180298e-02
-3.221918642520904541e-02
-2.114479988813400269e-02
1.057319343090057373e-01
-1.995301097631454468e-01
-1.504598744213581085e-02
3.697772324085235596e-02
1.108371019363403320e-01
1.163259055465459824e-02
-6.398132443428039551e-02
1.411136835813522339e-01
-2.970511466264724731e-02
-3.264992535114288330e-01
2.905539236962795258e-03
1.013509854674339294e-01
2.255914211273193359e-01
1.358813494443893433e-01
-2.099972590804100037e-02
7.928815670311450958e-03
-1.140716522932052612e-01
1.150760799646377563e-01
-2.126007676124572754e-01
1.126963272690773010e-02
8.427434414625167847e-02
3.918338194489479065e-02
5.014302209019660950e-02
5.362451821565628052e-02
-7.215636968612670898e-02
9.077382087707519531e-02
1.161353513598442078e-01
-1.357510536909103394e-01
-1.339993346482515335e-02
1.026980131864547729e-01
-1.254552602767944336e-01
-5.305179208517074585e-02
-1.179934144020080566e-01
1.841799914836883545e-01
9.324064850807189941e-02
-1.045242547988891602e-01
-2.244313508272171021e-01
1.026020795106887817e-01
-1.444583535194396973e-01
-6.485989689826965332e-02
8.541435748338699341e-02
-1.554175466299057007e-01
-1.599201112985610962e-01
-2.907303869724273682e-01
-3.146449103951454163e-02
3.711032569408416748e-01
1.058050915598869324e-01
-1.485010832548141479e-01
7.178207486867904663e-02
1.081094238907098770e-02
1.550796441733837128e-02
1.190039366483688354e-01
1.714434474706649780e-01
1.283642090857028961e-02
9.139785170555114746e-02
-9.951806813478469849e-02
7.159747928380966187e-02
2.330874502658843994e-01
-8.606955409049987793e-02
-2.378259971737861633e-02
2.219897210597991943e-01
-2.072300016880035400e-02
5.627575889229774475e-02
1.452264375984668732e-02
2.114019356667995453e-02
-5.691331624984741211e-02
5.378550291061401367e-02
-1.576855927705764771e-01
4.170988872647285461e-02
6.471522152423858643e-02
-9.622705169022083282e-03
-5.328445136547088623e-02
9.282337874174118042e-02
-1.090952157974243164e-01
8.822584897279739380e-02
-5.466585233807563782e-02
3.284849971532821655e-02
1.900665834546089172e-02
-1.576712913811206818e-02
-9.261620044708251953e-02
-6.957264989614486694e-02
6.314945220947265625e-02
-1.793907284736633301e-01
1.870012283325195312e-01
1.708000302314758301e-01
4.193499684333801270e-02
6.190420314669609070e-02
9.389860928058624268e-02
4.686565697193145752e-02
7.954136468470096588e-03
-5.494024604558944702e-03
-2.262276113033294678e-01
-1.547825802117586136e-02
1.631857305765151978e-01
-6.107959896326065063e-02
6.324735283851623535e-02
-4.831427335739135742e-02
