-1.114976480603218079e-01
9.948998689651489258e-02
2.624925598502159119e-02
-7.877881824970245361e-02
-1.000904142856597900e-01
4.700241982936859131e-02
-1.037960052490234375e-01
-1.631579399108886719e-01
1.574088484048843384e-01
-2.290578335523605347e-01
2.354099899530410767e-01
-9.943014383316040039e-02
-2.558154165744781494e-01
-9.763580560684204102e-02
1.068284641951322556e-02
2.119810283184051514e-01
-2.133016139268875122e-01
-1.699382513761520386e-01
-1.484793797135353088e-02
1.779722981154918671e-02
5.028803274035453796e-02
-1.028180308640003204e-02
-1.086246315389871597e-02
1.382952928543090820e-02
-9.646917879581451416e-02
-4.214957952499389648e-01
-1.032677814364433289e-01
-7.679414749145507812e-02
-1.442228537052869797e-02
-6.994659546762704849e-03
-8.596225082874298096e-02
1.724062114953994751e-02
-1.874928176403045654e-01
-2.108056657016277313e-02
1.137069426476955414e-03
1.009699106216430664e-01
-3.556458279490470886e-02
-6.302813440561294556e-02
1.464774459600448608e-01
-1.368160359561443329e-02
-2.191594392061233521e-01
-2.137547172605991364e-02
7.793686538934707642e-02
2.033367753028869629e-01
1.032551154494285583e-01
5.579214170575141907e-02
2.894876711070537567e-02
-1.620954126119613647e-01
1.754543483257293701e-01
-1.586048752069473267e-01
3.831682354211807251e-02
1.106004863977432251e-01
1.425229758024215698e-01
6.185446679592132568e-02
4.195896163582801819e-02
-1.435687988996505737e-01
6.507959216833114624e-02
1.813527047634124756e-01
-1.846014559268951416e-01
1.978307403624057770e-02
1.027836799621582031e-01
-3.421611338853836060e-02
-2.878275886178016663e-02
-7.400587201118469238e-02
2.901429235935211182e-01
1.713255494832992554e-01
-7.675520330667495728e-02
-2.042008787393569946e-01
1.279693692922592163e-01
-9.441728889942169189e-02
-9.849889576435089111e-02
1.146353408694267273e-02
-1.499760895967483521e-01
-1.925899535417556763e-01
-2.595093548297882080e-01
-1.422890834510326385e-02
3.254419267177581787e-01
8.393482863903045654e-02
-1.664164662361145020e-01
2.374779246747493744e-02
3.561556339263916016e-02
-5.023523420095443726e-02
1.722115725278854370e-01
1.489617675542831421e-01
-4.675580188632011414e-02
-1.414515823125839233e-02
-5.954551324248313904e-02
2.010801807045936584e-03
2.593455016613006592e-01
-7.106570899486541748e-02
3.790136799216270447e-02
1.810096949338912964e-01
-2.142360620200634003e-02
6.230353564023971558e-02
8.766125887632369995e-03
-3.138476610183715820e-02
-1.033765822649002075e-01
9.319057315587997437e-02
-1.409828960895538330e-01
-9.781502187252044678e-03
6.487985607236623764e-03
-3.498987108469009399e-02
-1.968497037887573242e-02
7.034792751073837280e-02
-1.721907705068588257e-01
1.180491670966148376e-01
-1.031498238444328308e-02
1.134128123521804810e-02
3.366833552718162537e-02
-4.235999286174774170e-02
-7.974895834922790527e-02
-4.844069108366966248e-02
1.123904213309288025e-01
-2.183707058429718018e-01
1.967010051012039185e-01
1.444657593965530396e-01
6.583143770694732666e-02
1.477445214986801147e-01
1.003095284104347229e-01
9.198945760726928711e-02
7.062326185405254364e-03
-6.876023486256599426e-03
-2.893804907798767090e-01
-2.211888507008552551e-02
1.637540459632873535e-01
-5.685182660818099976e-02
5.341955274343490601e-02
-1.928729563951492310e-02
