-1.330435127019882202e-01
6.653781980276107788e-02
4.582441598176956177e-02
-1.522688716650009155e-01
-1.933262050151824951e-01
-2.095921896398067474e-02
-8.874326944351196289e-03
-9.125557541847229004e-02
2.270151674747467041e-01
-1.935332566499710083e-01
2.223195731639862061e-01
-8.967803418636322021e-02
-1.922663003206253052e-01
-3.558315336704254150e-02
-4.433139041066169739e-02
2.413168549537658691e-01
-2.430576384067535400e-01
-1.774480044841766357e-01
-4.503209143877029419e-02
-2.187364734709262848e-03
1.011223420500755310e-01
6.966434884816408157e-04
-2.244906313717365265e-02
3.782346844673156738e-02
-1.231395751237869263e-01
-3.546014428138732910e-01
-8.124046027660369873e-02
-4.830733686685562134e-02
6.628546118736267090e-02
-4.364536330103874207e-02
-4.740345105528831482e-02
5.087302625179290771e-02
-1.963148117065429688e-01
-5.880267918109893799e-02
8.665999397635459900e-03
1.250514686107635498e-01
-3.834865242242813110e-02
-9.299199283123016357e-02
1.092368811368942261e-01
2.364268153905868530e-02
-3.155885636806488037e-01
5.703793093562126160e-02
5.881045758724212646e-02
1.885318011045455933e-01
1.508614122867584229e-01
5.271701514720916748e-02
-3.297485411167144775e-03
-1.796923428773880005e-01
1.437023133039474487e-01
-2.075782120227813721e-01
5.978813394904136658e-03
8.883236348628997803e-02
6.755019724369049072e-02
4.341424256563186646e-02
7.331835478544235229e-02
-1.623215824365615845e-01
7.653336971998214722e-02
1.525892615318298340e-01
-2.252946048974990845e-01
1.227836403995752335e-02
1.156559139490127563e-01
-8.276339620351791382e-02
1.203696243464946747e-03
-1.178664118051528931e-01
2.063391208648681641e-01
1.399524509906768799e-01
-7.806210219860076904e-02
-1.968142688274383545e-01
1.831548213958740234e-01
-1.059461832046508789e-01
-9.634479880332946777e-02
8.965518325567245483e-02
-1.009286940097808838e-01
-1.663692444562911987e-01
-2.636927962303161621e-01
-2.270661666989326477e-02
4.031397700309753418e-01
1.378889977931976318e-01
-1.502782106399536133e-01
1.859427243471145630e-02
3.484242781996726990e-02
1.605882123112678528e-02
1.591196209192276001e-01
1.689331829547882080e-01
-2.616695128381252289e-02
-4.760034382343292236e-03
-9.626774489879608154e-02
-4.852123558521270752e-03
1.799401938915252686e-01
-5.495930835604667664e-02
-2.794804982841014862e-03
1.997658312320709229e-01
8.570914156734943390e-03
8.476828783750534058e-02
4.609660245478153229e-03
2.869242057204246521e-02
-1.413388550281524658e-01
8.873564004898071289e-02
-1.415598243474960327e-01
-4.469316452741622925e-02
3.696601837873458862e-02
-1.904956065118312836e-02
-2.624394558370113373e-02
9.185166656970977783e-02
-1.018059551715850830e-01
1.341864913702011108e-01
-3.821841627359390259e-02
2.265933901071548462e-03
-5.934689193964004517e-02
-2.397718280553817749e-02
-2.850501798093318939e-03
2.707627415657043457e-02
7.585186511278152466e-02
-2.232266813516616821e-01
2.403385490179061890e-01
1.942117065191268921e-01
2.329559810459613800e-02
1.340874731540679932e-01
1.147610917687416077e-01
3.091541491448879242e-02
-1.446884125471115112e-04
-4.427153617143630981e-02
-2.344283014535903931e-01
-3.053277358412742615e-02
9.872390329837799072e-02
-1.069254651665687561e-01
1.095022559165954590e-01
9.539301507174968719e-03
