-1.157010719180107117e-01
3.485217690467834473e-02
1.588392257690429688e-02
-1.289951354265213013e-01
-1.632695496082305908e-01
-3.750456124544143677e-02
-1.022480130195617676e-01
-9.479224681854248047e-02
1.089535579085350037e-01
-1.214329302310943604e-01
2.564663589000701904e-01
-7.057701796293258667e-02
-2.165003269910812378e-01
-9.489841014146804810e-02
-6.373077630996704102e-02
2.339225560426712036e-01
-2.026986777782440186e-01
-2.061703950166702271e-01
-9.595576673746109009e-03
3.853910416364669800e-02
6.509406864643096924e-02
3.972947597503662109e-02
1.044492982327938080e-02
5.254516005516052246e-02
-1.208044812083244324e-01
-4.407447278499603271e-01
-9.797683358192443848e-02
-2.734111249446868896e-02
-2.910512685775756836e-02
-9.162047877907752991e-03
-5.379936471581459045e-02
3.767254203557968140e-02
-2.048945724964141846e-01
-1.549225859344005585e-02
6.911792606115341187e-02
9.497896581888198853e-02
6.707528978586196899e-02
-8.608785271644592285e-02
1.312523782253265381e-01
5.247827619314193726e-02
-3.152450323104858398e-01
3.473905613645911217e-03
1.043301969766616821e-01
2.375515699386596680e-01
1.248805001378059387e-01
3.344616666436195374e-02
3.068129159510135651e-02
-1.145635098218917847e-01
9.300991892814636230e-02
-1.793202757835388184e-01
1.032111048698425293e-02
1.201065555214881897e-01
8.508649468421936035e-02
-6.121032871305942535e-03
-1.892623864114284515e-02
-8.031228184700012207e-02
4.159964993596076965e-02
1.809332221746444702e-01
-1.857135742902755737e-01
-2.511451952159404755e-02
1.049805060029029846e-01
-3.309038281440734863e-02
-1.393698714673519135e-02
-1.537998616695404053e-01
2.350791692733764648e-01
1.126958876848220825e-01
-1.312688887119293213e-01
-2.255373895168304443e-01
8.868274092674255371e-02
-1.400795727968215942e-01
-1.347698569297790527e-01
2.307974733412265778e-02
-1.482953876256942749e-01
-1.803315281867980957e-01
-3.409602344036102295e-01
-1.111932285130023956e-02
3.691435456275939941e-01
1.452043056488037109e-01
-1.924125999212265015e-01
4.166283831000328064e-02
-4.422850906848907471e-05
4.184723645448684692e-02
1.374400556087493896e-01
1.204825788736343384e-01
-1.403135526925325394e-02
7.283022999763488770e-02
-1.317376345396041870e-01
-2.370093762874603271e-02
2.528693974018096924e-01
-3.670319914817810059e-02
-4.902430344372987747e-03
2.085417956113815308e-01
-1.602072827517986298e-02
1.226506233215332031e-01
2.959427237510681152e-02
6.673455983400344849e-02
-8.095381408929824829e-02
7.233726978302001953e-02
-1.247423514723777771e-01
3.429898992180824280e-02
-1.140685193240642548e-02
1.427369099110364914e-02
2.837059646844863892e-02
1.227907687425613403e-01
-1.159383505582809448e-01
8.610221743583679199e-02
-3.477249667048454285e-02
1.496627740561962128e-02
7.164877373725175858e-03
7.259291410446166992e-02
-4.266037419438362122e-02
-1.400497555732727051e-01
4.316459596157073975e-02
-2.032288163900375366e-01
1.583099663257598877e-01
2.030246704816818237e-01
8.405014872550964355e-02
1.254489570856094360e-01
1.429667323827743530e-01
6.306514889001846313e-02
-4.670451208949089050e-02
-1.573130115866661072e-02
-2.075704634189605713e-01
-4.447193443775177002e-02
9.324257075786590576e-02
-7.853080332279205322e-02
1.154064312577247620e-01
5.272520706057548523e-03
