-1.062154993414878845e-01
7.740014046430587769e-02
3.348539397120475769e-02
-1.301243156194686890e-01
-1.944452375173568726e-01
-2.130518108606338501e-02
-6.856784224510192871e-02
-9.301212430000305176e-02
1.250362843275070190e-01
-1.772583872079849243e-01
3.064720928668975830e-01
-8.231411129236221313e-02
-2.446597814559936523e-01
-8.511404693126678467e-02
-3.623654693365097046e-02
2.203851789236068726e-01
-2.017248719930648804e-01
-1.506284326314926147e-01
-2.409490197896957397e-02
-6.239125505089759827e-03
3.868205845355987549e-02
3.124354965984821320e-02
-1.463820785284042358e-02
4.588291049003601074e-02
-1.062694787979125977e-01
-4.559934735298156738e-01
-3.786566108465194702e-02
-6.944122910499572754e-02
9.337678551673889160e-03
-6.020814552903175354e-02
-4.696331173181533813e-02
9.261581301689147949e-02
-1.488247513771057129e-01
-1.442670263350009918e-02
3.630601242184638977e-02
9.287396818399429321e-02
-7.796468678861856461e-03
-6.499939411878585815e-02
1.730395555496215820e-01
4.017345234751701355e-02
-2.858663499355316162e-01
5.246088653802871704e-02
6.693129986524581909e-02
2.794879376888275146e-01
1.200274750590324402e-01
3.167754411697387695e-02
6.131085008382797241e-02
-1.259180903434753418e-01
1.418597698211669922e-01
-1.972724348306655884e-01
3.948535025119781494e-02
9.973731637001037598e-02
1.014542803168296814e-01
-1.896340399980545044e-02
6.561676412820816040e-02
-1.160681545734405518e-01
2.221683226525783539e-02
1.129503995180130005e-01
-2.337823957204818726e-01
-1.926071941852569580e-02
1.078200042247772217e-01
-2.055980451405048370e-02
-3.769750148057937622e-02
-1.561584621667861938e-01
2.397677451372146606e-01
1.206727921962738037e-01
-1.019034832715988159e-01
-1.640166342258453369e-01
1.573710739612579346e-01
-1.385075449943542480e-01
-1.401408016681671143e-01
2.816764079034328461e-02
-1.325788646936416626e-01
-1.746928691864013672e-01
-2.643285989761352539e-01
3.046249225735664368e-02
3.893771767616271973e-01
1.719772815704345703e-01
-1.715890616178512573e-01
4.449883103370666504e-02
6.056415289640426636e-02
-6.723028421401977539e-02
1.374822705984115601e-01
1.556420624256134033e-01
-2.019513584673404694e-02
1.736443676054477692e-02
-4.427490383386611938e-02
3.440104424953460693e-02
2.104931473731994629e-01
-3.887533396482467651e-02
-4.776584450155496597e-03
2.082668989896774292e-01
1.956302113831043243e-02
7.135424017906188965e-02
2.376909554004669189e-02
-8.928530849516391754e-03
-1.097372546792030334e-01
8.223038911819458008e-02
-1.357828229665756226e-01
8.515892550349235535e-03
1.426889840513467789e-02
-4.336092248558998108e-02
7.561407517641782761e-03
9.015716612339019775e-02
-1.788831502199172974e-01
1.603978425264358521e-01
-4.339295625686645508e-02
-2.152602747082710266e-02
7.391400635242462158e-03
4.579737409949302673e-02
-2.060057595372200012e-02
-4.089722037315368652e-02
7.251577079296112061e-02
-2.328508049249649048e-01
2.011842131614685059e-01
1.837497949600219727e-01
1.174662038683891296e-01
1.433878988027572632e-01
1.039062812924385071e-01
-2.227446064352989197e-03
4.053203389048576355e-02
-2.672635950148105621e-02
-2.426331192255020142e-01
-9.314148128032684326e-02
1.065801978111267090e-01
-1.023759990930557251e-01
1.023043170571327209e-01
8.194604888558387756e-03
