-8.711806684732437134e-02
9.819857031106948853e-02
8.933624252676963806e-03
-1.233128160238265991e-01
-1.530235409736633301e-01
-4.534481465816497803e-02
-1.043678224086761475e-01
-1.609313189983367920e-01
1.471916884183883667e-01
-1.543775647878646851e-01
2.808854281902313232e-01
-6.686220318078994751e-02
-2.632854580879211426e-01
-1.092793568968772888e-01
-9.909919649362564087e-02
2.541536092758178711e-01
-2.450349777936935425e-01
-1.661942303180694580e-01
1.761581376194953918e-02
2.427154034376144409e-02
5.625574663281440735e-02
-1.434878539294004440e-02
6.548454612493515015e-02
5.685166269540786743e-02
-6.858799606561660767e-02
-3.955708444118499756e-01
-8.276966959238052368e-02
-7.724270969629287720e-02
1.122057437896728516e-03
-4.844161123037338257e-02
-2.710635587573051453e-02
6.091346591711044312e-02
-1.884406954050064087e-01
-3.340733051300048828e-02
2.504673600196838379e-02
8.292063325643539429e-02
-1.783582381904125214e-02
-8.960939198732376099e-02
1.655616909265518188e-01
1.848953962326049805e-02
-2.832830846309661865e-01
-1.325174607336521149e-02
5.912433937191963196e-02
2.265996187925338745e-01
1.187537610530853271e-01
3.825560584664344788e-02
5.225475504994392395e-02
-1.728915274143218994e-01
9.962769597768783569e-02
-1.794008165597915649e-01
4.083365201950073242e-04
1.201554909348487854e-01
5.763245373964309692e-02
-3.503264859318733215e-03
-5.603664554655551910e-03
-1.225359290838241577e-01
6.846752017736434937e-02
1.576814949512481689e-01
-1.773599237203598022e-01
-3.523362567648291588e-03
1.378615200519561768e-01
-6.692801415920257568e-02
-1.321707293391227722e-02
-1.035123467445373535e-01
2.707198858261108398e-01
1.073799580335617065e-01
-1.339176744222640991e-01
-1.620464473962783813e-01
1.028525307774543762e-01
-1.130208149552345276e-01
-1.199737340211868286e-01
4.946495220065116882e-02
-1.267348825931549072e-01
-1.891113221645355225e-01
-2.851971983909606934e-01
-3.139611333608627319e-02
3.632412254810333252e-01
1.056286320090293884e-01
-1.239317432045936584e-01
3.926362469792366028e-02
6.099971476942300797e-03
-1.162345428019762039e-02
1.232110336422920227e-01
1.742308735847473145e-01
-3.676792234182357788e-02
2.674373984336853027e-02
-1.029883623123168945e-01
-9.155195206403732300e-03
2.147385925054550171e-01
-7.836364209651947021e-02
1.031612046062946320e-04
2.161842435598373413e-01
-5.405427515506744385e-02
1.080683767795562744e-01
1.775362528860569000e-03
4.857513681054115295e-02
-1.046772971749305725e-01
1.030754297971725464e-01
-1.078612804412841797e-01
7.357231806963682175e-03
3.528142347931861877e-02
-4.060688614845275879e-02
-6.781224161386489868e-03
6.450262665748596191e-02
-1.234180629253387451e-01
6.356666237115859985e-02
-4.012209922075271606e-02
1.439217757433652878e-02
2.540155127644538879e-02
-1.901395618915557861e-02
-5.505398660898208618e-02
-6.997989118099212646e-02
9.778983145952224731e-02
-2.079696208238601685e-01
2.566590905189514160e-01
2.009509205818176270e-01
9.813243895769119263e-02
1.204690188169479370e-01
1.646134555339813232e-01
4.926865547895431519e-02
-1.247740164399147034e-02
-7.068365812301635742e-02
-2.113081514835357666e-01
-4.097139090299606323e-02
1.240018159151077271e-01
-9.002878516912460327e-02
1.234470680356025696e-01
-3.871576488018035889e-02
