-8.500469475984573364e-02
1.271114125847816467e-02
1.961176656186580658e-02
-1.162921339273452759e-01
-7.454498857259750366e-02
-4.568273574113845825e-02
-2.067422866821289062e-02
-1.506331413984298706e-01
1.379137188196182251e-01
-1.484323441982269287e-01
3.201344013214111328e-01
-8.524426817893981934e-02
-2.031339854001998901e-01
-1.024748608469963074e-01
4.814356565475463867e-03
1.824730634689331055e-01
-1.895137131214141846e-01
-1.381668895483016968e-01
-5.249721929430961609e-02
1.137267798185348511e-02
8.324685692787170410e-02
-8.857976645231246948e-03
2.746960148215293884e-02
5.146646127104759216e-02
-1.953665167093276978e-01
-3.649856448173522949e-01
-1.345934271812438965e-01
-3.917892277240753174e-02
-4.217516630887985229e-02
8.815200068056583405e-03
-3.919776529073715210e-02
1.139949336647987366e-01
-2.030791342258453369e-01
-9.888241067528724670e-03
5.095999315381050110e-02
1.127510219812393188e-01
2.557844482362270355e-02
-5.623894929885864258e-02
1.284781396389007568e-01
1.259245444089174271e-02
-2.636849284172058105e-01
-2.016006037592887878e-02
5.946563929319381714e-02
2.666334807872772217e-01
1.475633531808853149e-01
-1.535225939005613327e-02
3.954552114009857178e-02
-1.114600300788879395e-01
1.037514582276344299e-01
-1.542808711528778076e-01
3.206950798630714417e-02
8.364307135343551636e-02
7.001372426748275757e-02
1.744679361581802368e-02
4.465907346457242966e-03
-1.021699681878089905e-01
4.295417293906211853e-02
1.859049052000045776e-01
-1.726035177707672119e-01
-2.451793849468231201e-02
8.115649223327636719e-02
-9.659236669540405273e-02
-4.654569551348686218e-02
-1.255806684494018555e-01
2.061931490898132324e-01
1.190977320075035095e-01
-1.413553059101104736e-01
-2.009350508451461792e-01
1.138493046164512634e-01
-9.206887334585189819e-02
-7.119290530681610107e-02
6.260202080011367798e-02
-2.294337451457977295e-01
-2.040017545223236084e-01
-3.708338439464569092e-01
5.628223530948162079e-03
4.337507188320159912e-01
5.790103599429130554e-02
-1.747273802757263184e-01
3.998252749443054199e-02
1.196688739582896233e-03
3.212961927056312561e-02
1.594146490097045898e-01
1.427276879549026489e-01
-4.113381728529930115e-03
6.825650483369827271e-02
-1.126132383942604065e-01
7.178066670894622803e-02
2.366152405738830566e-01
-8.945780992507934570e-02
-3.905038908123970032e-02
1.967338174581527710e-01
-5.608134716749191284e-02
4.226833209395408630e-02
2.662076428532600403e-02
4.599535465240478516e-02
-4.365288838744163513e-02
7.710087299346923828e-02
-1.356724351644515991e-01
4.920019209384918213e-02
2.017275616526603699e-02
-4.271048307418823242e-02
-1.344226859509944916e-02
1.201875358819961548e-01
-1.558507680892944336e-01
1.091845184564590454e-01
2.255238778889179230e-02
1.180829666554927826e-02
1.956739276647567749e-02
-1.346070319414138794e-02
-7.967618852853775024e-02
-1.055261865258216858e-01
6.910444796085357666e-02
-2.683729231357574463e-01
1.213633939623832703e-01
1.931920051574707031e-01
7.894339412450790405e-02
1.309323608875274658e-01
5.870692431926727295e-02
7.012438029050827026e-02
-3.400779142975807190e-02
1.990551874041557312e-02
-2.305502593517303467e-01
1.713805459439754486e-02
1.131608411669731140e-01
-1.302541419863700867e-02
8.171378076076507568e-02
-2.631006203591823578e-02
