-1.487821191549301147e-01
6.374692916870117188e-02
5.052366852760314941e-02
-1.005381345748901367e-01
-1.175502836704254150e-01
-1.291751209646463394e-02
-9.695989079773426056e-03
-1.315564662218093872e-01
1.688043326139450073e-01
-1.703110039234161377e-01
3.195218145847320557e-01
-9.339873492717742920e-02
-2.513840198516845703e-01
-1.197881549596786499e-01
-2.082711458206176758e-02
2.490491122007369995e-01
-2.199766784906387329e-01
-1.721722185611724854e-01
-1.386912167072296143e-02
-8.110856637358665466e-03
1.572849228978157043e-02
-3.063930384814739227e-02
4.837695509195327759e-02
3.253858909010887146e-02
-1.620053350925445557e-01
-4.475429058074951172e-01
-6.037511676549911499e-02
-1.082721352577209473e-01
-7.972455769777297974e-02
-3.979520499706268311e-02
8.157227188348770142e-03
1.063099503517150879e-01
-2.172067314386367798e-01
-1.043448783457279205e-02
-7.304763421416282654e-04
8.265510201454162598e-02
-1.584749668836593628e-02
-3.683261573314666748e-02
1.602517813444137573e-01
1.343537867069244385e-02
-3.066402971744537354e-01
-1.504722423851490021e-02
6.819928437471389771e-02
2.941618561744689941e-01
1.099975332617759705e-01
4.527262877672910690e-03
2.205470576882362366e-02
-1.116600558161735535e-01
1.319587975740432739e-01
-1.970674395561218262e-01
2.982858568429946899e-03
6.381174921989440918e-02
4.493068158626556396e-02
-3.177845850586891174e-02
2.685514278709888458e-02
-1.249291524291038513e-01
2.680869773030281067e-02
1.253491193056106567e-01
-2.034927904605865479e-01
1.335487421602010727e-02
1.035305112600326538e-01
-7.424733042716979980e-02
-3.858514130115509033e-02
-1.701287925243377686e-01
2.689331471920013428e-01
9.965050965547561646e-02
-1.348214000463485718e-01
-1.705280840396881104e-01
1.142026484012603760e-01
-9.538002312183380127e-02
-4.514684155583381653e-02
8.803263306617736816e-02
-1.752090305089950562e-01
-2.432653605937957764e-01
-3.443593680858612061e-01
1.629315130412578583e-02
4.063235819339752197e-01
9.559515863656997681e-02
-9.719670563936233521e-02
3.029351681470870972e-02
-5.697053857147693634e-03
-1.081645675003528595e-02
9.109713137149810791e-02
1.859876364469528198e-01
-6.921744905412197113e-03
7.788977771997451782e-02
-6.316350400447845459e-02
2.686903253197669983e-02
2.135139256715774536e-01
-6.370299309492111206e-02
-4.082803800702095032e-02
2.385602593421936035e-01
-9.429877251386642456e-02
5.389757454395294189e-02
-3.424653410911560059e-02
-2.197266370058059692e-02
-1.043710708618164062e-01
9.359151124954223633e-02
-1.380797922611236572e-01
1.147924270480871201e-02
-2.234553173184394836e-02
-7.991524040699005127e-02
1.012603007256984711e-02
6.650626659393310547e-02
-1.898508667945861816e-01
8.725007623434066772e-02
-2.490156143903732300e-02
4.064071178436279297e-02
1.698581501841545105e-02
4.062817245721817017e-02
-8.302350342273712158e-02
-7.487798482179641724e-02
9.182883054018020630e-02
-2.814426124095916748e-01
1.903637200593948364e-01
2.146336138248443604e-01
1.229573488235473633e-01
1.433373987674713135e-01
1.252603679895401001e-01
1.877778396010398865e-02
-2.844814211130142212e-02
2.564399316906929016e-02
-2.457622438669204712e-01
1.660422049462795258e-02
1.336804181337356567e-01
-8.097939193248748779e-02
1.144702285528182983e-01
-1.632672268897294998e-03
