-1.172532215714454651e-01
1.062146425247192383e-01
5.278106778860092163e-02
-1.312125474214553833e-01
-1.516008228063583374e-01
-1.811707764863967896e-02
-9.908029437065124512e-02
-1.600152552127838135e-01
1.707209050655364990e-01
-2.263787239789962769e-01
2.468811720609664917e-01
-1.419265270233154297e-01
-1.826782226562500000e-01
1.082495786249637604e-02
-2.690207213163375854e-02
2.250848710536956787e-01
-2.224926203489303589e-01
-1.617332398891448975e-01
-4.738490283489227295e-02
-2.227180451154708862e-02
6.113225221633911133e-02
-1.333659421652555466e-02
1.605297811329364777e-02
1.011194363236427307e-01
-1.823025047779083252e-01
-3.408661782741546631e-01
-8.853790163993835449e-02
-9.696720540523529053e-02
-6.234978139400482178e-02
-9.645449370145797729e-02
-1.572370156645774841e-02
7.511989772319793701e-02
-1.811032742261886597e-01
2.342490479350090027e-03
-2.859551459550857544e-02
8.612257242202758789e-02
6.516975909471511841e-02
-9.395073354244232178e-02
1.931602358818054199e-01
-5.566039308905601501e-02
-3.110165894031524658e-01
1.217943150550127029e-03
1.044082790613174438e-01
2.086254805326461792e-01
1.334588527679443359e-01
-5.519129708409309387e-02
-2.243807539343833923e-03
-1.195395141839981079e-01
1.220986321568489075e-01
-1.495697051286697388e-01
-7.149541750550270081e-03
1.033635735511779785e-01
4.543384164571762085e-02
4.369549080729484558e-02
5.379307270050048828e-02
-4.779020696878433228e-02
5.936199426651000977e-02
1.740988940000534058e-01
-1.566539406776428223e-01
-4.258941113948822021e-02
1.108840331435203552e-01
-8.159232884645462036e-02
4.452879726886749268e-02
-1.451599895954132080e-01
2.703909873962402344e-01
1.452077329158782959e-01
-6.539136916399002075e-02
-1.894709616899490356e-01
6.749651581048965454e-02
-1.069132536649703979e-01
-1.517462432384490967e-01
7.490953803062438965e-02
-1.743756532669067383e-01
-1.666710376739501953e-01
-3.262808918952941895e-01
-3.321435302495956421e-02
3.517488539218902588e-01
1.409953534603118896e-01
-1.815716326236724854e-01
8.477897942066192627e-02
1.679315976798534393e-02
-8.569331467151641846e-02
1.310641765594482422e-01
1.945488601922988892e-01
4.185417667031288147e-02
4.927191883325576782e-02
-2.103049866855144501e-02
8.099823445081710815e-02
2.640911638736724854e-01
-6.227208673954010010e-02
1.687935553491115570e-03
1.835858374834060669e-01
-3.724853694438934326e-02
-2.042614854872226715e-03
-1.466728188097476959e-02
-1.643933821469545364e-03
-1.227944046258926392e-01
5.202135816216468811e-02
-1.239231377840042114e-01
1.430688891559839249e-02
-1.449040509760379791e-02
7.053787261247634888e-02
-3.182900696992874146e-02
1.134639680385589600e-01
-1.802881211042404175e-01
9.221644699573516846e-02
-4.538479074835777283e-02
-6.422175467014312744e-02
-4.760209470987319946e-02
4.197403788566589355e-02
-7.992537692189216614e-03
-6.118924543261528015e-02
1.182242855429649353e-01
-2.147358953952789307e-01
1.322476267814636230e-01
1.424496322870254517e-01
1.326948218047618866e-02
1.129818856716156006e-01
5.215108394622802734e-02
8.425131440162658691e-02
-1.733524352312088013e-02
4.754592850804328918e-02
-2.009786814451217651e-01
-1.373913139104843140e-02
1.791131049394607544e-01
-5.625975504517555237e-02
1.451269686222076416e-01
-1.416043378412723541e-02
