-1.498696506023406982e-01
1.081087514758110046e-01
7.957305014133453369e-02
-1.287544965744018555e-01
-1.523129045963287354e-01
-5.465284734964370728e-02
-1.003835797309875488e-01
-1.512269973754882812e-01
1.356930434703826904e-01
-1.849409639835357666e-01
3.226884305477142334e-01
-6.442121416330337524e-02
-2.038352340459823608e-01
-1.164570227265357971e-01
-1.190906390547752380e-02
2.508731186389923096e-01
-2.830718159675598145e-01
-1.340384036302566528e-01
9.903956204652786255e-03
1.458009518682956696e-02
9.110061079263687134e-02
-1.897316053509712219e-02
4.158900305628776550e-02
7.492529600858688354e-02
-9.201040863990783691e-02
-4.230849742889404297e-01
-1.062878742814064026e-01
-5.225108563899993896e-02
1.561870798468589783e-02
-3.139617666602134705e-02
-3.323922678828239441e-02
1.126707810908555984e-02
-2.015383392572402954e-01
-3.377335146069526672e-03
-1.505366060882806778e-02
7.764315605163574219e-02
1.656135357916355133e-02
-1.000712141394615173e-01
8.659929037094116211e-02
-2.348033338785171509e-02
-2.532155215740203857e-01
-2.596369013190269470e-02
7.880966365337371826e-02
1.902967244386672974e-01
1.502623558044433594e-01
2.887484245002269745e-02
3.435938060283660889e-02
-1.158067062497138977e-01
9.996526688337326050e-02
-1.543558835983276367e-01
-3.032459132373332977e-02
1.097187176346778870e-01
3.210220485925674438e-02
8.229792118072509766e-03
3.886435553431510925e-02
-1.234098598361015320e-01
4.616170376539230347e-02
1.540398150682449341e-01
-1.571929156780242920e-01
-3.065557032823562622e-02
8.188610523939132690e-02
-6.653320044279098511e-02
-1.633018441498279572e-02
-1.404472738504409790e-01
2.716889381408691406e-01
1.058773994445800781e-01
-1.445573866367340088e-01
-1.631331294775009155e-01
8.881288021802902222e-02
-9.225215017795562744e-02
-8.479521423578262329e-02
7.407868281006813049e-03
-1.808714121580123901e-01
-1.790005266666412354e-01
-3.030043542385101318e-01
-1.488631963729858398e-02
3.387848436832427979e-01
7.919967174530029297e-02
-1.522817611694335938e-01
5.592337250709533691e-02
7.806305075064301491e-04
-9.353202767670154572e-03
9.693189710378646851e-02
2.000216543674468994e-01
2.446776255965232849e-02
1.978215202689170837e-02
-9.530709683895111084e-02
1.415639091283082962e-02
1.544805765151977539e-01
-8.393704146146774292e-02
7.872853428125381470e-02
2.546041607856750488e-01
-6.229972839355468750e-02
6.093939766287803650e-02
-1.843152008950710297e-02
2.545836567878723145e-02
-1.201726570725440979e-01
9.334585070610046387e-02
-7.162761688232421875e-02
3.442901372909545898e-02
-1.169570907950401306e-02
-4.796455800533294678e-02
-2.513584680855274200e-02
5.503574013710021973e-02
-1.476458013057708740e-01
5.920132622122764587e-02
-8.364682085812091827e-03
3.831564635038375854e-02
1.821631006896495819e-02
-9.454197250306606293e-03
-4.815192893147468567e-02
-1.141069903969764709e-01
5.738690495491027832e-02
-2.304446250200271606e-01
2.092530131340026855e-01
2.329623848199844360e-01
4.787244647741317749e-02
1.583349853754043579e-01
8.597843348979949951e-02
1.066088825464248657e-01
-2.906520292162895203e-02
-8.935121819376945496e-03
-1.720464974641799927e-01
5.834907758980989456e-03
8.113526552915573120e-02
-1.194493919610977173e-01
3.389551118016242981e-02
-2.993333712220191956e-02
