-1.061314418911933899e-01
5.693955346941947937e-02
6.489208340644836426e-02
-7.932657748460769653e-02
-1.303405910730361938e-01
-2.449768409132957458e-02
-6.655689328908920288e-02
-7.611199468374252319e-02
1.504046618938446045e-01
-1.387872248888015747e-01
2.310426682233810425e-01
-3.714321181178092957e-02
-1.486711204051971436e-01
-8.510549366474151611e-02
-9.026015549898147583e-02
2.263303250074386597e-01
-2.108514755964279175e-01
-2.196741849184036255e-01
-5.340032279491424561e-03
5.505178123712539673e-02
8.156232535839080811e-02
-5.034102499485015869e-02
7.467575371265411377e-03
5.795527622103691101e-02
-8.055616915225982666e-02
-3.990990817546844482e-01
-5.584738403558731079e-02
-6.255715340375900269e-02
6.998712569475173950e-02
-5.545552447438240051e-02
-3.060827776789665222e-02
5.465807393193244934e-02
-2.347304672002792358e-01
-8.446803316473960876e-03
-9.202077984809875488e-03
1.076304763555526733e-01
3.801064565777778625e-02
-5.917706340551376343e-02
1.395459175109863281e-01
1.613529399037361145e-03
-3.493446409702301025e-01
3.808764740824699402e-02
4.632122069597244263e-02
2.176845371723175049e-01
1.249026656150817871e-01
5.762489140033721924e-02
1.938704214990139008e-02
-1.169690191745758057e-01
8.806362748146057129e-02
-2.321196645498275757e-01
1.119849365204572678e-02
1.110770106315612793e-01
2.235759049654006958e-02
3.881155326962471008e-02
-4.783862270414829254e-03
-1.244798004627227783e-01
5.525644868612289429e-02
8.393423259258270264e-02
-1.644662022590637207e-01
1.736455969512462616e-02
6.251585483551025391e-02
-6.738520413637161255e-02
5.174027755856513977e-03
-1.156627982854843140e-01
2.347422093152999878e-01
1.356508433818817139e-01
-9.900299459695816040e-02
-1.833253651857376099e-01
1.259485185146331787e-01
-1.419019848108291626e-01
-9.452234953641891479e-02
7.763811200857162476e-02
-7.555160671472549438e-02
-1.389988362789154053e-01
-2.896813750267028809e-01
-2.915672957897186279e-03
4.116741120815277100e-01
1.154518052935600281e-01
-1.715031713247299194e-01
5.994087457656860352e-02
-2.707525854930281639e-04
1.017505303025245667e-02
1.349367797374725342e-01
1.670719683170318604e-01
-1.755247265100479126e-02
7.865345478057861328e-02
-1.060985848307609558e-01
-1.489373855292797089e-02
2.362364828586578369e-01
-2.863807976245880127e-02
-6.197898183017969131e-03
1.605499088764190674e-01
-3.131135553121566772e-02
1.008109077811241150e-01
1.647539064288139343e-02
9.103099256753921509e-02
-6.296623498201370239e-02
8.247967809438705444e-02
-1.624976694583892822e-01
-3.295877482742071152e-03
2.792130038142204285e-02
2.213504537940025330e-02
-3.189929947257041931e-02
7.077670842409133911e-02
-1.075393036007881165e-01
9.260201454162597656e-02
-2.063944377005100250e-02
-1.906336285173892975e-03
9.139627218246459961e-03
6.723642349243164062e-02
-3.928465768694877625e-02
-5.221718549728393555e-02
5.741355568170547485e-02
-2.019423693418502808e-01
2.897522151470184326e-01
2.064346373081207275e-01
6.962386518716812134e-02
1.097999587655067444e-01
1.541937440633773804e-01
5.383783578872680664e-02
-1.355833560228347778e-02
-6.489419937133789062e-02
-1.746454834938049316e-01
-6.448572874069213867e-02
9.750305861234664917e-02
-9.030045568943023682e-02
9.300571680068969727e-02
-9.108571335673332214e-03
