-1.358982473611831665e-01
6.751386821269989014e-02
4.302662797272205353e-03
-1.681126803159713745e-01
-1.381715387105941772e-01
-4.178013652563095093e-02
-6.760075688362121582e-02
-1.048281341791152954e-01
1.839419305324554443e-01
-1.837711185216903687e-01
3.182837665081024170e-01
-7.316499948501586914e-02
-1.741730421781539917e-01
-6.819399446249008179e-02
-5.613571032881736755e-02
1.976491957902908325e-01
-2.271185517311096191e-01
-1.325916945934295654e-01
-1.650764048099517822e-02
-3.636751323938369751e-02
9.376054257154464722e-02
1.736967265605926514e-02
-4.313536360859870911e-02
7.628071308135986328e-02
-1.190155297517776489e-01
-3.903333246707916260e-01
-8.084415644407272339e-02
-9.333921223878860474e-02
-1.063224673271179199e-02
-3.801318630576133728e-02
-1.488452032208442688e-02
6.144508719444274902e-02
-2.131500244140625000e-01
-3.360614180564880371e-02
2.936816588044166565e-02
9.047909080982208252e-02
-2.801862545311450958e-02
-7.105924189090728760e-02
8.335963636636734009e-02
-9.775441139936447144e-05
-2.033689022064208984e-01
-3.845761716365814209e-02
9.036777168512344360e-02
2.430393993854522705e-01
1.136466711759567261e-01
-2.259479835629463196e-02
1.900177821516990662e-02
-9.611572325229644775e-02
1.266279071569442749e-01
-1.932529807090759277e-01
-2.266933955252170563e-02
8.721932768821716309e-02
7.828643918037414551e-02
4.727311804890632629e-02
4.673178493976593018e-02
-1.008225306868553162e-01
4.019082337617874146e-02
1.895889639854431152e-01
-2.124636918306350708e-01
1.749922707676887512e-02
5.328620597720146179e-02
-5.027284473180770874e-02
-8.420693874359130859e-02
-1.124479696154594421e-01
2.722384035587310791e-01
1.706060320138931274e-01
-1.443919539451599121e-01
-1.875633299350738525e-01
1.324233561754226685e-01
-9.114615619182586670e-02
-8.815089613199234009e-02
2.911462076008319855e-02
-1.678749769926071167e-01
-2.032669782638549805e-01
-2.602571249008178711e-01
2.928264997899532318e-02
4.021653532981872559e-01
9.553144872188568115e-02
-1.143903583288192749e-01
6.207619607448577881e-02
-2.105522714555263519e-02
-9.812794625759124756e-03
8.842334896326065063e-02
9.424027800559997559e-02
-3.638138249516487122e-02
4.154315963387489319e-02
-4.939507693052291870e-02
7.916619628667831421e-02
1.930393427610397339e-01
-5.161609128117561340e-02
-1.002073171548545361e-03
2.132842838764190674e-01
-8.469592779874801636e-02
5.097609013319015503e-02
3.255661111325025558e-03
1.676143147051334381e-02
-1.006536036729812622e-01
6.051694229245185852e-02
-1.216439828276634216e-01
3.300835378468036652e-04
2.042940072715282440e-02
-6.767421215772628784e-02
-1.621180400252342224e-02
8.990583568811416626e-02
-1.538878679275512695e-01
7.373500615358352661e-02
-3.989447373896837234e-03
1.687765866518020630e-02
5.943601019680500031e-03
2.794814109802246094e-02
-8.014192432165145874e-02
-8.074737340211868286e-02
7.210570573806762695e-02
-2.245383113622665405e-01
2.213139981031417847e-01
1.647228151559829712e-01
1.126618087291717529e-01
1.620702296495437622e-01
9.043394029140472412e-02
-7.028831169009208679e-03
2.031582221388816833e-02
-4.425979405641555786e-02
-1.940735727548599243e-01
-8.857074193656444550e-03
1.001981720328330994e-01
-4.478531703352928162e-02
3.994408994913101196e-02
-4.868213459849357605e-02
