-1.188120469450950623e-01
5.850262567400932312e-02
4.818407446146011353e-02
-1.520142853260040283e-01
-1.224886253476142883e-01
2.199500799179077148e-02
-1.376613043248653412e-02
-1.069847121834754944e-01
2.038598358631134033e-01
-1.506941020488739014e-01
2.756039798259735107e-01
-3.182589262723922729e-02
-2.442438304424285889e-01
-9.068082273006439209e-02
-5.640846863389015198e-02
2.462250441312789917e-01
-2.175231128931045532e-01
-1.579136401414871216e-01
-2.129389345645904541e-02
1.223821751773357391e-02
7.709900289773941040e-02
-2.432176843285560608e-02
2.399242948740720749e-03
4.895082116127014160e-02
-1.433862447738647461e-01
-4.062924385070800781e-01
-1.009789481759071350e-01
-4.610855504870414734e-02
-7.051562517881393433e-02
-4.427512362599372864e-02
-1.359715033322572708e-02
1.021879091858863831e-01
-1.945255249738693237e-01
-1.327027194201946259e-02
-1.030430197715759277e-02
9.979434311389923096e-02
-5.259377509355545044e-02
-4.327561706304550171e-02
7.253634929656982422e-02
-1.892897300422191620e-02
-2.832003533840179443e-01
2.746666595339775085e-02
1.058440729975700378e-01
2.068135142326354980e-01
1.729029268026351929e-01
-3.256779862567782402e-03
7.749483920633792877e-03
-1.177318692207336426e-01
1.027502417564392090e-01
-1.970656067132949829e-01
-3.528250381350517273e-02
9.444070607423782349e-02
6.188445910811424255e-02
5.956736952066421509e-02
1.536461524665355682e-03
-8.669636398553848267e-02
3.315935283899307251e-02
1.404363214969635010e-01
-1.989652365446090698e-01
-2.441524341702461243e-02
7.495280355215072632e-02
-1.294236481189727783e-01
-4.377206787467002869e-02
-1.121063753962516785e-01
1.576218158006668091e-01
1.355017423629760742e-01
-1.412964165210723877e-01
-2.225285619497299194e-01
9.945431351661682129e-02
-1.382795870304107666e-01
-6.563215702772140503e-02
4.781037196516990662e-02
-1.685532629489898682e-01
-2.042968422174453735e-01
-3.112778663635253906e-01
-1.856377348303794861e-03
3.423854708671569824e-01
8.521294593811035156e-02
-8.497948199510574341e-02
4.694868624210357666e-02
1.240652054548263550e-04
6.832859013229608536e-03
5.811198428273200989e-02
1.467308551073074341e-01
7.925467565655708313e-03
8.060902357101440430e-03
-8.819815516471862793e-02
6.214867532253265381e-02
1.698883622884750366e-01
-8.307836949825286865e-02
3.010953776538372040e-02
2.263718396425247192e-01
-5.138742178678512573e-02
9.729912877082824707e-02
-3.444344922900199890e-02
9.055413305759429932e-02
-1.087657064199447632e-01
1.345624327659606934e-01
-1.277479976415634155e-01
5.417410656809806824e-02
-4.190688207745552063e-02
-1.169543899595737457e-02
2.037358842790126801e-02
5.514087527990341187e-02
-8.885209262371063232e-02
1.347530186176300049e-01
-1.140202954411506653e-02
7.006259262561798096e-02
7.604982703924179077e-03
-4.564860370010137558e-03
-6.041476875543594360e-02
-7.625480741262435913e-02
6.473144143819808960e-02
-2.183171361684799194e-01
1.950180232524871826e-01
2.000728696584701538e-01
5.750706419348716736e-02
9.832103550434112549e-02
1.153322681784629822e-01
3.749088197946548462e-02
-2.362227439880371094e-02
-3.499984741210937500e-02
-2.436685562133789062e-01
4.182280600070953369e-02
1.021053791046142578e-01
-1.038989275693893433e-01
4.975305125117301941e-02
-2.179630659520626068e-02
