-6.741318106651306152e-02
1.363286934792995453e-02
4.954709857702255249e-02
-9.683327376842498779e-02
-1.255607306957244873e-01
-3.494794294238090515e-02
-3.879069536924362183e-02
-6.918777525424957275e-02
1.309471279382705688e-01
-1.370608806610107422e-01
2.254545688629150391e-01
-3.330570459365844727e-02
-2.127534598112106323e-01
-5.525034666061401367e-02
-4.731580242514610291e-02
2.364013195037841797e-01
-2.550368905067443848e-01
-1.852831542491912842e-01
-4.271611943840980530e-02
6.887540221214294434e-02
7.032456248998641968e-02
3.864073380827903748e-02
-4.497720859944820404e-03
9.461470879614353180e-03
-1.345142126083374023e-01
-3.809371590614318848e-01
-6.631562858819961548e-02
-3.423322737216949463e-02
-4.989381879568099976e-02
7.900680415332317352e-03
8.963868953287601471e-03
1.017470285296440125e-01
-2.058195322751998901e-01
1.928847096860408783e-02
4.056689515709877014e-02
7.594129443168640137e-02
2.941654529422521591e-03
-4.631413891911506653e-02
1.201840862631797791e-01
1.357644051313400269e-02
-3.410852253437042236e-01
5.461823567748069763e-02
8.627513051033020020e-02
2.524891793727874756e-01
1.563035696744918823e-01
6.392429769039154053e-02
-1.226803474128246307e-02
-9.589248895645141602e-02
1.070087403059005737e-01
-2.531741559505462646e-01
-1.173546910285949707e-02
7.761250436305999756e-02
6.861595809459686279e-02
3.439228981733322144e-02
1.014249399304389954e-02
-1.485347151756286621e-01
5.663149058818817139e-02
1.659707725048065186e-01
-1.738156378269195557e-01
-4.580658394843339920e-03
4.664057865738868713e-02
-1.061194390058517456e-01
3.381459787487983704e-02
-1.566173881292343140e-01
2.388993203639984131e-01
5.168872326612472534e-02
-1.451436132192611694e-01
-1.391373574733734131e-01
6.797685474157333374e-02
-1.470294445753097534e-01
-1.158046573400497437e-01
3.586798906326293945e-02
-1.313810646533966064e-01
-2.010556012392044067e-01
-3.654099702835083008e-01
-2.606016024947166443e-02
3.380884826183319092e-01
1.241513043642044067e-01
-1.918699145317077637e-01
6.061559170484542847e-02
7.906062155961990356e-02
7.401711493730545044e-02
1.450227051973342896e-01
1.793657243251800537e-01
-2.209646813571453094e-02
6.733588874340057373e-02
-1.089620515704154968e-01
-5.191538482904434204e-02
2.449415922164916992e-01
-7.273499667644500732e-02
-9.839452803134918213e-03
2.331227958202362061e-01
-3.745556622743606567e-02
6.700229644775390625e-02
3.028664737939834595e-03
-1.248956937342882156e-02
-3.186249360442161560e-02
4.759106040000915527e-02
-1.577503681182861328e-01
3.024429455399513245e-02
-2.110359817743301392e-02
-2.281146869063377380e-02
-2.471029385924339294e-02
9.796755015850067139e-02
-1.239288598299026489e-01
9.863778948783874512e-02
-3.216673433780670166e-02
3.175461292266845703e-02
1.226751133799552917e-02
4.233876615762710571e-02
-5.016807839274406433e-02
-9.109476208686828613e-02
6.607179343700408936e-02
-2.342470437288284302e-01
2.117067277431488037e-01
2.288782149553298950e-01
5.124362185597419739e-02
1.432153135538101196e-01
1.126650646328926086e-01
6.250014901161193848e-02
-8.870723843574523926e-02
3.041974082589149475e-02
-2.265379130840301514e-01
-3.131524100899696350e-02
1.626527756452560425e-01
-7.446894049644470215e-02
1.305184066295623779e-01
-2.742384560406208038e-03
