-1.196422055363655090e-01
5.768007785081863403e-02
3.965454548597335815e-02
-1.265062838792800903e-01
-1.534076035022735596e-01
-8.398249745368957520e-02
-2.962398901581764221e-02
-1.138569042086601257e-01
1.492193937301635742e-01
-1.125149577856063843e-01
2.515905201435089111e-01
-6.687750667333602905e-02
-1.903320699930191040e-01
-6.576198339462280273e-02
-8.908785879611968994e-02
2.164180725812911987e-01
-2.639142870903015137e-01
-1.259812712669372559e-01
-6.293517537415027618e-03
-1.549088396131992340e-02
2.902994118630886078e-02
-3.044006973505020142e-02
1.144507341086864471e-02
3.143734484910964966e-02
-7.271213829517364502e-02
-3.830434978008270264e-01
-1.071347594261169434e-01
-9.133699536323547363e-02
3.882419317960739136e-02
-1.140490826219320297e-02
6.093485746532678604e-03
4.690578207373619080e-02
-2.184092402458190918e-01
-2.720018289983272552e-02
4.543889686465263367e-02
7.939299941062927246e-02
1.240000873804092407e-02
-5.728402361273765564e-02
1.190469935536384583e-01
-4.154638200998306274e-02
-2.168243527412414551e-01
-1.965701207518577576e-02
1.189625337719917297e-01
2.576812505722045898e-01
1.218751072883605957e-01
5.943565815687179565e-02
3.498456627130508423e-02
-8.066651225090026855e-02
1.146524399518966675e-01
-1.463630348443984985e-01
-2.493588253855705261e-03
6.330879032611846924e-02
1.044503599405288696e-01
1.421295478940010071e-02
2.203849144279956818e-02
-1.385591328144073486e-01
4.983977228403091431e-02
1.642891019582748413e-01
-1.732273548841476440e-01
4.685328900814056396e-02
1.200631558895111084e-01
-4.385716095566749573e-02
-4.011660441756248474e-02
-1.105180159211158752e-01
3.297670781612396240e-01
9.521236270666122437e-02
-1.619980335235595703e-01
-1.418678164482116699e-01
1.583783328533172607e-01
-1.328140199184417725e-01
-2.860410138964653015e-02
-4.744932986795902252e-03
-1.558513641357421875e-01
-1.673305779695510864e-01
-2.589793205261230469e-01
-1.384621486067771912e-03
3.595497310161590576e-01
1.151648610830307007e-01
-1.304027736186981201e-01
2.046599239110946655e-02
-1.991704106330871582e-02
5.291631445288658142e-02
1.104804351925849915e-01
1.432541757822036743e-01
-4.596976190805435181e-02
6.665299087762832642e-02
-8.868930488824844360e-02
8.418263867497444153e-03
2.220194339752197266e-01
-7.971310615539550781e-02
1.408882811665534973e-02
1.987860053777694702e-01
-6.157369911670684814e-02
5.130266770720481873e-02
-6.074546277523040771e-02
-5.785226076841354370e-02
-7.757853716611862183e-02
6.314998865127563477e-02
-1.249930933117866516e-01
4.725550487637519836e-02
-6.016370840370655060e-03
-5.895315483212471008e-02
-3.483731066808104515e-03
8.815518021583557129e-02
-1.335296630859375000e-01
3.017408400774002075e-02
-9.158587083220481873e-03
3.121437504887580872e-02
-2.593279257416725159e-02
3.724571317434310913e-02
-7.549260556697845459e-02
-9.887806326150894165e-02
1.010263413190841675e-01
-2.243534475564956665e-01
2.792197167873382568e-01
2.158637493848800659e-01
7.273911684751510620e-02
1.226109638810157776e-01
8.175511658191680908e-02
3.962116688489913940e-02
2.132692560553550720e-02
-2.599688991904258728e-02
-1.611950993537902832e-01
-1.360242068767547607e-02
8.969240635633468628e-02
-1.276795715093612671e-01
9.834671020507812500e-02
-1.623665168881416321e-02
