-7.181936502456665039e-02
3.105072304606437683e-02
-1.241410151124000549e-02
-7.417348027229309082e-02
-1.122336313128471375e-01
-2.687968127429485321e-02
-2.075286768376827240e-02
-1.024694144725799561e-01
1.636138260364532471e-01
-1.090811640024185181e-01
2.170290797948837280e-01
-3.058702126145362854e-02
-1.962712556123733521e-01
-1.153180599212646484e-01
-5.546128004789352417e-02
1.977490633726119995e-01
-1.990408301353454590e-01
-1.486264765262603760e-01
-1.772771403193473816e-02
6.426774896681308746e-03
6.098899990320205688e-02
-1.409907452762126923e-02
-9.274115785956382751e-03
3.938687220215797424e-02
-1.288992017507553101e-01
-3.419010341167449951e-01
-4.555032029747962952e-02
-1.313396841287612915e-01
-2.304890193045139313e-02
-2.739519253373146057e-02
-1.312726177275180817e-02
8.353975415229797363e-02
-1.753135174512863159e-01
-2.221012488007545471e-03
5.952270701527595520e-03
7.037845999002456665e-02
-3.417345881462097168e-02
-4.999381303787231445e-02
1.563269346952438354e-01
1.296103838831186295e-02
-2.782585322856903076e-01
-1.519504003226757050e-03
1.964116655290126801e-02
2.385789155960083008e-01
1.430570930242538452e-01
-7.744089234620332718e-03
3.950844705104827881e-02
-1.083242669701576233e-01
1.269188821315765381e-01
-1.501693576574325562e-01
-8.622178807854652405e-03
1.129507347941398621e-01
7.560648024082183838e-02
1.709882728755474091e-02
2.027818001806735992e-02
-1.133053675293922424e-01
4.209066182374954224e-02
7.995627820491790771e-02
-1.183915212750434875e-01
6.715151481330394745e-03
6.790296733379364014e-02
-8.623954653739929199e-02
-3.057048842310905457e-02
-1.204835698008537292e-01
2.518316209316253662e-01
2.857084944844245911e-02
-1.260950863361358643e-01
-1.148629784584045410e-01
1.185217052698135376e-01
-1.255638003349304199e-01
-1.078634858131408691e-01
3.733845427632331848e-02
-1.685949116945266724e-01
-1.908913850784301758e-01
-3.245040178298950195e-01
-5.081860348582267761e-03
3.809464573860168457e-01
1.100273132324218750e-01
-1.779688745737075806e-01
6.347786635160446167e-02
-1.406635809689760208e-02
3.621182590723037720e-02
1.674976795911788940e-01
2.057707160711288452e-01
9.680217131972312927e-03
5.850800871849060059e-02
-7.307109981775283813e-02
-1.232864242047071457e-02
2.178646624088287354e-01
-9.425894170999526978e-02
-4.446252807974815369e-02
1.750472933053970337e-01
-4.539478942751884460e-02
8.869832009077072144e-02
-2.053261920809745789e-02
-4.279761388897895813e-02
-2.203084528446197510e-02
5.708820745348930359e-02
-7.559846341609954834e-02
1.970071904361248016e-02
5.132603645324707031e-02
-4.177637398242950439e-02
-3.117999527603387833e-03
8.721254020929336548e-02
-1.184151992201805115e-01
7.132957130670547485e-02
2.213728427886962891e-02
6.642149388790130615e-02
4.738738387823104858e-02
3.622257709503173828e-02
-8.843627572059631348e-02
-8.450460433959960938e-02
1.004496142268180847e-01
-2.054777294397354126e-01
2.440412789583206177e-01
1.770304441452026367e-01
6.543966382741928101e-02
9.986441582441329956e-02
1.130563691258430481e-01
5.209464579820632935e-02
-5.000517517328262329e-02
-3.983523696660995483e-03
-2.207436263561248779e-01
-2.055295743048191071e-03
1.177618727087974548e-01
-4.100541025400161743e-02
9.889193624258041382e-02
-1.967637240886688232e-02
