-1.628694832324981689e-01
1.237315312027931213e-01
5.450369045138359070e-02
-1.750821173191070557e-01
-1.803534775972366333e-01
-4.327420145273208618e-02
-1.029031574726104736e-01
-1.431850939989089966e-01
1.765797585248947144e-01
-1.661126911640167236e-01
2.491764277219772339e-01
-8.852970600128173828e-02
-1.860482096672058105e-01
-8.610066771507263184e-02
-6.787559390068054199e-02
2.218411862850189209e-01
-2.098482698202133179e-01
-1.527271568775177002e-01
-8.436677977442741394e-03
-1.810981333255767822e-02
7.915265858173370361e-02
-1.114697288721799850e-02
5.357701703906059265e-02
6.079347804188728333e-02
-8.711320906877517700e-02
-3.718699812889099121e-01
-8.869481086730957031e-02
-1.065334007143974304e-01
8.294283598661422729e-02
-4.962832480669021606e-02
-3.275791555643081665e-02
3.914095927029848099e-03
-2.786051928997039795e-01
-5.122013390064239502e-02
-2.631828188896179199e-03
1.081952676177024841e-01
3.940826281905174255e-02
-9.462735056877136230e-02
1.410789191722869873e-01
-1.771341636776924133e-02
-2.570310235023498535e-01
-1.612751930952072144e-02
1.399869006127119064e-02
1.790303140878677368e-01
8.455543965101242065e-02
5.386787466704845428e-03
6.146850809454917908e-02
-1.523788422346115112e-01
1.257828176021575928e-01
-1.338894814252853394e-01
1.608859188854694366e-02
1.001400724053382874e-01
2.339873649179935455e-02
-2.205468714237213135e-02
1.542522571980953217e-02
-1.149736642837524414e-01
9.410681575536727905e-02
1.493083238601684570e-01
-2.167439907789230347e-01
3.341395407915115356e-02
1.706499308347702026e-01
-4.753118008375167847e-02
-5.623056739568710327e-02
-1.196868419647216797e-01
2.548030316829681396e-01
1.360666453838348389e-01
-9.479322284460067749e-02
-2.210800349712371826e-01
1.534852236509323120e-01
-9.613952040672302246e-02
-3.049203008413314819e-02
7.443892210721969604e-02
-1.203719675540924072e-01
-1.381132453680038452e-01
-2.550881505012512207e-01
-2.797506749629974365e-03
4.278327226638793945e-01
1.250928342342376709e-01
-1.548327356576919556e-01
2.868652716279029846e-02
-5.455080419778823853e-02
-2.336949110031127930e-02
1.126476973295211792e-01
1.304130256175994873e-01
-3.076312132179737091e-02
7.393608987331390381e-02
-8.281257003545761108e-02
4.618376120924949646e-02
2.209645360708236694e-01
-4.674008861184120178e-02
2.621679566800594330e-02
2.159310430288314819e-01
-2.899223193526268005e-02
7.520822435617446899e-02
-1.853648200631141663e-02
2.047360874712467194e-02
-1.326416134834289551e-01
5.687953531742095947e-02
-8.616331219673156738e-02
3.459451720118522644e-02
6.453258916735649109e-03
-6.349132955074310303e-02
-3.579379245638847351e-02
8.327731490135192871e-02
-1.439185738563537598e-01
8.620557934045791626e-02
-4.479295760393142700e-02
-2.420990169048309326e-02
-6.799386441707611084e-02
5.088081117719411850e-03
-5.316540971398353577e-02
-5.598315596580505371e-02
1.054181307554244995e-01
-1.883108466863632202e-01
2.457354068756103516e-01
1.929831057786941528e-01
8.417774736881256104e-02
1.351581215858459473e-01
1.290091872215270996e-01
7.063846290111541748e-02
2.162368595600128174e-02
-3.901737183332443237e-02
-1.837921142578125000e-01
-6.710906326770782471e-02
9.704764187335968018e-02
-1.166562810540199280e-01
1.092969402670860291e-01
-6.223985459655523300e-03
