-8.622573316097259521e-02
1.109536662697792053e-01
6.508146971464157104e-02
-1.080151051282882690e-01
-1.163331866264343262e-01
-4.041352868080139160e-02
-5.971594899892807007e-02
-1.061936393380165100e-01
1.969972699880599976e-01
-1.424629688262939453e-01
3.065769374370574951e-01
-5.312628298997879028e-02
-1.780873835086822510e-01
-1.664507240056991577e-01
3.342429175972938538e-03
2.141383886337280273e-01
-2.740995883941650391e-01
-1.296110004186630249e-01
-4.278831183910369873e-02
-2.589073777198791504e-02
9.915091842412948608e-02
5.672878585755825043e-03
-7.468452677130699158e-03
3.527687489986419678e-02
-1.344371438026428223e-01
-4.133003056049346924e-01
-8.654269576072692871e-02
-9.049793332815170288e-02
8.239409327507019043e-02
-1.277230866253376007e-02
-2.425161749124526978e-02
2.433923445641994476e-02
-1.601274609565734863e-01
-6.319623440504074097e-02
8.140994235873222351e-03
4.873780906200408936e-02
4.982850514352321625e-03
-6.605616211891174316e-02
1.317465752363204956e-01
6.823126226663589478e-03
-2.476107925176620483e-01
4.973825812339782715e-02
6.714481860399246216e-02
2.204589843750000000e-01
1.866982579231262207e-01
1.490115281194448471e-02
7.215961813926696777e-02
-1.590694338083267212e-01
1.811206936836242676e-01
-1.587169468402862549e-01
1.436209306120872498e-03
1.260555684566497803e-01
8.473633229732513428e-02
5.186370760202407837e-02
1.117008775472640991e-01
-8.551102876663208008e-02
2.100608870387077332e-02
1.706885993480682373e-01
-2.271740585565567017e-01
-5.616477690637111664e-03
9.280952811241149902e-02
-5.658654496073722839e-03
-3.364872187376022339e-02
-1.196791455149650574e-01
1.913751363754272461e-01
1.249468550086021423e-01
-9.663718193769454956e-02
-1.905987411737442017e-01
1.553201675415039062e-01
-1.350461840629577637e-01
-1.454474180936813354e-01
2.812111005187034607e-02
-1.367502212524414062e-01
-1.407536119222640991e-01
-3.538356423377990723e-01
-2.673114091157913208e-02
3.942563831806182861e-01
1.481422781944274902e-01
-1.949199289083480835e-01
4.525370523333549500e-02
1.116455905139446259e-02
-1.619308628141880035e-02
1.594494581222534180e-01
1.404066979885101318e-01
-5.364759266376495361e-02
4.822092503309249878e-02
-6.015809252858161926e-02
1.451623067259788513e-02
1.671070009469985962e-01
-1.155831106007099152e-02
2.199163101613521576e-02
2.298340648412704468e-01
2.753170579671859741e-02
8.692793548107147217e-02
3.081517852842807770e-02
-1.947302953340113163e-03
-1.013891622424125671e-01
4.215956851840019226e-02
-1.658834367990493774e-01
-2.335235476493835449e-02
6.063515320420265198e-03
-9.169429540634155273e-05
2.745860442519187927e-02
5.928118526935577393e-02
-1.432055383920669556e-01
1.582682579755783081e-01
2.338095009326934814e-02
3.227064013481140137e-02
-3.450977802276611328e-02
2.371835522353649139e-02
-1.988292858004570007e-02
6.428673397749662399e-03
9.035225212574005127e-02
-2.061322182416915894e-01
1.946374922990798950e-01
1.643151342868804932e-01
7.792984694242477417e-02
1.296571940183639526e-01
1.013738363981246948e-01
2.909561805427074432e-02
-5.806753411889076233e-02
-6.096994504332542419e-02
-1.756095141172409058e-01
-3.045605868101119995e-02
5.336905643343925476e-02
-9.034486114978790283e-02
1.089943721890449524e-01
-3.900267649441957474e-03
