-4.498548433184623718e-02
5.309341475367546082e-02
3.953679651021957397e-02
-8.180739730596542358e-02
-1.475030779838562012e-01
-3.427704423666000366e-02
-5.602518469095230103e-02
-1.466651558876037598e-01
1.048502549529075623e-01
-1.730749905109405518e-01
2.509119510650634766e-01
-7.231275737285614014e-02
-2.508941590785980225e-01
-7.029206305742263794e-02
-1.078370064496994019e-01
1.999767273664474487e-01
-2.085801959037780762e-01
-1.488439291715621948e-01
-7.737746834754943848e-02
2.790238708257675171e-03
3.755207732319831848e-02
2.044072002172470093e-02
5.298941209912300110e-02
-4.253035411238670349e-02
-9.038046002388000488e-02
-3.614907562732696533e-01
-7.827421277761459351e-02
-7.258285582065582275e-02
1.350848004221916199e-02
-5.222843587398529053e-02
-4.619288817048072815e-02
2.589488960802555084e-02
-1.774390339851379395e-01
-2.522758767008781433e-02
3.711757808923721313e-02
4.950924590229988098e-02
-5.975333228707313538e-02
-8.360707014799118042e-02
1.385450810194015503e-01
-7.504732348024845123e-03
-2.402182668447494507e-01
-2.706709317862987518e-03
5.487811192870140076e-02
2.319021672010421753e-01
1.780648827552795410e-01
4.848919063806533813e-02
3.294892609119415283e-02
-1.653678119182586670e-01
1.220012828707695007e-01
-1.496679484844207764e-01
-2.237101085484027863e-02
8.872639387845993042e-02
7.123417407274246216e-02
4.020625352859497070e-02
1.546947099268436432e-02
-1.081185340881347656e-01
5.739609152078628540e-02
1.400804519653320312e-01
-1.405958831310272217e-01
4.923809319734573364e-04
1.373585313558578491e-01
-6.414444744586944580e-02
7.729426026344299316e-03
-1.015317887067794800e-01
2.655944526195526123e-01
4.559360095299780369e-04
-1.407192051410675049e-01
-1.319805532693862915e-01
1.289686262607574463e-01
-1.503077000379562378e-01
-5.356777086853981018e-02
2.296847105026245117e-02
-1.452864110469818115e-01
-1.824519485235214233e-01
-2.643647789955139160e-01
-4.286430776119232178e-02
3.704802989959716797e-01
1.285606771707534790e-01
-9.785629808902740479e-02
1.703658699989318848e-02
-6.066468544304370880e-03
2.263642661273479462e-02
1.192195788025856018e-01
1.427175700664520264e-01
-5.133880674839019775e-02
6.761623919010162354e-02
-9.805540740489959717e-02
1.009268872439861298e-02
2.346402555704116821e-01
-1.145213693380355835e-01
-2.172240987420082092e-02
2.048065513372421265e-01
-5.056336522102355957e-02
5.656746774911880493e-02
2.182890102267265320e-02
-2.931071445345878601e-02
-1.077566966414451599e-01
6.031024083495140076e-02
-1.138473227620124817e-01
2.615754678845405579e-02
-1.076559815555810928e-02
-8.979786932468414307e-02
1.938927546143531799e-02
8.289158344268798828e-02
-5.209378153085708618e-02
8.258153498172760010e-02
-5.905297771096229553e-02
5.543769523501396179e-02
4.880223423242568970e-04
-3.847192227840423584e-02
-7.708790898323059082e-02
-9.374479204416275024e-02
1.067055389285087585e-01
-1.973777711391448975e-01
1.921366453170776367e-01
1.953907907009124756e-01
1.200069934129714966e-01
1.063531041145324707e-01
1.335624307394027710e-01
5.077947303652763367e-02
-3.784691914916038513e-02
1.904289796948432922e-02
-2.117298692464828491e-01
-2.931832708418369293e-02
8.654165267944335938e-02
-5.613449588418006897e-02
1.475832611322402954e-01
-2.307250723242759705e-02
