-1.041032075881958008e-01
1.232167985290288925e-02
3.220140933990478516e-02
-1.353083103895187378e-01
-1.944454908370971680e-01
-1.748863980174064636e-02
-9.574580192565917969e-02
-1.620528846979141235e-01
1.292665600776672363e-01
-2.183219194412231445e-01
2.461411803960800171e-01
-7.354957610368728638e-02
-2.661813199520111084e-01
1.391855720430612564e-02
2.205887064337730408e-02
1.874254196882247925e-01
-1.816477477550506592e-01
-1.319729983806610107e-01
-4.652516543865203857e-02
-9.548133611679077148e-02
2.354960143566131592e-02
2.927368041127920151e-03
2.550442703068256378e-02
6.416270881891250610e-02
-9.490273147821426392e-02
-3.911086320877075195e-01
-7.437734305858612061e-02
-1.344023197889328003e-01
1.662100292742252350e-02
-4.398049786686897278e-02
1.788963750004768372e-02
3.319796547293663025e-02
-1.297761797904968262e-01
1.045083254575729370e-02
3.747909888625144958e-02
5.274084210395812988e-02
-2.628570050001144409e-02
-8.444517105817794800e-02
2.119137048721313477e-01
4.064843058586120605e-02
-2.269409745931625366e-01
-1.490409020334482193e-03
-1.501030288636684418e-03
1.961232721805572510e-01
8.108628541231155396e-02
3.733317926526069641e-02
6.976558268070220947e-02
-1.263423562049865723e-01
1.663018763065338135e-01
-2.036465406417846680e-01
3.013527393341064453e-02
1.409769505262374878e-01
4.744703695178031921e-02
-1.386422012001276016e-02
5.941768735647201538e-02
-1.258414685726165771e-01
1.042010933160781860e-01
1.452405601739883423e-01
-2.688255608081817627e-01
6.413911283016204834e-02
1.514842659235000610e-01
-4.553420096635818481e-02
-5.470394343137741089e-02
-4.937585443258285522e-02
2.717063724994659424e-01
1.340284198522567749e-01
-1.403531134128570557e-01
-1.102412864565849304e-01
1.627889126539230347e-01
-8.577203750610351562e-02
-9.686544537544250488e-02
1.356069743633270264e-02
-1.950809508562088013e-01
-1.991904675960540771e-01
-2.113064676523208618e-01
-5.340320989489555359e-03
4.354467093944549561e-01
9.652415663003921509e-02
-1.715615093708038330e-01
-4.106420092284679413e-04
-2.898763678967952728e-02
-3.241107612848281860e-02
1.239326596260070801e-01
1.278788596391677856e-01
-2.235263213515281677e-02
-7.425101846456527710e-02
-2.085352502763271332e-02
2.141621336340904236e-02
1.753164827823638916e-01
-3.745167702436447144e-02
4.292386583983898163e-03
2.540163099765777588e-01
3.236485645174980164e-03
4.612144827842712402e-02
2.888749912381172180e-02
7.805322855710983276e-02
-1.435883194208145142e-01
-2.476231195032596588e-02
-8.780153840780258179e-02
-3.775362297892570496e-02
2.145414799451828003e-02
-7.061142474412918091e-02
-1.373284729197621346e-03
6.801166385412216187e-02
-2.269440889358520508e-01
1.969112753868103027e-01
-6.157395988702774048e-02
-3.245379775762557983e-02
-9.538603946566581726e-03
1.740936376154422760e-02
-4.611540213227272034e-02
-3.470659255981445312e-02
1.293066740036010742e-01
-2.243708223104476929e-01
1.889437884092330933e-01
2.308603823184967041e-01
1.016983985900878906e-01
1.425136625766754150e-01
4.405638575553894043e-02
-7.100244984030723572e-04
8.419579826295375824e-03
-2.120476029813289642e-02
-2.438163757324218750e-01
-1.048046275973320007e-01
4.758258908987045288e-02
-4.896000027656555176e-02
1.073817443102598190e-02
4.402498714625835419e-03
