-1.175101548433303833e-01
9.725689888000488281e-02
4.595141112804412842e-02
-1.263896077871322632e-01
-1.094709411263465881e-01
-1.310178544372320175e-02
-9.213159233331680298e-02
-1.236916556954383850e-01
1.538933217525482178e-01
-1.377897709608078003e-01
2.253404557704925537e-01
-9.027317166328430176e-02
-2.257596999406814575e-01
-1.235724017024040222e-01
-2.239846810698509216e-02
2.546454370021820068e-01
-2.547044754028320312e-01
-1.370508670806884766e-01
2.065995149314403534e-02
2.693000994622707367e-02
7.779661566019058228e-02
1.162594184279441833e-02
-1.550105633214116096e-03
5.919141694903373718e-02
-1.361381560564041138e-01
-4.295952618122100830e-01
-9.858015179634094238e-02
-4.863952100276947021e-02
-6.189335882663726807e-02
-2.592620998620986938e-02
-1.894799992442131042e-02
8.243922144174575806e-02
-1.904855221509933472e-01
-1.075952313840389252e-02
1.317074149847030640e-02
9.092355519533157349e-02
2.187317050993442535e-02
-1.194710582494735718e-01
8.254507184028625488e-02
-5.552183836698532104e-03
-2.800720930099487305e-01
-1.836786046624183655e-02
1.095571443438529968e-01
2.059213370084762573e-01
1.486572921276092529e-01
-2.035348303616046906e-02
4.219068586826324463e-02
-1.233569383621215820e-01
1.333385705947875977e-01
-1.734378039836883545e-01
-4.984456300735473633e-02
1.015396863222122192e-01
-1.596881542354822159e-03
1.448350958526134491e-02
5.071692168712615967e-02
-1.257690489292144775e-01
3.940098732709884644e-02
1.415934562683105469e-01
-1.496174782514572144e-01
-4.543542861938476562e-02
6.694930791854858398e-02
-6.649788469076156616e-02
-1.273955032229423523e-02
-1.501794159412384033e-01
2.447627633810043335e-01
1.167534589767456055e-01
-1.133256405591964722e-01
-2.297668159008026123e-01
9.950667619705200195e-02
-1.073511242866516113e-01
-9.176070988178253174e-02
1.546058617532253265e-02
-1.546436399221420288e-01
-1.735051572322845459e-01
-3.346788883209228516e-01
-9.562393650412559509e-03
3.103349208831787109e-01
9.728381037712097168e-02
-1.424504518508911133e-01
1.253019422292709351e-01
-7.092338986694812775e-03
-5.259784404188394547e-03
1.005681455135345459e-01
2.103590220212936401e-01
1.981315203011035919e-02
8.507976680994033813e-02
-6.296898424625396729e-02
4.794777370989322662e-03
2.136468291282653809e-01
-5.494694411754608154e-02
4.758265614509582520e-02
2.464993745088577271e-01
-7.205543667078018188e-02
7.117816805839538574e-02
6.226046942174434662e-03
-2.078320086002349854e-02
-1.265075802803039551e-01
1.004839241504669189e-01
-9.974312037229537964e-02
1.449562236666679382e-02
4.014747217297554016e-02
-3.993470966815948486e-02
2.496181800961494446e-02
1.198011785745620728e-01
-1.629579067230224609e-01
8.923840522766113281e-02
-2.146131359040737152e-02
5.905336141586303711e-02
5.004230141639709473e-02
4.975976422429084778e-03
-5.316893011331558228e-02
-6.978739798069000244e-02
8.774311095476150513e-02
-2.301248013973236084e-01
1.827048361301422119e-01
1.524590998888015747e-01
5.569619312882423401e-02
1.317914575338363647e-01
1.308248043060302734e-01
1.049286723136901855e-01
-3.606238588690757751e-02
9.828363545238971710e-03
-2.104481160640716553e-01
2.963784709572792053e-02
1.213006079196929932e-01
-9.430762380361557007e-02
4.766824468970298767e-02
-1.959739997982978821e-02
