-9.775047749280929565e-02
1.131786108016967773e-01
5.638270638883113861e-03
-1.287265717983245850e-01
-1.717358827590942383e-01
-1.507812086492776871e-02
-6.377772241830825806e-02
-1.690099537372589111e-01
1.677829176187515259e-01
-1.957763284444808960e-01
2.705276012420654297e-01
-5.675833299756050110e-02
-2.516034841537475586e-01
-1.085801869630813599e-01
3.238003700971603394e-04
1.769634932279586792e-01
-1.387361884117126465e-01
-1.691162735223770142e-01
-1.169515028595924377e-02
2.945620566606521606e-02
9.492165595293045044e-02
4.741038382053375244e-02
-3.890925087034702301e-03
4.134327545762062073e-02
-1.348212510347366333e-01
-3.523465394973754883e-01
-1.002533957362174988e-01
-5.308573693037033081e-02
1.403988339006900787e-03
-9.653984010219573975e-02
1.340717542916536331e-02
3.908981755375862122e-02
-2.010352313518524170e-01
-1.619423553347587585e-02
-2.447385340929031372e-04
1.288475096225738525e-01
-6.380548328161239624e-02
-7.030191272497177124e-02
1.471768468618392944e-01
1.134395226836204529e-02
-2.918461263179779053e-01
-2.477077208459377289e-02
-2.634736709296703339e-03
2.228275686502456665e-01
8.593054860830307007e-02
2.546821022406220436e-03
1.537483185529708862e-02
-1.380744129419326782e-01
9.630808234214782715e-02
-1.825281977653503418e-01
4.440572112798690796e-03
1.162959486246109009e-01
1.677900366485118866e-02
2.803897112607955933e-02
4.162421077489852905e-02
-9.641005843877792358e-02
8.048515021800994873e-02
1.664609909057617188e-01
-2.387757301330566406e-01
7.904021069407463074e-03
1.305418461561203003e-01
-1.014283001422882080e-01
-2.727352268993854523e-02
-8.286049962043762207e-02
1.853437870740890503e-01
9.121904522180557251e-02
-6.448441743850708008e-02
-1.568412333726882935e-01
1.659078150987625122e-01
-1.433768272399902344e-01
-1.042462140321731567e-01
1.327761709690093994e-01
-1.061370000243186951e-01
-2.188981324434280396e-01
-2.404464036226272583e-01
-1.218272931873798370e-02
4.277059137821197510e-01
1.564411669969558716e-01
-1.346441358327865601e-01
-1.065477356314659119e-02
2.958608791232109070e-02
-1.462898775935173035e-02
1.812299638986587524e-01
6.438858807086944580e-02
2.793705649673938751e-02
-2.059198543429374695e-02
-1.115181893110275269e-01
6.623449176549911499e-02
2.561146616935729980e-01
-5.713455379009246826e-02
1.735389046370983124e-02
2.443466633558273315e-01
1.157889328896999359e-02
7.152372598648071289e-02
2.193954773247241974e-02
3.222988918423652649e-02
-3.589512780308723450e-02
7.975482195615768433e-02
-8.633849769830703735e-02
2.625970914959907532e-02
4.936493560671806335e-02
-9.704697877168655396e-02
-8.515885099768638611e-03
1.035492494702339172e-01
-1.274114251136779785e-01
1.590133607387542725e-01
3.196944668889045715e-02
-2.676163334399461746e-03
4.190977197140455246e-03
1.905887946486473083e-02
-7.646261900663375854e-02
-4.950996488332748413e-02
1.223363801836967468e-01
-2.349542379379272461e-01
2.470262348651885986e-01
1.822677552700042725e-01
3.671111166477203369e-02
1.126553714275360107e-01
5.650884285569190979e-02
7.131616771221160889e-02
-2.879269793629646301e-02
-1.294877082109451294e-01
-2.358394116163253784e-01
-8.711058646440505981e-02
8.525167405605316162e-02
-5.229978635907173157e-02
8.797260373830795288e-02
-2.344236709177494049e-02
