-1.459784507751464844e-01
7.512113451957702637e-02
3.043842688202857971e-02
-9.657617658376693726e-02
-1.384469419717788696e-01
4.723533056676387787e-03
-6.666760146617889404e-02
-1.984208971261978149e-01
1.256163865327835083e-01
-1.465916633605957031e-01
2.733194828033447266e-01
-8.224476873874664307e-02
-1.512028872966766357e-01
-1.346136629581451416e-01
-8.164121210575103760e-02
2.121729999780654907e-01
-2.066901028156280518e-01
-1.314470618963241577e-01
-1.120232045650482178e-02
1.084029022604227066e-02
3.687211126089096069e-02
-2.611697278916835785e-02
9.482306241989135742e-02
5.052031576633453369e-02
-8.441192656755447388e-02
-3.878203332424163818e-01
-1.060794964432716370e-01
-7.242301106452941895e-02
4.004449024796485901e-02
1.468544173985719681e-02
-4.458953812718391418e-02
3.754521487280726433e-03
-2.224411070346832275e-01
-2.931898459792137146e-02
2.270555682480335236e-02
9.880145639181137085e-02
5.002440139651298523e-02
-5.678065493702888489e-02
1.012677326798439026e-01
-7.127019017934799194e-02
-2.633781731128692627e-01
-7.945738732814788818e-03
1.124419271945953369e-01
1.752574294805526733e-01
1.587765216827392578e-01
4.009240865707397461e-02
-1.767478138208389282e-02
-1.547541320323944092e-01
8.419749885797500610e-02
-1.608611941337585449e-01
1.218461990356445312e-02
7.004285603761672974e-02
-2.051605843007564545e-04
8.294358849525451660e-05
4.113432019948959351e-03
-8.548733592033386230e-02
5.576273426413536072e-02
1.377734243869781494e-01
-1.184517368674278259e-01
-1.889916136860847473e-02
9.599106758832931519e-02
-4.549775272607803345e-02
-2.100241743028163910e-02
-1.271141469478607178e-01
2.401323020458221436e-01
1.224165335297584534e-01
-1.228014007210731506e-01
-1.958266347646713257e-01
9.927729517221450806e-02
-1.428324729204177856e-01
-5.499653890728950500e-02
4.100463539361953735e-02
-1.156347468495368958e-01
-1.686653941869735718e-01
-3.292785286903381348e-01
-1.145485416054725647e-02
3.996710181236267090e-01
1.405375897884368896e-01
-1.593377888202667236e-01
1.798155903816223145e-02
-3.972265869379043579e-02
3.183139860630035400e-02
1.307400017976760864e-01
1.429842859506607056e-01
2.058951184153556824e-03
1.637053117156028748e-02
-1.036811545491218567e-01
-3.649720177054405212e-02
2.095946818590164185e-01
-6.064880266785621643e-02
1.664399169385433197e-02
2.367638051509857178e-01
-5.575117468833923340e-02
7.787998020648956299e-02
-3.193910233676433563e-04
8.697035163640975952e-02
-1.022752374410629272e-01
8.736229687929153442e-02
-1.358342617750167847e-01
3.552637994289398193e-02
7.809168659150600433e-03
-3.124218806624412537e-02
1.659979484975337982e-02
1.004214882850646973e-01
-1.793424338102340698e-01
8.770740032196044922e-02
-3.450801223516464233e-02
1.239848602563142776e-02
6.121747195720672607e-02
-6.831143051385879517e-03
-3.015633486211299896e-02
-6.829907000064849854e-02
1.008959412574768066e-01
-2.226440906524658203e-01
2.176189124584197998e-01
2.083918750286102295e-01
9.224124252796173096e-02
1.633014976978302002e-01
1.435697823762893677e-01
9.910123050212860107e-02
-2.251208573579788208e-02
-1.074624713510274887e-02
-1.722508370876312256e-01
-3.022422641515731812e-02
5.613023787736892700e-02
-1.506697386503219604e-01
6.223550066351890564e-02
8.046387694776058197e-03
