-1.105030924081802368e-01
1.009901519864797592e-02
2.477501705288887024e-02
-1.595286130905151367e-01
-1.809095442295074463e-01
-6.101150810718536377e-02
-1.102305501699447632e-01
-1.470097452402114868e-01
1.476607024669647217e-01
-2.133527547121047974e-01
1.571633964776992798e-01
-5.927767604589462280e-02
-1.516060382127761841e-01
-8.325519412755966187e-02
-1.104542836546897888e-01
2.496543228626251221e-01
-1.912750005722045898e-01
-2.039821743965148926e-01
-1.551474351435899734e-02
-2.355236932635307312e-02
5.693511664867401123e-02
2.867578715085983276e-02
5.275676492601633072e-03
1.649518124759197235e-02
-1.067802533507347107e-01
-3.419582843780517578e-01
-9.677010029554367065e-02
-8.784628659486770630e-02
-2.011292800307273865e-02
-4.351522028446197510e-02
1.862296834588050842e-02
6.015354022383689880e-02
-1.639637798070907593e-01
4.023365676403045654e-02
1.497308164834976196e-02
8.086343109607696533e-02
5.864769965410232544e-02
-6.074274331331253052e-02
8.888006210327148438e-02
1.506777107715606689e-02
-3.344365060329437256e-01
4.806815832853317261e-02
8.000758290290832520e-02
2.139373123645782471e-01
1.701756864786148071e-01
3.479851409792900085e-02
3.963856026530265808e-03
-1.552013009786605835e-01
1.499947756528854370e-01
-1.743098944425582886e-01
-1.347334496676921844e-02
6.959815323352813721e-02
-8.494609966874122620e-03
-1.639875397086143494e-02
2.839780412614345551e-02
-8.725448697805404663e-02
1.075990647077560425e-01
7.937315106391906738e-02
-2.131622582674026489e-01
6.620102562010288239e-03
1.562442034482955933e-01
-3.409684449434280396e-02
-3.141925856471061707e-02
-1.046280413866043091e-01
2.416131049394607544e-01
1.092778667807579041e-01
-1.209127008914947510e-01
-2.149998545646667480e-01
1.501917839050292969e-01
-2.057500332593917847e-01
-1.006257683038711548e-01
5.302418023347854614e-02
-1.390247344970703125e-01
-1.424928009510040283e-01
-2.816291749477386475e-01
-6.757669150829315186e-02
4.100613594055175781e-01
1.546333134174346924e-01
-1.256257742643356323e-01
6.508603692054748535e-02
-4.135033115744590759e-03
4.079275205731391907e-02
1.473869979381561279e-01
1.352869421243667603e-01
-2.972990274429321289e-03
3.190631791949272156e-02
-7.225009053945541382e-02
-3.918923065066337585e-02
2.664967775344848633e-01
-4.186768084764480591e-02
-2.369321882724761963e-02
2.124100923538208008e-01
-7.515762001276016235e-03
6.251084059476852417e-02
-1.477375254034996033e-02
1.927746832370758057e-02
-9.168685227632522583e-02
5.646039918065071106e-02
-1.152329593896865845e-01
-2.939132042229175568e-03
-2.234005741775035858e-02
-2.726855874061584473e-02
2.975612878799438477e-03
1.030225157737731934e-01
-1.115135625004768372e-01
1.753266006708145142e-01
-4.997066780924797058e-02
3.964619711041450500e-02
-3.819949924945831299e-02
7.931283116340637207e-02
-5.586992576718330383e-02
-3.925469145178794861e-02
9.714435786008834839e-02
-1.534300297498703003e-01
2.271799445152282715e-01
1.947580128908157349e-01
1.553208082914352417e-01
9.318855404853820801e-02
1.352123767137527466e-01
5.932905524969100952e-02
-4.875811189413070679e-02
-1.080738659948110580e-02
-2.001295834779739380e-01
-5.422259122133255005e-02
5.394021421670913696e-02
-1.382842510938644409e-01
1.299828290939331055e-01
3.915094211697578430e-02
