-1.274403780698776245e-01
8.531277626752853394e-02
8.085492253303527832e-02
-1.502147763967514038e-01
-1.036286801099777222e-01
2.438529860228300095e-03
-1.108064725995063782e-01
-1.665068268775939941e-01
1.989946365356445312e-01
-2.358887046575546265e-01
2.576259672641754150e-01
-5.809736251831054688e-02
-2.067632377147674561e-01
-7.274095714092254639e-02
-6.440506875514984131e-02
2.019879221916198730e-01
-2.074297070503234863e-01
-1.581876128911972046e-01
-3.815414756536483765e-02
3.893634304404258728e-03
4.660080000758171082e-02
9.331645444035530090e-03
4.873823374509811401e-02
2.793430909514427185e-02
-1.098826378583908081e-01
-4.005365669727325439e-01
-8.620911836624145508e-02
-4.351437091827392578e-02
-9.652332402765750885e-03
2.108982298523187637e-03
-8.600360900163650513e-02
-1.989985257387161255e-02
-2.553685605525970459e-01
-3.050385601818561554e-02
-1.129134744405746460e-02
1.159116253256797791e-01
3.591313213109970093e-02
-1.379870176315307617e-01
1.150347292423248291e-01
-1.098929531872272491e-02
-2.317385226488113403e-01
-7.677339017391204834e-02
4.878342896699905396e-02
1.880472600460052490e-01
1.068533435463905334e-01
1.306689903140068054e-02
1.951881498098373413e-02
-1.363422423601150513e-01
1.407753825187683105e-01
-1.687897592782974243e-01
1.533041894435882568e-02
5.819733068346977234e-02
6.827378273010253906e-02
-2.172674983739852905e-03
1.433871686458587646e-02
-1.517458856105804443e-01
7.734444737434387207e-02
1.720346063375473022e-01
-1.482280194759368896e-01
-3.365870937705039978e-02
8.864177763462066650e-02
-6.822672486305236816e-02
-3.122801706194877625e-02
-9.685663133859634399e-02
3.076011836528778076e-01
1.681953221559524536e-01
-1.117774993181228638e-01
-1.722420603036880493e-01
1.430006921291351318e-01
-5.656047165393829346e-02
-2.776180207729339600e-02
-3.144126012921333313e-02
-1.455501317977905273e-01
-1.425828188657760620e-01
-2.910878956317901611e-01
-2.111745253205299377e-02
3.632865548133850098e-01
6.266494095325469971e-02
-1.510017216205596924e-01
2.508791163563728333e-02
-5.542245507240295410e-02
2.482718788087368011e-02
1.037423089146614075e-01
1.306891739368438721e-01
-5.223308131098747253e-02
6.129239127039909363e-02
-8.352793753147125244e-02
3.450170904397964478e-02
2.542027831077575684e-01
-5.788116157054901123e-02
1.127259060740470886e-02
1.863061785697937012e-01
-6.459220498800277710e-02
2.769856527447700500e-02
1.016791723668575287e-02
7.052275352180004120e-03
-1.293865293264389038e-01
1.067563146352767944e-01
-1.190515160560607910e-01
8.731422573328018188e-02
3.900412097573280334e-02
-4.645549505949020386e-02
-1.480814069509506226e-02
1.123188436031341553e-01
-2.059540152549743652e-01
4.459978640079498291e-02
-1.460593659430742264e-02
-3.970818221569061279e-02
6.897197663784027100e-02
-4.332298040390014648e-02
-9.540913999080657959e-02
-1.148553714156150818e-01
9.484890103340148926e-02
-2.164463847875595093e-01
1.902436017990112305e-01
1.821978986263275146e-01
1.015393361449241638e-01
2.042838633060455322e-01
1.093803793191909790e-01
8.288133144378662109e-02
2.023427560925483704e-02
2.600897103548049927e-02
-2.182492017745971680e-01
-4.200591892004013062e-02
1.126741990447044373e-01
-7.580012083053588867e-02
8.268969506025314331e-02
1.393289305269718170e-02
