-5.088485032320022583e-02
2.056606858968734741e-02
6.132433190941810608e-03
-8.909995853900909424e-02
-1.141713410615921021e-01
-5.896524339914321899e-02
-5.894805863499641418e-02
-9.241107851266860962e-02
1.381585001945495605e-01
-8.533184975385665894e-02
1.921558231115341187e-01
-1.064659431576728821e-01
-2.001745551824569702e-01
-5.642186105251312256e-02
-8.238969743251800537e-02
2.097062021493911743e-01
-2.437704950571060181e-01
-1.311955600976943970e-01
-1.687999814748764038e-02
3.212453797459602356e-02
6.703925132751464844e-02
1.097664330154657364e-02
5.266930907964706421e-02
5.002084746956825256e-02
-1.155713275074958801e-01
-3.594464063644409180e-01
-7.374072074890136719e-02
-8.407262712717056274e-02
-2.775886841118335724e-02
-3.629308938980102539e-02
-1.118487771600484848e-02
5.276489257812500000e-02
-2.075358629226684570e-01
-2.811771444976329803e-02
9.803760796785354614e-02
6.209751218557357788e-02
-6.730126217007637024e-03
-1.207557693123817444e-01
1.555850505828857422e-01
6.541513837873935699e-03
-3.128474056720733643e-01
3.118118271231651306e-03
1.035832241177558899e-01
2.057919353246688843e-01
1.459194272756576538e-01
8.213078603148460388e-03
3.506326116621494293e-03
-1.661387383937835693e-01
1.211052387952804565e-01
-1.456341892480850220e-01
1.794958487153053284e-02
1.386753618717193604e-01
1.864326186478137970e-02
2.815595269203186035e-02
4.240285605192184448e-03
-1.218942180275917053e-01
5.875486880540847778e-02
1.326926201581954956e-01
-1.228804811835289001e-01
-1.969685591757297516e-02
1.103402972221374512e-01
-3.162077814340591431e-02
-1.358961872756481171e-02
-1.228633150458335876e-01
2.042990475893020630e-01
6.025525182485580444e-02
-1.172231361269950867e-01
-2.386187463998794556e-01
9.831161797046661377e-02
-1.442995965480804443e-01
-9.009921550750732422e-02
6.361289322376251221e-02
-1.553511321544647217e-01
-1.978763341903686523e-01
-2.784908115863800049e-01
-5.242779850959777832e-02
3.001522123813629150e-01
8.863188326358795166e-02
-1.480454802513122559e-01
9.507452696561813354e-02
-1.402502413839101791e-02
2.566655538976192474e-02
9.178005903959274292e-02
2.332973480224609375e-01
1.621538773179054260e-02
1.350156664848327637e-01
-4.188831895589828491e-02
-5.708174780011177063e-03
2.177153676748275757e-01
-9.236254543066024780e-02
-2.445178478956222534e-02
2.246537506580352783e-01
-6.828565895557403564e-02
4.214766994118690491e-02
2.874189801514148712e-02
-3.566485643386840820e-02
-8.229275047779083252e-02
7.116874307394027710e-02
-1.450758874416351318e-01
-2.435477264225482941e-02
6.084628775715827942e-02
-9.236540645360946655e-03
2.651302842423319817e-03
1.121506318449974060e-01
-1.660512685775756836e-01
7.133487612009048462e-02
-3.458272293210029602e-02
1.810973510146141052e-02
4.020742326974868774e-02
-1.873031258583068848e-02
-4.481983557343482971e-02
-7.272191345691680908e-02
1.063168272376060486e-01
-2.164544463157653809e-01
2.423353344202041626e-01
1.635008156299591064e-01
1.291907876729965210e-01
9.675278514623641968e-02
1.268273741006851196e-01
5.205178260803222656e-02
7.532255724072456360e-03
1.066993456333875656e-02
-2.089907824993133545e-01
1.783449575304985046e-02
8.940156549215316772e-02
-5.010927468538284302e-02
8.363574743270874023e-02
-4.457148909568786621e-02
