-6.078838557004928589e-02
8.458316326141357422e-03
3.156597912311553955e-02
-1.351329237222671509e-01
-1.131626591086387634e-01
1.928462181240320206e-03
-1.021177843213081360e-01
-1.301577240228652954e-01
1.420110613107681274e-01
-1.819491237401962280e-01
2.327444553375244141e-01
-1.056621819734573364e-01
-2.167109400033950806e-01
-7.073342055082321167e-02
-4.189598560333251953e-02
2.337721437215805054e-01
-2.015565335750579834e-01
-2.113078534603118896e-01
-6.254235655069351196e-02
2.825048938393592834e-02
4.644834250211715698e-02
-2.453413419425487518e-02
1.118604931980371475e-02
8.933929353952407837e-02
-1.257619857788085938e-01
-3.898020982742309570e-01
-5.938624963164329529e-02
-7.294347882270812988e-02
-1.740437373518943787e-02
-6.545123457908630371e-02
-2.664892002940177917e-03
3.202780708670616150e-02
-2.466072738170623779e-01
1.158600486814975739e-02
2.370147779583930969e-02
1.110519543290138245e-01
5.399969220161437988e-02
-1.542669534683227539e-01
1.258111596107482910e-01
-6.674206815659999847e-03
-3.324240744113922119e-01
3.198328614234924316e-02
3.705661743879318237e-02
1.830468624830245972e-01
1.104072555899620056e-01
2.685348689556121826e-02
2.361917868256568909e-02
-1.493785679340362549e-01
1.222429424524307251e-01
-2.045190483331680298e-01
-7.407149299979209900e-03
7.570917904376983643e-02
-1.404988765716552734e-02
-1.595081761479377747e-02
-4.820823669433593750e-03
-1.573841571807861328e-01
7.050237059593200684e-02
1.534328460693359375e-01
-1.884963363409042358e-01
-1.966782612726092339e-03
8.590760827064514160e-02
-8.791248500347137451e-02
2.017663046717643738e-02
-1.613421887159347534e-01
2.320064604282379150e-01
1.402108222246170044e-01
-9.017411619424819946e-02
-2.590652406215667725e-01
8.777862042188644409e-02
-1.481247246265411377e-01
-7.450470328330993652e-02
7.609042525291442871e-02
-1.444017887115478516e-01
-1.575629860162734985e-01
-3.306779265403747559e-01
-2.857053838670253754e-02
3.345339298248291016e-01
1.104300394654273987e-01
-1.567278355360031128e-01
4.463125392794609070e-02
2.174965292215347290e-02
4.740615934133529663e-02
1.151754707098007202e-01
1.589050889015197754e-01
3.141074627637863159e-02
4.788365587592124939e-02
-9.233160316944122314e-02
5.194506607949733734e-03
2.878078520298004150e-01
-4.912411421537399292e-02
-8.354130201041698456e-03
1.810644418001174927e-01
-1.005760729312896729e-01
1.944457180798053741e-02
-1.390347164124250412e-02
-2.866296563297510147e-05
-1.331042051315307617e-01
9.326858818531036377e-02
-1.215365976095199585e-01
2.481312677264213562e-02
5.797417834401130676e-04
5.839232727885246277e-02
1.449245866388082504e-02
1.055987477302551270e-01
-1.316761076450347900e-01
5.771719664335250854e-02
-9.427566081285476685e-02
-4.790303856134414673e-02
1.024036295711994171e-02
1.401941105723381042e-02
-7.262869924306869507e-02
-7.094839960336685181e-02
1.112201586365699768e-01
-2.068079859018325806e-01
2.346007674932479858e-01
2.045353055000305176e-01
1.693134009838104248e-01
9.618838131427764893e-02
1.289864033460617065e-01
5.569855123758316040e-02
-3.057208098471164703e-02
3.371719270944595337e-02
-2.548966109752655029e-01
-1.745089329779148102e-02
1.154221892356872559e-01
-7.626073062419891357e-02
1.190842241048812866e-01
-3.845494240522384644e-02
