-1.339501142501831055e-01
5.255292356014251709e-02
2.006075903773307800e-02
-1.340537071228027344e-01
-1.102553233504295349e-01
5.312772002071142197e-03
-7.501338422298431396e-02
-1.533031612634658813e-01
2.310547232627868652e-01
-2.238539010286331177e-01
2.161377668380737305e-01
-3.213904798030853271e-02
-2.109052240848541260e-01
-2.807765267789363861e-02
-8.250554651021957397e-02
1.858301460742950439e-01
-1.788646876811981201e-01
-2.117220014333724976e-01
1.154762599617242813e-02
-3.044456616044044495e-02
3.988494724035263062e-02
-1.467008609324693680e-02
2.295616641640663147e-02
5.878924950957298279e-02
-1.181201264262199402e-01
-3.512845933437347412e-01
-9.418608993291854858e-02
-7.909056544303894043e-02
3.999333828687667847e-02
-6.702169030904769897e-02
9.967237710952758789e-03
1.541587244719266891e-02
-2.641344070434570312e-01
-3.088691458106040955e-02
-2.190401777625083923e-02
9.986571222543716431e-02
2.211898937821388245e-02
-1.022276356816291809e-01
1.902574747800827026e-01
1.868389546871185303e-02
-2.822775244712829590e-01
-5.240657925605773926e-02
3.753961250185966492e-02
2.245627492666244507e-01
6.366050988435745239e-02
-1.608388498425483704e-02
1.037494093179702759e-02
-1.924081146717071533e-01
1.632123589515686035e-01
-1.728069186210632324e-01
-7.755421102046966553e-04
1.011817604303359985e-01
8.550800383090972900e-02
-2.961555123329162598e-02
1.251958683133125305e-02
-9.241420775651931763e-02
1.090274155139923096e-01
1.488021761178970337e-01
-2.322449833154678345e-01
6.802283227443695068e-02
1.383737176656723022e-01
-5.821947753429412842e-02
1.732226461172103882e-02
-1.029036492109298706e-01
2.234002202749252319e-01
9.772685170173645020e-02
-6.067736074328422546e-02
-1.863915920257568359e-01
1.680407822132110596e-01
-1.158007830381393433e-01
-3.770092502236366272e-02
1.119943559169769287e-01
-8.403258770704269409e-02
-2.280285805463790894e-01
-2.633751928806304932e-01
-1.723520830273628235e-02
4.595956504344940186e-01
1.545118689537048340e-01
-7.455711811780929565e-02
7.661140710115432739e-02
-3.771474957466125488e-02
-6.845713406801223755e-02
1.217707023024559021e-01
1.320428103208541870e-01
-5.856677517294883728e-02
3.546079993247985840e-02
-7.107565551996231079e-02
5.783433094620704651e-02
2.889981269836425781e-01
1.971449702978134155e-03
-1.921025849878787994e-02
1.506358832120895386e-01
-5.880146473646163940e-02
6.584866344928741455e-02
-1.598835922777652740e-03
4.924334585666656494e-02
-1.661885380744934082e-01
9.960503131151199341e-02
-1.278056055307388306e-01
6.739062257111072540e-03
-3.250166401267051697e-02
-3.389968723058700562e-02
2.865424379706382751e-02
9.556657820940017700e-02
-1.443489491939544678e-01
9.567420184612274170e-02
-3.424532711505889893e-02
-7.395832240581512451e-02
3.440538421273231506e-04
5.276629701256752014e-02
-8.151926845312118530e-02
-7.724587619304656982e-02
1.076991632580757141e-01
-2.093623429536819458e-01
1.937930583953857422e-01
1.528667062520980835e-01
9.268561750650405884e-02
1.502226889133453369e-01
1.204814240336418152e-01
8.379060029983520508e-02
-7.805657573044300079e-03
-2.879079803824424744e-02
-2.192767411470413208e-01
-4.374445229768753052e-02
9.703610092401504517e-02
-9.606881439685821533e-02
1.598817706108093262e-01
-2.000391855835914612e-02
