-2.056001313030719757e-02
4.396321251988410950e-02
4.231505841016769409e-02
-6.401891261339187622e-02
-1.866804212331771851e-01
-9.344976395368576050e-02
-6.947594881057739258e-02
-1.009147837758064270e-01
1.606037914752960205e-01
-1.154665052890777588e-01
1.748722195625305176e-01
-9.897398948669433594e-02
-2.280934303998947144e-01
-4.121584445238113403e-02
-7.164390385150909424e-02
2.343635112047195435e-01
-1.537303626537322998e-01
-1.754059344530105591e-01
-4.160967469215393066e-02
1.770829036831855774e-02
8.503375202417373657e-02
2.617219090461730957e-02
4.208400845527648926e-02
5.524824187159538269e-02
-9.289611130952835083e-02
-3.735831081867218018e-01
-1.158790066838264465e-01
-6.675629317760467529e-02
-3.781555220484733582e-02
-6.249345093965530396e-02
7.644434459507465363e-03
7.698956876993179321e-02
-1.500328481197357178e-01
-6.059631332755088806e-02
8.142122626304626465e-02
1.111948639154434204e-01
3.606325387954711914e-02
-1.165942847728729248e-01
1.598933637142181396e-01
-2.543470077216625214e-02
-3.721099197864532471e-01
1.010572444647550583e-02
1.474140733480453491e-01
2.612269520759582520e-01
1.703864932060241699e-01
3.900161385536193848e-02
3.395088762044906616e-02
-1.467309147119522095e-01
1.214398965239524841e-01
-1.677206903696060181e-01
5.648084729909896851e-02
7.186004519462585449e-02
7.606600970029830933e-02
3.187588602304458618e-02
3.530987724661827087e-02
-1.381165385246276855e-01
1.030865386128425598e-01
1.205566599965095520e-01
-1.922858208417892456e-01
-4.546152800321578979e-02
1.924225389957427979e-01
-6.887004524469375610e-02
3.121559694409370422e-02
-9.436032921075820923e-02
2.708189189434051514e-01
3.535308688879013062e-02
-9.923537075519561768e-02
-2.314326465129852295e-01
1.134839430451393127e-01
-2.360877543687820435e-01
-1.167268380522727966e-01
8.638770133256912231e-02
-1.551216691732406616e-01
-1.438043564558029175e-01
-3.892181813716888428e-01
-6.535664945840835571e-02
3.881300687789916992e-01
1.524429619312286377e-01
-1.583981066942214966e-01
7.971358299255371094e-02
-1.664655096828937531e-02
5.692180991172790527e-02
1.140600144863128662e-01
1.901934891939163208e-01
4.146827384829521179e-02
1.073663383722305298e-01
-1.540221571922302246e-01
-3.253433108329772949e-02
2.738494277000427246e-01
-1.052183881402015686e-01
-2.824216149747371674e-02
2.273924052715301514e-01
3.808407485485076904e-02
5.535271018743515015e-02
1.139490120112895966e-02
-4.756464622914791107e-03
-9.372679889202117920e-02
4.668894410133361816e-02
-1.876397132873535156e-01
6.548684090375900269e-03
-2.436082437634468079e-02
5.653628334403038025e-02
1.463464461266994476e-03
1.089767739176750183e-01
-1.691938191652297974e-01
1.099478155374526978e-01
-3.500537946820259094e-02
-4.084855318069458008e-04
-5.312963202595710754e-02
3.566618077456951141e-03
-8.732077479362487793e-02
-9.326530992984771729e-02
1.334734112024307251e-01
-2.223412692546844482e-01
1.376044303178787231e-01
1.661083698272705078e-01
1.532490700483322144e-01
9.866661578416824341e-02
1.260691285133361816e-01
6.785944104194641113e-02
-9.144725278019905090e-03
-6.214064359664916992e-02
-2.254384011030197144e-01
4.814982414245605469e-03
8.518071472644805908e-02
-8.525232225656509399e-02
1.253237426280975342e-01
5.616175755858421326e-02
