-1.038704067468643188e-01
1.541544683277606964e-02
5.935782194137573242e-02
-1.368895918130874634e-01
-9.333272278308868408e-02
-2.921684458851814270e-02
-6.856336444616317749e-02
-1.325329989194869995e-01
1.636583805084228516e-01
-1.888945102691650391e-01
2.737627327442169189e-01
-7.858418673276901245e-02
-2.326969504356384277e-01
-1.172239705920219421e-01
-2.611190080642700195e-02
2.229524552822113037e-01
-2.193312346935272217e-01
-1.623052656650543213e-01
-2.500940859317779541e-02
6.540988385677337646e-02
1.034061312675476074e-01
-5.422810092568397522e-02
2.015391737222671509e-02
1.658390462398529053e-02
-1.265714615583419800e-01
-3.834159970283508301e-01
-1.097751632332801819e-01
-5.899274721741676331e-02
-3.538347780704498291e-02
-1.434990111738443375e-02
-4.801949113607406616e-02
4.666572809219360352e-02
-2.555405199527740479e-01
2.291275188326835632e-03
-2.128551527857780457e-02
1.242500916123390198e-01
3.691405430436134338e-02
-7.922180742025375366e-02
1.020648032426834106e-01
1.693639159202575684e-02
-2.802269756793975830e-01
-7.982409559190273285e-03
5.269078537821769714e-03
1.631305664777755737e-01
1.176940500736236572e-01
2.929952926933765411e-02
1.837409473955631256e-02
-6.827414780855178833e-02
8.814336359500885010e-02
-2.311937958002090454e-01
2.293908596038818359e-02
8.158923685550689697e-02
5.169921740889549255e-02
3.862651064991950989e-04
9.610010311007499695e-03
-1.516068577766418457e-01
7.123900204896926880e-02
1.774087548255920410e-01
-1.967031210660934448e-01
2.035861648619174957e-02
8.855471760034561157e-02
-1.099937409162521362e-01
-4.166042059659957886e-02
-8.687750995159149170e-02
2.384145855903625488e-01
1.764998733997344971e-01
-1.181076467037200928e-01
-2.035898566246032715e-01
1.248665153980255127e-01
-9.050805121660232544e-02
-4.305617511272430420e-02
2.968550100922584534e-02
-1.763989478349685669e-01
-1.734063476324081421e-01
-3.131880760192871094e-01
-3.102835267782211304e-03
3.805743157863616943e-01
7.166576385498046875e-02
-1.842864006757736206e-01
2.257146500051021576e-02
-3.033008612692356110e-02
4.163432866334915161e-02
1.261571794748306274e-01
1.099807694554328918e-01
2.911700308322906494e-02
5.301497131586074829e-02
-1.356207430362701416e-01
-1.252747979015111923e-02
2.169402688741683960e-01
-7.407881319522857666e-02
1.197086274623870850e-02
2.256836295127868652e-01
-8.058951795101165771e-02
4.564154893159866333e-02
-1.451036706566810608e-02
-2.118991687893867493e-02
-4.720485210418701172e-02
5.788078904151916504e-02
-1.002381145954132080e-01
2.350047975778579712e-02
6.471470929682254791e-03
-6.950232386589050293e-02
-6.018149852752685547e-02
8.645834773778915405e-02
-1.476603299379348755e-01
5.366122350096702576e-02
-3.476271778345108032e-02
1.335581764578819275e-03
8.305681869387626648e-03
-1.166567765176296234e-02
-8.394667506217956543e-02
-7.895150035619735718e-02
7.948964089155197144e-02
-2.351531982421875000e-01
2.254987061023712158e-01
2.291645854711532593e-01
7.667901366949081421e-02
1.210401952266693115e-01
9.122956544160842896e-02
7.995583117008209229e-02
-1.511816214770078659e-02
9.614767506718635559e-03
-2.332926392555236816e-01
-3.491682559251785278e-02
9.214826673269271851e-02
-4.959262907505035400e-02
6.158023700118064880e-02
-7.155816070735454559e-03
