-1.042919605970382690e-01
8.076157420873641968e-02
5.019089207053184509e-03
-1.928996741771697998e-01
-1.460682153701782227e-01
-5.896615236997604370e-02
-6.813351809978485107e-02
-1.278197616338729858e-01
1.632505953311920166e-01
-2.037123292684555054e-01
1.840880364179611206e-01
-1.206193938851356506e-01
-2.103828489780426025e-01
2.745657227933406830e-03
-8.688627928495407104e-02
2.461202293634414673e-01
-2.499261796474456787e-01
-1.773081123828887939e-01
-6.730845198035240173e-03
-2.099615521728992462e-02
9.754379093647003174e-02
-2.152501419186592102e-02
-2.167327888309955597e-02
1.025908961892127991e-01
-1.253888010978698730e-01
-3.276264071464538574e-01
-1.122898086905479431e-01
-2.893599495291709900e-02
-1.101309992372989655e-02
-6.895873695611953735e-02
1.847564429044723511e-02
2.981162071228027344e-02
-2.384400367736816406e-01
-5.583090707659721375e-02
1.233492605388164520e-02
7.575452327728271484e-02
3.127390984445810318e-03
-1.550446897745132446e-01
1.658982038497924805e-01
4.060453176498413086e-02
-2.613717913627624512e-01
4.787285253405570984e-02
8.546010404825210571e-02
2.529117166996002197e-01
9.983589500188827515e-02
1.099663320928812027e-03
6.940866820514202118e-03
-1.377123445272445679e-01
1.387038677930831909e-01
-1.798393875360488892e-01
-5.403268337249755859e-02
1.150766238570213318e-01
2.563474699854850769e-02
1.860020868480205536e-02
-3.234446048736572266e-02
-7.379438728094100952e-02
1.312283724546432495e-01
2.109874933958053589e-01
-2.630894482135772705e-01
2.908358536660671234e-02
1.381986290216445923e-01
-1.039047315716743469e-01
1.560415606945753098e-02
-1.049826145172119141e-01
2.167228311300277710e-01
1.200284957885742188e-01
-8.334252238273620605e-02
-1.984745413064956665e-01
1.266430765390396118e-01
-1.272722184658050537e-01
-7.247985899448394775e-02
2.295780368149280548e-02
-1.204988360404968262e-01
-1.846655607223510742e-01
-2.475499361753463745e-01
-4.574125260114669800e-02
3.502758145332336426e-01
1.719663739204406738e-01
-8.926849812269210815e-02
9.265718609094619751e-02
-1.718534529209136963e-02
-4.389724228531122208e-03
1.341756880283355713e-01
1.542101204395294189e-01
-4.827635362744331360e-03
3.393936902284622192e-02
-4.561434686183929443e-02
6.044254451990127563e-02
2.380377650260925293e-01
-1.963536068797111511e-02
-4.737510811537504196e-03
2.357960343360900879e-01
-2.125437185168266296e-02
1.916300691664218903e-02
5.610800813883543015e-03
-1.094290241599082947e-02
-1.658674627542495728e-01
6.242033094167709351e-02
-1.072733849287033081e-01
-6.142617668956518173e-03
-1.597869396209716797e-02
-3.105915710330009460e-02
1.976519264280796051e-02
1.185634657740592957e-01
-1.633434146642684937e-01
1.083609312772750854e-01
-5.311957001686096191e-02
-1.656813547015190125e-02
-3.879036009311676025e-02
4.050849750638008118e-02
-4.754617810249328613e-02
-6.384162604808807373e-02
8.260281383991241455e-02
-1.903760284185409546e-01
1.758711040019989014e-01
2.162596732378005981e-01
6.365825235843658447e-02
1.026791334152221680e-01
1.247281879186630249e-01
3.789494186639785767e-02
2.466285601258277893e-03
-1.627073436975479126e-02
-2.135717123746871948e-01
-2.403531968593597412e-02
1.194687783718109131e-01
-5.995920300483703613e-02
1.744521111249923706e-01
-2.882520481944084167e-02
