-1.685382574796676636e-01
6.104707345366477966e-02
1.163454875349998474e-01
-1.422859877347946167e-01
-1.069458723068237305e-01
-5.900974571704864502e-02
-6.365694105625152588e-02
-1.384759396314620972e-01
1.360934376716613770e-01
-1.522341668605804443e-01
2.121929973363876343e-01
-9.800076484680175781e-02
-2.264392077922821045e-01
-8.425953239202499390e-02
-4.041356593370437622e-02
2.942124307155609131e-01
-1.974878758192062378e-01
-2.046604305505752563e-01
-1.820798777043819427e-02
-6.506034731864929199e-02
-3.940541297197341919e-03
4.681834578514099121e-02
-3.616685792803764343e-02
9.454578161239624023e-02
-1.899488419294357300e-01
-3.559612929821014404e-01
-7.340621203184127808e-02
-4.039599746465682983e-02
-9.988585114479064941e-02
-8.462309837341308594e-03
-6.183995306491851807e-02
1.645113527774810791e-01
-2.264692336320877075e-01
3.293941169977188110e-02
4.801674932241439819e-02
1.734596490859985352e-01
2.866692841053009033e-02
-3.199836984276771545e-02
1.017368435859680176e-01
1.246558595448732376e-02
-2.720243930816650391e-01
-3.676337003707885742e-02
1.978819966316223145e-01
2.129274010658264160e-01
1.401968747377395630e-01
-2.939970791339874268e-02
1.706343516707420349e-02
-3.769453987479209900e-02
3.716139122843742371e-02
-1.534682512283325195e-01
-2.014219015836715698e-02
1.050607636570930481e-01
1.338693946599960327e-01
3.876387327909469604e-02
3.964308649301528931e-02
-1.874998807907104492e-01
-1.289674080908298492e-03
1.186274439096450806e-01
-1.726771295070648193e-01
-4.164693877100944519e-02
3.556564077734947205e-02
-1.332150548696517944e-01
-7.951150834560394287e-02
-1.062531173229217529e-01
2.742470204830169678e-01
1.566131711006164551e-01
-1.245051100850105286e-01
-1.879136711359024048e-01
2.020671963691711426e-01
-1.205078512430191040e-01
-1.076886877417564392e-01
8.763055317103862762e-03
-1.521507799625396729e-01
-1.278114616870880127e-01
-3.725113570690155029e-01
-2.884931117296218872e-02
2.824770808219909668e-01
1.068449914455413818e-01
-2.025089114904403687e-01
1.257474720478057861e-01
9.548580273985862732e-03
1.731008663773536682e-02
1.849935203790664673e-02
1.443989872932434082e-01
-5.908984318375587463e-02
1.377436965703964233e-01
-5.273641273379325867e-02
1.868929341435432434e-02
1.727730780839920044e-01
-3.278284333646297455e-03
2.082427032291889191e-02
1.526931673288345337e-01
-2.069130353629589081e-02
2.033293247222900391e-02
1.744755543768405914e-02
-4.553898796439170837e-02
-8.341529220342636108e-02
-2.373766340315341949e-02
-1.754334867000579834e-01
-3.993880003690719604e-02
-5.488482862710952759e-02
-2.284761704504489899e-02
-3.074146341532468796e-03
1.276060789823532104e-01
-1.901722699403762817e-01
1.014510020613670349e-01
2.461002767086029053e-02
-5.396362021565437317e-02
-8.153378963470458984e-02
1.351428180932998657e-01
-4.856955632567405701e-02
-9.001083672046661377e-02
7.455451041460037231e-02
-2.371025532484054565e-01
1.620400249958038330e-01
1.833064258098602295e-01
3.675831947475671768e-03
1.535057127475738525e-01
1.155428364872932434e-01
9.558100253343582153e-02
-3.658182173967361450e-02
6.615001708269119263e-03
-1.260707527399063110e-01
-6.032124534249305725e-02
1.468367427587509155e-01
-1.228771358728408813e-01
1.464312821626663208e-01
7.108201831579208374e-02
