-1.642669588327407837e-01
1.340189278125762939e-01
4.366462677717208862e-02
-1.457189768552780151e-01
-9.349372237920761108e-02
1.956040039658546448e-02
-6.327901035547256470e-02
-1.339038610458374023e-01
2.744504511356353760e-01
-2.163744717836380005e-01
2.469789683818817139e-01
-8.078783005475997925e-02
-1.732748150825500488e-01
-6.384795159101486206e-02
-1.872892677783966064e-02
2.065704464912414551e-01
-2.334427088499069214e-01
-1.319806575775146484e-01
1.821692846715450287e-02
-4.612683504819869995e-02
8.012562245130538940e-02
-1.478258892893791199e-02
-8.208377286791801453e-03
3.038674592971801758e-02
-1.736526191234588623e-01
-3.645579814910888672e-01
-1.171709746122360229e-01
-1.217665374279022217e-01
-1.654562726616859436e-02
-4.648389667272567749e-02
-9.212779812514781952e-03
5.982108041644096375e-02
-2.271618545055389404e-01
-1.795391552150249481e-02
-4.064602777361869812e-02
1.023472249507904053e-01
-5.219085142016410828e-03
3.821484744548797607e-03
1.291021704673767090e-01
-2.099732309579849243e-02
-2.277754396200180054e-01
-4.892092943191528320e-02
7.150779664516448975e-02
1.880942583084106445e-01
1.141378208994865417e-01
-5.765340477228164673e-02
1.609737798571586609e-02
-1.129812002182006836e-01
7.958315312862396240e-02
-1.093807071447372437e-01
-2.329923026263713837e-02
1.131351068615913391e-01
6.332802027463912964e-02
8.469260483980178833e-02
4.677364975214004517e-02
-9.918716549873352051e-02
3.123553469777107239e-02
1.246348917484283447e-01
-1.063243150711059570e-01
2.738951332867145538e-02
1.076759397983551025e-01
-1.469016671180725098e-01
-8.477447926998138428e-02
-4.034920036792755127e-02
2.859101295471191406e-01
1.502228826284408569e-01
-8.992725610733032227e-02
-2.447121888399124146e-01
1.242569908499717712e-01
-7.155892252922058105e-02
-9.322524070739746094e-02
4.724659770727157593e-02
-1.533316224813461304e-01
-1.362920254468917847e-01
-2.973254621028900146e-01
6.322131492197513580e-03
3.453316390514373779e-01
3.624178469181060791e-02
-1.715088933706283569e-01
1.080447658896446228e-01
-5.160000547766685486e-02
-4.180423170328140259e-02
1.046906560659408569e-01
2.191385775804519653e-01
8.235896006226539612e-03
6.766662001609802246e-02
-2.072454243898391724e-02
5.548011511564254761e-02
1.825375556945800781e-01
-8.475358039140701294e-02
3.087678365409374237e-02
1.625389605760574341e-01
-7.984645664691925049e-02
8.665412664413452148e-02
-2.089874260127544403e-02
-1.951056160032749176e-02
-1.205383539199829102e-01
4.063983634114265442e-02
-8.816643804311752319e-02
-1.868897117674350739e-02
2.444463595747947693e-02
-2.768444083631038666e-02
-5.351733788847923279e-02
9.542547911405563354e-02
-1.708091944456100464e-01
1.226220130920410156e-01
8.384114131331443787e-03
-7.951891049742698669e-03
-1.062563341110944748e-02
3.020858578383922577e-02
-1.016547344624996185e-02
-5.665568262338638306e-02
1.195136904716491699e-01
-2.191084623336791992e-01
2.341292500495910645e-01
1.505021750926971436e-01
-2.126974985003471375e-02
1.574007272720336914e-01
1.031709909439086914e-01
1.092184111475944519e-01
-2.611191943287849426e-03
5.427898839116096497e-02
-1.953635066747665405e-01
1.949938759207725525e-02
8.039146661758422852e-02
-6.851522624492645264e-02
3.985064104199409485e-02
-3.408738970756530762e-02
