-1.034924313426017761e-01
5.938633158802986145e-02
-3.018372878432273865e-02
-1.647568345069885254e-01
-1.354414820671081543e-01
-1.804726012051105499e-02
-9.254847466945648193e-02
-1.274003684520721436e-01
2.425140589475631714e-01
-2.049175649881362915e-01
2.311078608036041260e-01
-2.808617055416107178e-02
-1.889277994632720947e-01
-9.665230661630630493e-02
-7.778561860322952271e-02
2.218686044216156006e-01
-2.561306059360504150e-01
-2.007917761802673340e-01
9.895770810544490814e-03
-2.910133078694343567e-02
5.501569062471389771e-02
-1.172180566936731339e-02
3.045409917831420898e-02
6.068175286054611206e-02
-1.583890914916992188e-01
-3.564711213111877441e-01
-1.298112273216247559e-01
-1.266963183879852295e-01
-2.268535085022449493e-02
-3.833080455660820007e-02
2.440346404910087585e-02
2.780344337224960327e-02
-2.314362823963165283e-01
1.770414039492607117e-02
2.262806147336959839e-02
8.556867390871047974e-02
3.142558038234710693e-02
-4.806181043386459351e-02
1.365592926740646362e-01
-1.027237344533205032e-02
-2.991394996643066406e-01
-5.363658070564270020e-02
8.594180643558502197e-02
1.935561895370483398e-01
1.329901367425918579e-01
7.270679809153079987e-03
-1.966517977416515350e-02
-1.085057929158210754e-01
1.455355882644653320e-01
-1.649898439645767212e-01
1.952633261680603027e-02
9.058825671672821045e-02
5.323844775557518005e-02
6.527224555611610413e-03
1.528974249958992004e-02
-1.191711798310279846e-01
7.169227302074432373e-02
1.638230979442596436e-01
-2.032207995653152466e-01
-1.140878722071647644e-02
9.294072538614273071e-02
-1.094764545559883118e-01
-6.944450736045837402e-02
-8.221803605556488037e-02
2.445746511220932007e-01
1.346152275800704956e-01
-1.292292922735214233e-01
-2.638486623764038086e-01
1.548422127962112427e-01
-1.718209832906723022e-01
-7.734768837690353394e-02
9.400124847888946533e-02
-1.366245597600936890e-01
-1.906941533088684082e-01
-3.383551836013793945e-01
-3.343319892883300781e-02
4.330138862133026123e-01
1.255868822336196899e-01
-9.643041342496871948e-02
7.258272916078567505e-02
-8.638351224362850189e-03
-3.020294941961765289e-03
8.583945035934448242e-02
1.483706831932067871e-01
-2.540542185306549072e-02
5.447272956371307373e-02
-1.005187705159187317e-01
9.867263026535511017e-03
2.332808226346969604e-01
-5.914776399731636047e-02
-3.810933604836463928e-02
1.675254851579666138e-01
-9.068446606397628784e-02
1.145201995968818665e-01
-2.882083132863044739e-02
1.879668235778808594e-02
-9.976205229759216309e-02
6.676023453474044800e-02
-1.206373125314712524e-01
3.535298630595207214e-02
-3.519068658351898193e-02
-3.150099888443946838e-03
-5.179053172469139099e-02
8.126775920391082764e-02
-1.145712882280349731e-01
9.350587427616119385e-02
-1.019288226962089539e-02
-3.737462311983108521e-02
-7.681401073932647705e-02
4.824056476354598999e-02
-9.764850139617919922e-02
-7.091963291168212891e-02
1.088186949491500854e-01
-2.424142509698867798e-01
2.443652153015136719e-01
1.804734170436859131e-01
1.165947392582893372e-01
1.667317748069763184e-01
1.305369883775711060e-01
4.502962902188301086e-02
-2.223273552954196930e-02
-4.799781367182731628e-02
-2.379617691040039062e-01
-4.247358813881874084e-02
8.262845873832702637e-02
-1.199145466089248657e-01
1.301112323999404907e-01
-2.103909105062484741e-02
