-8.664435148239135742e-02
7.399138063192367554e-02
-1.446008402854204178e-02
-5.553629621863365173e-02
-1.572232097387313843e-01
-6.897430121898651123e-02
-4.034594446420669556e-02
-2.706172317266464233e-02
1.571382582187652588e-01
-9.733132272958755493e-02
2.517854869365692139e-01
-8.517923206090927124e-02
-2.215205430984497070e-01
-3.061803802847862244e-02
-1.074786931276321411e-01
2.367473989725112915e-01
-1.921361833810806274e-01
-1.791805028915405273e-01
-2.889386191964149475e-02
2.642874047160148621e-02
1.292448937892913818e-01
-3.155814111232757568e-02
2.949112839996814728e-02
6.663352996110916138e-02
-1.158998906612396240e-01
-3.646876811981201172e-01
-1.080319136381149292e-01
-7.735877484083175659e-02
-8.731831610202789307e-02
-1.275227516889572144e-01
5.660581588745117188e-02
3.429295867681503296e-02
-2.127552628517150879e-01
5.142537876963615417e-03
3.342648968100547791e-02
5.975392833352088928e-02
-2.975968271493911743e-02
-8.113715797662734985e-02
1.642325520515441895e-01
5.908362567424774170e-03
-3.099267482757568359e-01
2.037128061056137085e-02
9.887755662202835083e-02
2.618840932846069336e-01
1.561326831579208374e-01
-1.253667287528514862e-04
9.327715262770652771e-03
-1.301811635494232178e-01
1.186730414628982544e-01
-1.731741726398468018e-01
-1.808653399348258972e-02
1.439815014600753784e-01
7.311817258596420288e-02
2.861875668168067932e-02
5.025883205235004425e-03
-4.784766584634780884e-02
4.865733534097671509e-02
1.373005658388137817e-01
-1.498423516750335693e-01
-1.568733528256416321e-02
8.612947911024093628e-02
-3.174486011266708374e-02
-4.224154353141784668e-02
-1.316841542720794678e-01
2.397327721118927002e-01
3.403107821941375732e-02
-1.646153777837753296e-01
-2.086612433195114136e-01
1.342591345310211182e-01
-1.661553084850311279e-01
-6.905131787061691284e-02
1.416938900947570801e-01
-1.607476770877838135e-01
-2.447326928377151489e-01
-2.881230115890502930e-01
-2.078326046466827393e-02
4.071913659572601318e-01
3.855883330106735229e-02
-1.006350740790367126e-01
9.321139752864837646e-02
-3.137492761015892029e-02
-7.198867388069629669e-04
3.610741347074508667e-03
1.996774375438690186e-01
1.532967016100883484e-02
1.005577594041824341e-01
-1.306446939706802368e-01
5.492240190505981445e-02
2.591745257377624512e-01
-1.253897249698638916e-01
-1.143766101449728012e-02
2.400990724563598633e-01
-3.610238432884216309e-02
7.239310443401336670e-02
-9.878119453787803650e-03
3.023681044578552246e-02
-4.647725820541381836e-02
4.151039570569992065e-02
-1.164755895733833313e-01
1.515611354261636734e-02
-2.991644293069839478e-02
-3.974986076354980469e-02
-8.670679479837417603e-02
3.799081221222877502e-02
-9.280543774366378784e-02
4.313959926366806030e-02
-1.454409491270780563e-02
4.861922934651374817e-02
-6.987161189317703247e-02
2.419690601527690887e-02
-1.154789924621582031e-01
-9.955753386020660400e-02
8.753439038991928101e-02
-2.574161589145660400e-01
1.876958310604095459e-01
1.573873907327651978e-01
8.714248239994049072e-02
4.741386696696281433e-02
1.107615008950233459e-01
5.090178549289703369e-02
-3.466264344751834869e-03
-6.043541803956031799e-02
-2.185383439064025879e-01
2.466204576194286346e-02
6.772421300411224365e-02
-4.615971446037292480e-02
4.589103162288665771e-02
-4.004447534680366516e-02
