-8.333110064268112183e-02
1.047703623771667480e-01
7.096146792173385620e-02
-1.482011377811431885e-01
-1.451820731163024902e-01
-8.032165467739105225e-02
-7.043077796697616577e-02
-8.554583787918090820e-02
1.829134970903396606e-01
-1.735648512840270996e-01
2.166359126567840576e-01
-5.079367011785507202e-02
-1.657066196203231812e-01
-9.130478650331497192e-02
-5.178280919790267944e-02
2.277446985244750977e-01
-2.579849362373352051e-01
-1.907320171594619751e-01
-1.624243333935737610e-02
-5.796090234071016312e-03
6.438826024532318115e-02
2.936370298266410828e-02
3.121078945696353912e-02
3.643337264657020569e-02
-1.248183995485305786e-01
-4.090036153793334961e-01
-8.859125524759292603e-02
-7.622125744819641113e-02
-2.180135250091552734e-02
-4.904414061456918716e-03
-7.981381379067897797e-03
2.707262896001338959e-02
-2.471112757921218872e-01
-3.879368677735328674e-02
2.602727338671684265e-02
8.214477449655532837e-02
1.672304794192314148e-02
-6.520931422710418701e-02
1.231875419616699219e-01
3.625656478106975555e-03
-2.577020525932312012e-01
-3.056214004755020142e-02
9.739641845226287842e-02
2.087097316980361938e-01
1.236086711287498474e-01
4.685719683766365051e-02
1.879704184830188751e-02
-8.459302037954330444e-02
8.652714639902114868e-02
-1.489595174789428711e-01
1.838025823235511780e-02
7.035947591066360474e-02
6.196887791156768799e-02
4.593142494559288025e-02
3.737359493970870972e-02
-1.195613816380500793e-01
6.869594752788543701e-02
1.117339581251144409e-01
-1.785550713539123535e-01
-4.789542779326438904e-02
6.691505759954452515e-02
-9.007743000984191895e-02
-5.545635148882865906e-02
-9.693134576082229614e-02
3.138385415077209473e-01
1.068519800901412964e-01
-8.406855165958404541e-02
-1.936941295862197876e-01
1.580352187156677246e-01
-1.407690495252609253e-01
-9.645885229110717773e-02
2.186437696218490601e-02
-1.000343114137649536e-01
-9.172033518552780151e-02
-2.949186861515045166e-01
-4.904742166399955750e-02
3.210540413856506348e-01
1.281987726688385010e-01
-1.796176284551620483e-01
5.188565701246261597e-02
-2.499126642942428589e-02
3.153366222977638245e-02
8.231779932975769043e-02
1.467638909816741943e-01
-3.709556907415390015e-02
1.495850235223770142e-01
-1.054911091923713684e-01
1.206611655652523041e-02
1.838948130607604980e-01
-6.307104229927062988e-02
-1.321233622729778290e-02
2.153890877962112427e-01
-1.099179126322269440e-02
7.800550013780593872e-02
3.854773193597793579e-02
-6.384754180908203125e-02
-1.006445437669754028e-01
3.827568143606185913e-02
-1.535474359989166260e-01
-1.537117362022399902e-02
4.748680442571640015e-02
2.027575671672821045e-02
-4.110982269048690796e-02
1.104896292090415955e-01
-1.311682760715484619e-01
7.341152429580688477e-02
-3.233071789145469666e-02
-2.277202159166336060e-02
-3.803038597106933594e-02
5.690308287739753723e-02
-4.315460473299026489e-02
-1.403745561838150024e-01
6.852947920560836792e-02
-1.850408911705017090e-01
1.887386590242385864e-01
1.736345887184143066e-01
2.178966812789440155e-02
1.647826135158538818e-01
9.513270854949951172e-02
6.733910739421844482e-02
-4.766976460814476013e-02
-3.507257252931594849e-02
-1.841516047716140747e-01
-3.877850621938705444e-02
1.087757870554924011e-01
-7.271905988454818726e-02
1.468815505504608154e-01
1.506088674068450928e-02
