-1.608582884073257446e-01
6.473089009523391724e-02
6.425718963146209717e-02
-1.138518452644348145e-01
-1.482703685760498047e-01
-5.694680660963058472e-02
-5.973213911056518555e-02
-1.495523303747177124e-01
2.242884933948516846e-01
-1.579617559909820557e-01
2.006566822528839111e-01
-1.293014548718929291e-02
-1.686827242374420166e-01
-1.106119081377983093e-01
3.009152598679065704e-03
2.066811621189117432e-01
-2.142287045717239380e-01
-1.754833310842514038e-01
1.823434606194496155e-03
9.312813170254230499e-03
7.506138086318969727e-02
-1.668855547904968262e-02
8.203998208045959473e-02
3.686531633138656616e-02
-8.381463587284088135e-02
-4.208090603351593018e-01
-8.252207934856414795e-02
-8.705353736877441406e-02
2.739399112761020660e-02
-1.925504021346569061e-02
5.538988858461380005e-03
6.799474358558654785e-03
-1.891550719738006592e-01
-3.862541168928146362e-02
-1.925050839781761169e-02
1.177403777837753296e-01
-1.156803593039512634e-02
-6.221509724855422974e-02
1.925824284553527832e-01
2.528858743607997894e-02
-3.369448781013488770e-01
2.364177629351615906e-02
5.588479340076446533e-02
2.349403053522109985e-01
1.768321096897125244e-01
3.379955142736434937e-02
3.467564657330513000e-02
-1.597770005464553833e-01
1.738021373748779297e-01
-1.655027568340301514e-01
2.786627039313316345e-02
1.016465425491333008e-01
7.178533822298049927e-02
-2.899515256285667419e-02
4.683029651641845703e-02
-1.193492710590362549e-01
6.285152584314346313e-02
1.030370816588401794e-01
-2.419637441635131836e-01
3.801246359944343567e-02
1.608307361602783203e-01
-7.514996826648712158e-02
-2.562274597585201263e-02
-9.965854138135910034e-02
2.552711367607116699e-01
1.315128207206726074e-01
-1.144576370716094971e-01
-1.948836594820022583e-01
8.896274864673614502e-02
-1.242823749780654907e-01
-9.016707539558410645e-02
6.826966255903244019e-02
-1.590104848146438599e-01
-1.854496896266937256e-01
-2.981340885162353516e-01
-1.868350431323051453e-02
4.390287995338439941e-01
7.764787971973419189e-02
-1.351842135190963745e-01
3.464165329933166504e-02
-4.301438480615615845e-02
-2.191057056188583374e-02
1.292382329702377319e-01
2.087085545063018799e-01
3.968872129917144775e-03
1.171788107603788376e-02
-8.497323840856552124e-02
-1.760290190577507019e-02
1.907390654087066650e-01
-6.332956254482269287e-02
-9.750301018357276917e-03
2.000756710767745972e-01
-4.091242328286170959e-03
1.066384613513946533e-01
-5.298050865530967712e-02
3.185246884822845459e-02
-1.392469406127929688e-01
1.356301456689834595e-01
-1.385503560304641724e-01
-2.462873980402946472e-02
-6.202377378940582275e-03
-1.640136912465095520e-02
5.533248931169509888e-02
3.265460208058357239e-02
-1.741453111171722412e-01
1.367872804403305054e-01
1.260102726519107819e-02
2.284196391701698303e-02
2.326347678899765015e-02
1.401920430362224579e-02
-7.629375904798507690e-02
-6.349752843379974365e-02
8.294868469238281250e-02
-2.228703796863555908e-01
2.611388564109802246e-01
2.077173441648483276e-01
9.126748144626617432e-02
1.569051891565322876e-01
1.304377317428588867e-01
7.646393775939941406e-02
3.744259942322969437e-03
3.016381710767745972e-02
-1.848599016666412354e-01
2.536349371075630188e-02
5.521375313401222229e-02
-6.364594399929046631e-02
1.286625117063522339e-01
3.970950841903686523e-02
