-1.494907140731811523e-01
3.375557437539100647e-02
1.351325958967208862e-02
-1.538987308740615845e-01
-1.249263286590576172e-01
-2.932504750788211823e-02
-5.133872479200363159e-02
-9.584503620862960815e-02
1.693866699934005737e-01
-2.279218286275863647e-01
2.439312934875488281e-01
-9.630815684795379639e-02
-1.935014277696609497e-01
-6.117874756455421448e-02
-6.931127607822418213e-02
2.192406803369522095e-01
-2.010706961154937744e-01
-1.637043207883834839e-01
-2.185539901256561279e-02
-2.251901663839817047e-02
7.544689625501632690e-02
-1.271090656518936157e-02
-1.541575044393539429e-02
7.790695130825042725e-02
-8.967205137014389038e-02
-3.875448405742645264e-01
-1.084529012441635132e-01
-5.889915674924850464e-02
3.565395250916481018e-02
-4.084122925996780396e-02
2.562141977250576019e-03
2.334883809089660645e-02
-2.488315999507904053e-01
-5.520958453416824341e-02
1.003951299935579300e-02
1.173259466886520386e-01
1.226297300308942795e-02
-8.369382470846176147e-02
1.353436708450317383e-01
2.746628969907760620e-02
-2.145880162715911865e-01
4.343234002590179443e-03
8.649496734142303467e-02
2.314111441373825073e-01
6.708329916000366211e-02
9.521552175283432007e-02
2.415461838245391846e-02
-1.001464128494262695e-01
1.581906676292419434e-01
-1.963024139404296875e-01
2.428736537694931030e-03
5.238210409879684448e-02
7.569932192564010620e-02
9.932958520948886871e-03
5.612748116254806519e-02
-1.592262089252471924e-01
9.380488842725753784e-02
1.576210707426071167e-01
-2.066510766744613647e-01
3.990575671195983887e-02
5.577643960714340210e-02
-3.081899695098400116e-02
-2.192484214901924133e-02
-9.721673280000686646e-02
2.758370935916900635e-01
1.445696800947189331e-01
-8.809243887662887573e-02
-1.794269382953643799e-01
1.978707164525985718e-01
-1.062867045402526855e-01
-4.414205253124237061e-02
4.043385386466979980e-02
-1.191685646772384644e-01
-1.361321955919265747e-01
-2.410503327846527100e-01
2.172820270061492920e-03
4.190302491188049316e-01
1.131851896643638611e-01
-9.064125269651412964e-02
5.724747478961944580e-02
3.382271528244018555e-02
-6.411720067262649536e-03
1.145735457539558411e-01
1.333431154489517212e-01
-4.018311202526092529e-02
1.826786249876022339e-02
-4.991565644741058350e-02
2.765683829784393311e-02
2.085264623165130615e-01
-1.322031021118164062e-04
-1.557592395693063736e-02
1.474124640226364136e-01
-5.440029874444007874e-02
7.491870969533920288e-02
7.346427068114280701e-03
-2.543658018112182617e-02
-1.512902081012725830e-01
7.467446476221084595e-02
-1.066626980900764465e-01
1.809079386293888092e-02
4.796851426362991333e-04
-2.920633554458618164e-02
-1.592941954731941223e-02
8.451674133539199829e-02
-1.348201334476470947e-01
1.008970960974693298e-01
-6.365707516670227051e-02
-2.900586277246475220e-02
-4.557308927178382874e-02
7.367746531963348389e-02
-7.287677377462387085e-02
-5.440556444227695465e-03
4.950201511383056641e-02
-2.224054932594299316e-01
2.444838285446166992e-01
1.858320534229278564e-01
4.251867532730102539e-02
1.464507132768630981e-01
1.123548895120620728e-01
4.611336812376976013e-02
3.719048947095870972e-02
1.860421523451805115e-02
-2.370975464582443237e-01
-9.340360760688781738e-02
9.466967731714248657e-02
-1.121008321642875671e-01
1.219363212585449219e-01
-2.403491362929344177e-02
