-1.598477363586425781e-01
6.852560490369796753e-02
6.680935621261596680e-02
-2.026198506355285645e-01
-1.610659807920455933e-01
-1.152160391211509705e-02
-9.822820872068405151e-02
-1.084477156400680542e-01
1.692230254411697388e-01
-1.592779606580734253e-01
2.835390567779541016e-01
-5.429447814822196960e-02
-1.952151358127593994e-01
-7.862767577171325684e-02
-9.212624281644821167e-03
2.345497310161590576e-01
-2.278989404439926147e-01
-1.705128848552703857e-01
-1.652352884411811829e-02
1.267646532505750656e-02
9.316742420196533203e-02
-1.678620651364326477e-02
3.175519779324531555e-02
7.064547389745712280e-02
-1.326766312122344971e-01
-4.227788448333740234e-01
-9.431381523609161377e-02
-4.360286146402359009e-02
-1.792931929230690002e-02
-6.175660341978073120e-02
3.392333164811134338e-02
1.567670144140720367e-02
-2.731323838233947754e-01
-7.581492885947227478e-03
-8.627544157207012177e-03
1.354737579822540283e-01
-6.847930140793323517e-03
-1.397674977779388428e-01
1.001503467559814453e-01
2.348290011286735535e-02
-3.233116269111633301e-01
-1.400563307106494904e-02
6.522096693515777588e-02
2.027272284030914307e-01
1.584331095218658447e-01
1.821258664131164551e-02
4.339737445116043091e-02
-1.215828582644462585e-01
9.844744205474853516e-02
-1.556915193796157837e-01
4.474414139986038208e-02
1.127607300877571106e-01
4.335073381662368774e-02
-4.917176812887191772e-02
4.951108247041702271e-02
-1.044850647449493408e-01
7.697165012359619141e-02
1.722763031721115112e-01
-2.112421691417694092e-01
-4.383324831724166870e-02
1.417225450277328491e-01
-4.734343290328979492e-02
6.087301298975944519e-04
-1.690407246351242065e-01
2.421582937240600586e-01
1.468871235847473145e-01
-9.857532382011413574e-02
-2.209542542695999146e-01
1.644622683525085449e-01
-8.318073302507400513e-02
-6.743635982275009155e-02
6.804504990577697754e-02
-1.963183432817459106e-01
-1.887721866369247437e-01
-3.137625455856323242e-01
-9.841211140155792236e-04
3.781452476978302002e-01
1.050128787755966187e-01
-1.310728043317794800e-01
3.544266894459724426e-02
-1.079430058598518372e-02
1.336286868900060654e-02
7.817335426807403564e-02
1.846601814031600952e-01
2.344225905835628510e-02
3.102982044219970703e-02
-8.441971987485885620e-02
2.429999038577079773e-02
2.079520970582962036e-01
-3.137200698256492615e-02
1.626475527882575989e-02
2.069151401519775391e-01
-4.106515645980834961e-02
-3.477567434310913086e-02
-2.804486546665430069e-03
-6.099448073655366898e-03
-1.427525728940963745e-01
8.479189127683639526e-02
-1.239357665181159973e-01
-1.785323210060596466e-02
-6.797442585229873657e-02
-1.259402651339769363e-02
-2.358558215200901031e-02
1.339013576507568359e-01
-1.521800905466079712e-01
7.998381555080413818e-02
-3.747590631246566772e-02
-3.071519732475280762e-02
-2.585531398653984070e-02
1.005136687308549881e-02
-4.445679113268852234e-02
-1.333878487348556519e-01
6.206135824322700500e-02
-2.019348442554473877e-01
1.590628921985626221e-01
1.988203674554824829e-01
9.488337486982345581e-02
1.277354210615158081e-01
1.073513329029083252e-01
1.290718317031860352e-01
-1.658656634390354156e-02
1.503468584269285202e-02
-2.293801307678222656e-01
1.222736760973930359e-02
6.591484695672988892e-02
-8.462472259998321533e-02
9.961756318807601929e-02
-3.185112494975328445e-03
