-1.437800228595733643e-01
1.583821773529052734e-01
2.419089898467063904e-02
-1.282668858766555786e-01
-1.775486767292022705e-01
2.836082130670547485e-04
-6.505981087684631348e-02
-9.810663759708404541e-02
2.364805489778518677e-01
-1.685393154621124268e-01
2.770170867443084717e-01
-6.475400179624557495e-02
-1.737682819366455078e-01
-7.619988918304443359e-02
-2.848082594573497772e-02
2.181555032730102539e-01
-2.466416805982589722e-01
-1.680939346551895142e-01
-3.330893814563751221e-02
-1.615492999553680420e-02
8.010569959878921509e-02
5.179000552743673325e-03
-1.923139393329620361e-02
4.569520056247711182e-02
-1.699412912130355835e-01
-3.787675201892852783e-01
-1.244446169584989548e-02
-5.027335137128829956e-02
4.698305577039718628e-02
-8.622793853282928467e-02
-6.547668017446994781e-03
3.618088364601135254e-02
-2.324308902025222778e-01
-4.547607526183128357e-02
2.122802101075649261e-02
1.708486527204513550e-01
-2.000808902084827423e-02
-3.789675235748291016e-02
1.291994750499725342e-01
-8.580067194998264313e-03
-2.894362807273864746e-01
1.046290155500173569e-02
7.719014585018157959e-02
2.264227271080017090e-01
1.116113737225532532e-01
2.296442724764347076e-02
-1.017188653349876404e-03
-1.566895693540573120e-01
1.678854078054428101e-01
-1.868906468152999878e-01
-2.493903413414955139e-02
1.114644482731819153e-01
5.643748119473457336e-02
1.931562460958957672e-02
5.637247860431671143e-02
-1.161558181047439575e-01
5.416087061166763306e-02
1.148012503981590271e-01
-1.919589340686798096e-01
-3.281085193157196045e-02
1.084717661142349243e-01
-8.914888650178909302e-02
-5.124275386333465576e-02
-1.390933245420455933e-01
2.283218652009963989e-01
9.162941575050354004e-02
-7.783974707126617432e-02
-2.199246287345886230e-01
9.369991719722747803e-02
-1.173618584871292114e-01
-1.295284032821655273e-01
9.577408432960510254e-02
-5.507858842611312866e-02
-1.454976946115493774e-01
-3.273990750312805176e-01
-4.231550544500350952e-02
4.080709218978881836e-01
9.377162903547286987e-02
-1.602519601583480835e-01
6.986739486455917358e-02
1.942921057343482971e-02
-6.999094039201736450e-02
8.927168697118759155e-02
1.550990790128707886e-01
-2.408472634851932526e-02
7.112409919500350952e-02
-1.020324304699897766e-01
3.124849312007427216e-02
2.431947886943817139e-01
-5.845069885253906250e-02
4.131064936518669128e-02
1.688406914472579956e-01
-4.316845908761024475e-03
9.247367084026336670e-02
-1.937549188733100891e-02
3.138032043352723122e-03
-1.767540276050567627e-01
7.023146748542785645e-02
-1.200729385018348694e-01
-5.688881129026412964e-02
3.264832496643066406e-02
-1.037347130477428436e-02
-2.786833420395851135e-02
7.187721133232116699e-02
-1.992633789777755737e-01
1.680836826562881470e-01
-6.126332562416791916e-03
-1.685020886361598969e-02
-9.351881220936775208e-03
1.612884178757667542e-02
-2.895084023475646973e-02
-3.299843147397041321e-02
1.074935644865036011e-01
-2.360856980085372925e-01
2.254378795623779297e-01
1.802408993244171143e-01
6.522016972303390503e-02
1.445599496364593506e-01
1.379431188106536865e-01
1.819706708192825317e-02
-1.180211734026670456e-02
2.831925638020038605e-02
-1.968743801116943359e-01
-7.179874181747436523e-02
4.992992430925369263e-02
-1.370874047279357910e-01
1.067843884229660034e-01
-1.917824521660804749e-02
