-1.449123471975326538e-01
8.568626642227172852e-02
2.573114074766635895e-02
-1.034093499183654785e-01
-1.212474256753921509e-01
-3.331983089447021484e-02
-6.835330277681350708e-02
-1.343138217926025391e-01
1.381060481071472168e-01
-1.301638484001159668e-01
2.455243021249771118e-01
-1.185112595558166504e-01
-1.784316003322601318e-01
-9.151623398065567017e-02
-5.210449919104576111e-02
2.333370447158813477e-01
-1.757300496101379395e-01
-1.545258164405822754e-01
-2.579932473599910736e-02
6.348981522023677826e-03
5.579108744859695435e-02
-3.242249786853790283e-02
2.423507533967494965e-02
5.564092099666595459e-02
-1.294861286878585815e-01
-3.774625062942504883e-01
-1.000505089759826660e-01
-1.012935340404510498e-01
-2.596732228994369507e-03
1.341007184237241745e-02
-2.621943876147270203e-02
3.413272276520729065e-02
-2.204906046390533447e-01
-2.848456986248493195e-02
3.873917087912559509e-02
9.708824008703231812e-02
1.565825380384922028e-02
-5.130930989980697632e-02
1.137936040759086609e-01
-4.411199130117893219e-03
-2.795230448246002197e-01
2.303913049399852753e-02
8.507068455219268799e-02
2.019784599542617798e-01
9.765689820051193237e-02
4.354316368699073792e-02
6.137763708829879761e-02
-1.656479537487030029e-01
1.022334024310112000e-01
-1.203504279255867004e-01
2.958325296640396118e-02
9.037936478853225708e-02
4.635512083768844604e-02
3.088125959038734436e-02
2.413501963019371033e-02
-1.239967197179794312e-01
9.023141860961914062e-02
1.087389737367630005e-01
-1.909381598234176636e-01
7.434965111315250397e-03
1.230273246765136719e-01
2.076822333037853241e-03
-5.705121904611587524e-02
-1.254105567932128906e-01
2.463039755821228027e-01
1.579036861658096313e-01
-1.156508848071098328e-01
-2.315773665904998779e-01
1.321400701999664307e-01
-1.407601833343505859e-01
-6.713354587554931641e-02
7.637555152177810669e-02
-1.405697613954544067e-01
-1.652851849794387817e-01
-3.257559239864349365e-01
-2.417007088661193848e-02
4.085543155670166016e-01
1.084468811750411987e-01
-1.550454050302505493e-01
4.374031350016593933e-02
-8.965400978922843933e-03
9.273814037442207336e-03
1.293079257011413574e-01
1.736040115356445312e-01
-2.282031066715717316e-02
6.948331743478775024e-02
-4.390044882893562317e-02
-1.842403411865234375e-02
2.195257544517517090e-01
-4.643124341964721680e-02
-1.603937335312366486e-02
1.835286170244216919e-01
-2.930644340813159943e-02
6.539678573608398438e-02
-7.105479482561349869e-03
2.397133223712444305e-02
-8.657029271125793457e-02
5.290447548031806946e-02
-8.385490626096725464e-02
1.423444971442222595e-02
-2.274597436189651489e-02
-3.902823477983474731e-02
-2.046041749417781830e-02
6.666775792837142944e-02
-1.713721156120300293e-01
1.200760975480079651e-01
-1.594498194754123688e-02
3.072411939501762390e-02
-2.602173760533332825e-02
6.767853349447250366e-02
-4.384163767099380493e-02
-4.347169771790504456e-02
8.449874818325042725e-02
-2.396561950445175171e-01
2.245261371135711670e-01
1.845798790454864502e-01
7.647610455751419067e-02
1.065576896071434021e-01
1.300089955329895020e-01
8.039493113756179810e-02
-1.337087992578744888e-02
1.309717819094657898e-02
-2.068846523761749268e-01
-3.863383457064628601e-02
7.052432745695114136e-02
-1.121105924248695374e-01
8.642023056745529175e-02
1.109855063259601593e-02
