-1.282039433717727661e-01
7.199703902006149292e-02
1.789923571050167084e-02
-1.393543481826782227e-01
-1.152279525995254517e-01
4.819973930716514587e-02
-6.338049471378326416e-02
-1.259516328573226929e-01
1.683605462312698364e-01
-2.228234559297561646e-01
2.676119208335876465e-01
-8.953952789306640625e-02
-2.119987308979034424e-01
-7.767479866743087769e-02
-7.350067794322967529e-02
2.393129616975784302e-01
-2.593828141689300537e-01
-1.587545573711395264e-01
-1.143227610737085342e-02
-7.694261148571968079e-04
3.220419213175773621e-02
-4.198157042264938354e-02
3.679798915982246399e-02
6.153159588575363159e-02
-8.978641033172607422e-02
-4.187096357345581055e-01
-7.923815399408340454e-02
-4.761910066008567810e-02
1.750168390572071075e-03
-4.635277763009071350e-02
-7.093453407287597656e-02
1.026428863406181335e-02
-2.120835930109024048e-01
-7.016059011220932007e-03
-4.559795185923576355e-02
1.322783231735229492e-01
-1.737652905285358429e-02
-1.098448485136032104e-01
1.513998657464981079e-01
3.298934549093246460e-03
-2.785954177379608154e-01
3.389844298362731934e-02
5.296507105231285095e-02
2.559903860092163086e-01
2.101750373840332031e-01
3.268437460064888000e-02
-2.709170803427696228e-02
-1.449880003929138184e-01
1.608201414346694946e-01
-2.370419353246688843e-01
-1.871246472001075745e-02
7.836428284645080566e-02
3.150838613510131836e-02
2.543340437114238739e-03
-2.808545343577861786e-02
-1.177452206611633301e-01
5.055415630340576172e-02
1.014730632305145264e-01
-1.706745028495788574e-01
-6.224026530981063843e-02
8.017278462648391724e-02
-5.324065312743186951e-02
2.600257843732833862e-02
-1.390556097030639648e-01
2.268366068601608276e-01
1.475957334041595459e-01
-1.208838075399398804e-01
-1.865442395210266113e-01
1.323794722557067871e-01
-1.737951040267944336e-01
-3.188691660761833191e-02
5.617182701826095581e-02
-9.668942540884017944e-02
-2.113956958055496216e-01
-2.795722484588623047e-01
-2.805458381772041321e-02
4.009256660938262939e-01
1.514179110527038574e-01
-1.190033629536628723e-01
2.758508082479238510e-03
-1.312354020774364471e-02
-3.391325101256370544e-02
1.725140064954757690e-01
1.857045590877532959e-01
1.248364523053169250e-02
1.349728368222713470e-02
-1.117410585284233093e-01
4.546064883470535278e-04
2.484297901391983032e-01
-5.966887995600700378e-02
-1.606171205639839172e-02
2.219111025333404541e-01
-1.300114393234252930e-02
8.303063362836837769e-02
2.634932100772857666e-02
9.323705732822418213e-02
-1.287113726139068604e-01
1.421277970075607300e-01
-1.707026958465576172e-01
6.434416025876998901e-02
-4.848906770348548889e-02
-4.602573812007904053e-02
-1.546080037951469421e-02
7.041691988706588745e-02
-1.452166736125946045e-01
1.676460951566696167e-01
-2.643281966447830200e-02
1.388053596019744873e-02
1.568976975977420807e-02
-3.563985973596572876e-02
-5.270256474614143372e-02
-3.398193791508674622e-02
1.137534603476524353e-01
-2.505278587341308594e-01
1.312777996063232422e-01
2.216582894325256348e-01
8.375098556280136108e-02
1.860276311635971069e-01
1.415533423423767090e-01
8.104250580072402954e-02
-2.623362466692924500e-02
-2.880052104592323303e-02
-2.827202379703521729e-01
-2.258889749646186829e-02
4.546509310603141785e-02
-9.143363684415817261e-02
1.051093265414237976e-01
1.053928863257169724e-02
