-1.120508983731269836e-01
8.413856476545333862e-02
3.615322709083557129e-02
-1.093186363577842712e-01
-1.747562587261199951e-01
-2.179723791778087616e-02
-5.529708042740821838e-02
-1.378598511219024658e-01
1.450211107730865479e-01
-1.556333154439926147e-01
2.854877412319183350e-01
-9.266470372676849365e-02
-2.316076308488845825e-01
-4.267366975545883179e-02
-5.053303390741348267e-02
1.939569115638732910e-01
-2.327366471290588379e-01
-1.124228686094284058e-01
-3.554348275065422058e-02
1.292439829558134079e-02
3.582972660660743713e-02
1.952731609344482422e-02
8.695908635854721069e-02
4.483190178871154785e-02
-1.230091080069541931e-01
-4.040736854076385498e-01
-8.254889398813247681e-02
-8.927790075540542603e-02
1.328502967953681946e-02
-3.175371885299682617e-02
-5.323282256722450256e-02
5.590888112783432007e-02
-2.116229683160781860e-01
-1.911743357777595520e-02
4.326041787862777710e-02
1.239897906780242920e-01
-1.083023659884929657e-02
-7.256109267473220825e-02
1.350972503423690796e-01
-4.729429259896278381e-02
-2.555666863918304443e-01
-2.801606059074401855e-02
6.391687691211700439e-02
2.433043420314788818e-01
9.015608578920364380e-02
9.775820188224315643e-03
2.951698563992977142e-02
-1.382308304309844971e-01
8.802988380193710327e-02
-1.240874677896499634e-01
-3.539070487022399902e-03
9.026919305324554443e-02
1.620626449584960938e-02
-1.022084988653659821e-02
-2.968500368297100067e-03
-9.313409030437469482e-02
6.278850138187408447e-02
1.349231898784637451e-01
-1.550578922033309937e-01
-2.483875304460525513e-02
1.474229097366333008e-01
-6.332556158304214478e-02
-5.496815964579582214e-02
-1.310273259878158569e-01
2.859844565391540527e-01
1.118715032935142517e-01
-1.133668944239616394e-01
-2.185182124376296997e-01
8.181561529636383057e-02
-1.354720890522003174e-01
-8.041872084140777588e-02
5.010940134525299072e-02
-1.776562631130218506e-01
-1.546762287616729736e-01
-2.775147855281829834e-01
-3.615757077932357788e-02
3.756445646286010742e-01
6.077971681952476501e-02
-1.276407092809677124e-01
3.978985175490379333e-02
5.073556210845708847e-03
-7.946804165840148926e-03
1.205929666757583618e-01
1.680878549814224243e-01
-3.806711733341217041e-02
1.093441769480705261e-01
-1.031848564743995667e-01
8.225973695516586304e-02
2.419416308403015137e-01
-1.209330186247825623e-01
3.415975254029035568e-03
1.881005018949508667e-01
-4.199033603072166443e-02
4.453141614794731140e-02
2.723514847457408905e-02
-1.596601307392120361e-02
-1.020734757184982300e-01
6.617140769958496094e-02
-1.490964293479919434e-01
3.893694654107093811e-02
5.967309325933456421e-02
-5.496693775057792664e-02
-2.600618638098239899e-02
8.981694281101226807e-02
-1.521827280521392822e-01
6.715140491724014282e-02
-3.505874797701835632e-02
-2.502810396254062653e-02
3.929121419787406921e-02
-3.342948481440544128e-02
-9.578534215688705444e-02
-1.081524640321731567e-01
1.327209025621414185e-01
-2.173544615507125854e-01
2.136672735214233398e-01
1.837157458066940308e-01
1.083079576492309570e-01
1.140464693307876587e-01
1.011532247066497803e-01
5.138527974486351013e-02
-1.757929287850856781e-02
5.056128650903701782e-02
-2.130590826272964478e-01
-1.923446729779243469e-02
1.291296035051345825e-01
-9.429212659597396851e-02
1.084323897957801819e-01
-5.782575905323028564e-02
