-1.492974907159805298e-01
4.464602842926979065e-02
5.196663737297058105e-02
-1.327335089445114136e-01
-1.752239167690277100e-01
-1.009273249655961990e-02
-1.082328408956527710e-01
-1.310818344354629517e-01
1.423954963684082031e-01
-1.656451970338821411e-01
2.803715467453002930e-01
-8.188550174236297607e-02
-2.136236876249313354e-01
-6.424975395202636719e-02
-6.356395781040191650e-02
2.033402025699615479e-01
-1.888561397790908813e-01
-1.427910178899765015e-01
2.664069272577762604e-02
-1.032743975520133972e-02
8.334616571664810181e-02
9.906760416924953461e-03
-1.019594818353652954e-02
1.111015398055315018e-02
-9.232481569051742554e-02
-4.200558364391326904e-01
-1.099229902029037476e-01
-9.262675791978836060e-02
4.816865548491477966e-04
-2.880655229091644287e-03
-1.718979701399803162e-02
3.660875558853149414e-02
-1.585879027843475342e-01
-2.039544843137264252e-02
3.498673066496849060e-02
1.004198789596557617e-01
2.511767204850912094e-03
-6.876616925001144409e-02
1.001516878604888916e-01
3.049243241548538208e-03
-2.955088317394256592e-01
3.821170702576637268e-02
6.620152294635772705e-02
1.865819543600082397e-01
1.465068608522415161e-01
7.290018349885940552e-02
3.374389559030532837e-02
-1.954887509346008301e-01
1.346752047538757324e-01
-2.039343416690826416e-01
3.285571187734603882e-02
1.287401318550109863e-01
4.179026558995246887e-02
-3.177458420395851135e-03
6.683236360549926758e-02
-1.001017391681671143e-01
5.889964103698730469e-02
1.012892648577690125e-01
-2.102612704038619995e-01
-1.255678012967109680e-02
1.439510285854339600e-01
8.400129154324531555e-03
-7.946010679006576538e-03
-1.640875339508056641e-01
1.990683972835540771e-01
1.513418555259704590e-01
-1.227425336837768555e-01
-2.142118811607360840e-01
1.194107457995414734e-01
-1.682811528444290161e-01
-1.302903294563293457e-01
9.684184938669204712e-02
-1.402684301137924194e-01
-2.012649029493331909e-01
-2.989139854907989502e-01
-2.198323421180248260e-02
4.177052080631256104e-01
1.689177006483078003e-01
-1.218769922852516174e-01
2.581017836928367615e-02
-1.695683412253856659e-02
-1.317444909363985062e-02
1.437403559684753418e-01
1.299567222595214844e-01
1.746033318340778351e-02
-5.593114532530307770e-03
-6.468452513217926025e-02
-4.322408139705657959e-02
2.258709967136383057e-01
-4.806715250015258789e-02
-2.570574637502431870e-03
2.290649414062500000e-01
-3.522825241088867188e-02
1.176233142614364624e-01
-1.314197853207588196e-02
9.554940462112426758e-02
-1.184585094451904297e-01
6.146273761987686157e-02
-1.003791689872741699e-01
-3.291055187582969666e-02
-1.336334086954593658e-02
-3.531364724040031433e-03
1.219954341650009155e-02
9.739313274621963501e-02
-1.733185797929763794e-01
1.615812778472900391e-01
-7.832981646060943604e-02
4.186620563268661499e-02
-5.945902783423662186e-03
-1.454593054950237274e-02
-3.139098174870014191e-03
1.556918118149042130e-02
1.059951633214950562e-01
-2.266393452882766724e-01
1.920831352472305298e-01
1.799220591783523560e-01
9.030962735414505005e-02
1.232492253184318542e-01
1.378993839025497437e-01
1.898618414998054504e-02
-4.303937777876853943e-02
-8.108695596456527710e-02
-2.684457600116729736e-01
-5.968276783823966980e-02
2.322047390043735504e-02
-1.062812432646751404e-01
5.830054730176925659e-02
5.063819698989391327e-04
