-1.197854354977607727e-01
7.612325996160507202e-02
-1.391499489545822144e-02
-1.198357492685317993e-01
-9.161414206027984619e-02
-3.586473315954208374e-02
-7.888979464769363403e-02
-1.862711012363433838e-01
1.959712356328964233e-01
-1.471367180347442627e-01
2.831859886646270752e-01
-6.602303683757781982e-02
-2.281101942062377930e-01
-1.066904887557029724e-01
6.274705287069082260e-03
2.048435807228088379e-01
-2.450555413961410522e-01
-1.225176677107810974e-01
-1.735141128301620483e-02
3.687740862369537354e-02
8.945612609386444092e-02
-1.707172580063343048e-02
5.446942150592803955e-02
7.743713259696960449e-02
-1.605841517448425293e-01
-4.058732688426971436e-01
-1.429692804813385010e-01
-8.543871343135833740e-02
-6.430716067552566528e-02
7.483049761503934860e-03
-1.921690069139003754e-02
6.617031991481781006e-02
-1.571405827999114990e-01
-5.852509289979934692e-03
2.488872408866882324e-02
7.110241055488586426e-02
2.833699062466621399e-02
-7.032681256532669067e-02
1.422964036464691162e-01
3.463169559836387634e-03
-2.904416322708129883e-01
9.930512867867946625e-03
6.323920190334320068e-02
1.974940150976181030e-01
1.810622513294219971e-01
-4.499816522002220154e-02
4.407572746276855469e-02
-1.676454246044158936e-01
1.303444802761077881e-01
-1.054204553365707397e-01
-3.775005042552947998e-02
1.146774590015411377e-01
4.189614951610565186e-02
-7.128448225557804108e-03
5.943512916564941406e-02
-1.283373534679412842e-01
2.528708428144454956e-02
1.707069873809814453e-01
-1.696353405714035034e-01
-4.348487406969070435e-02
8.351867645978927612e-02
-7.253273576498031616e-02
-3.470711410045623779e-02
-1.306477934122085571e-01
1.951741576194763184e-01
1.348328143358230591e-01
-1.217117086052894592e-01
-2.538381814956665039e-01
1.155472397804260254e-01
-1.033215299248695374e-01
-8.251789212226867676e-02
7.193153351545333862e-02
-2.308613061904907227e-01
-2.350400090217590332e-01
-3.293377161026000977e-01
-2.752908878028392792e-02
3.419884741306304932e-01
7.865125685930252075e-02
-1.630433499813079834e-01
7.768961042165756226e-02
-1.862006494775414467e-03
-6.431098096072673798e-03
1.232811287045478821e-01
1.882354915142059326e-01
3.414846211671829224e-02
3.194028511643409729e-02
-8.034604787826538086e-02
1.743137463927268982e-02
1.901456862688064575e-01
-7.325997948646545410e-02
2.039229124784469604e-02
2.449430823326110840e-01
-6.988172233104705811e-02
8.753137290477752686e-02
4.392786882817745209e-03
8.696217089891433716e-03
-1.084515377879142761e-01
1.093299239873886108e-01
-1.275347024202346802e-01
3.347160667181015015e-02
-9.465066716074943542e-03
-1.605959981679916382e-02
2.571075037121772766e-02
8.107116073369979858e-02
-1.353020966053009033e-01
6.878227740526199341e-02
8.463442791253328323e-04
3.961820155382156372e-02
-2.780163194984197617e-03
-1.243853755295276642e-02
-5.406069755554199219e-02
-6.388799846172332764e-02
1.024749577045440674e-01
-2.547928988933563232e-01
1.854506731033325195e-01
1.636021435260772705e-01
7.337786257266998291e-02
1.196211278438568115e-01
8.282594382762908936e-02
7.407142221927642822e-02
-4.397466033697128296e-02
2.977417968213558197e-02
-2.481013536453247070e-01
6.773609668016433716e-02
9.004104137420654297e-02
-7.202575355768203735e-02
5.014076083898544312e-02
-4.138398915529251099e-02
