-6.759159266948699951e-02
6.674651801586151123e-02
1.926408335566520691e-02
-1.016919389367103577e-01
-1.163565516471862793e-01
-3.711170330643653870e-02
-8.831691741943359375e-02
-1.183746382594108582e-01
1.561822593212127686e-01
-1.569009721279144287e-01
2.221926003694534302e-01
-4.791788011789321899e-02
-1.803261935710906982e-01
-9.838362038135528564e-02
-7.435873150825500488e-02
2.552731633186340332e-01
-2.280216813087463379e-01
-1.402144879102706909e-01
-1.306246314197778702e-02
1.401210110634565353e-02
6.094333902001380920e-02
-3.236940875649452209e-02
6.992949545383453369e-02
8.523861318826675415e-02
-7.796976715326309204e-02
-3.379039466381072998e-01
-9.468200057744979858e-02
-9.499762207269668579e-02
3.054337203502655029e-02
-5.180409550666809082e-02
-6.325078010559082031e-02
7.066391408443450928e-04
-2.018790841102600098e-01
-4.401335865259170532e-02
1.040175557136535645e-02
3.730137646198272705e-02
-1.175556983798742294e-02
-9.356845915317535400e-02
1.769277453422546387e-01
1.109469495713710785e-02
-2.478308379650115967e-01
-4.892878234386444092e-02
8.445778489112854004e-02
1.978928893804550171e-01
8.962132036685943604e-02
5.093723163008689880e-02
4.774380475282669067e-02
-1.458469629287719727e-01
1.328690201044082642e-01
-1.685675531625747681e-01
1.289965678006410599e-02
1.043598651885986328e-01
7.998383790254592896e-02
3.424273431301116943e-02
4.852656275033950806e-04
-9.017452597618103027e-02
1.061882600188255310e-01
1.597897112369537354e-01
-1.885759979486465454e-01
5.554232001304626465e-02
1.307340264320373535e-01
-4.087661206722259521e-02
-3.349420800805091858e-02
-1.085243597626686096e-01
2.683862447738647461e-01
1.071084439754486084e-01
-1.163391843438148499e-01
-1.707652956247329712e-01
1.159727945923805237e-01
-1.205997020006179810e-01
-7.781794667243957520e-02
4.239830374717712402e-02
-1.076612621545791626e-01
-1.882123053073883057e-01
-2.815122604370117188e-01
-6.464168429374694824e-02
3.457923233509063721e-01
1.409947425127029419e-01
-1.237895339727401733e-01
2.536145038902759552e-02
-3.742570057511329651e-02
-2.553566172719001770e-02
1.064155101776123047e-01
1.487382799386978149e-01
-3.977147489786148071e-02
4.876835644245147705e-02
-6.623368710279464722e-02
-8.117034099996089935e-03
2.141975611448287964e-01
-6.712113320827484131e-02
4.152694717049598694e-02
1.953254938125610352e-01
-2.114231325685977936e-02
6.209307909011840820e-02
-3.393326327204704285e-02
2.169138938188552856e-02
-1.048369258642196655e-01
9.072155505418777466e-02
-9.226518124341964722e-02
4.572714120149612427e-02
-1.465456467121839523e-02
-5.647169053554534912e-02
7.950003258883953094e-03
4.535019397735595703e-02
-1.550311595201492310e-01
8.068203926086425781e-02
-2.066633105278015137e-02
-1.143336854875087738e-02
1.561392284929752350e-02
3.977097943425178528e-02
-1.182866021990776062e-01
-1.055798530578613281e-01
9.886633604764938354e-02
-1.896523833274841309e-01
2.152609527111053467e-01
2.090660780668258667e-01
9.799554944038391113e-02
9.889747947454452515e-02
1.127059906721115112e-01
1.225676685571670532e-01
-3.044635429978370667e-02
-4.745492711663246155e-02
-1.940465271472930908e-01
-3.049049712717533112e-02
1.147888824343681335e-01
-1.205316036939620972e-01
9.669341146945953369e-02
-1.654640026390552521e-02
