-8.525109291076660156e-02
2.237743511795997620e-02
6.706392765045166016e-02
-1.034033372998237610e-01
-1.497986018657684326e-01
-2.363186702132225037e-02
-1.047257483005523682e-01
-1.279804855585098267e-01
1.264641582965850830e-01
-1.841990947723388672e-01
2.791810333728790283e-01
-1.151362657546997070e-01
-1.953453719615936279e-01
-7.964026927947998047e-02
-5.641227960586547852e-02
2.574663460254669189e-01
-2.673457860946655273e-01
-2.078928947448730469e-01
8.064154535531997681e-03
-2.207587845623493195e-02
3.079775162041187286e-02
-1.633402146399021149e-02
-1.714613847434520721e-02
4.430162534117698669e-02
-1.796943843364715576e-01
-3.900875449180603027e-01
-7.530532777309417725e-02
-6.743139773607254028e-02
-5.358800292015075684e-02
-9.243589639663696289e-02
-2.539603039622306824e-03
1.219842433929443359e-01
-1.815685331821441650e-01
4.287526756525039673e-02
-2.577807754278182983e-05
8.385562896728515625e-02
1.100513041019439697e-01
-8.995532989501953125e-02
1.112061664462089539e-01
-1.368346624076366425e-02
-3.407890498638153076e-01
5.686532706022262573e-02
1.447090953588485718e-01
2.086114734411239624e-01
1.493402868509292603e-01
-1.483163610100746155e-02
1.208174973726272583e-03
-1.196331381797790527e-01
1.018075346946716309e-01
-1.262512505054473877e-01
4.247445613145828247e-03
9.269912540912628174e-02
7.906583696603775024e-02
-2.129224129021167755e-02
1.678279973566532135e-02
-1.133087277412414551e-01
9.472751058638095856e-03
1.408818215131759644e-01
-1.754046231508255005e-01
-4.142886772751808167e-02
9.770706295967102051e-02
-3.406324610114097595e-02
5.496831238269805908e-02
-1.229016035795211792e-01
2.122931927442550659e-01
1.462275087833404541e-01
-5.929839611053466797e-02
-2.193258106708526611e-01
1.495106220245361328e-01
-1.407536715269088745e-01
-1.337186396121978760e-01
4.694452881813049316e-02
-1.565188020467758179e-01
-1.524731963872909546e-01
-3.185649514198303223e-01
-6.635179370641708374e-02
3.394757211208343506e-01
8.272566646337509155e-02
-1.653074473142623901e-01
9.364719688892364502e-02
3.740501403808593750e-02
-4.462747275829315186e-02
1.081502884626388550e-01
1.882534772157669067e-01
2.337843552231788635e-02
4.529966413974761963e-02
-6.852881610393524170e-02
1.296436134725809097e-02
2.641152739524841309e-01
-7.708721794188022614e-03
1.367706153541803360e-02
1.732701808214187622e-01
-3.507081046700477600e-02
-1.016870327293872833e-02
2.663682587444782257e-02
-1.524625997990369797e-02
-1.010286211967468262e-01
9.009370207786560059e-02
-1.372230798006057739e-01
-2.215026691555976868e-02
-9.801076352596282959e-02
1.926146447658538818e-02
-1.802173443138599396e-02
1.084805279970169067e-01
-1.508033871650695801e-01
8.855013549327850342e-02
-1.668886467814445496e-02
-1.896584220230579376e-02
-2.980234473943710327e-02
9.589048475027084351e-02
4.229515045881271362e-02
-6.971923261880874634e-02
8.091644942760467529e-02
-2.279051840305328369e-01
1.492776572704315186e-01
1.573881655931472778e-01
1.001050919294357300e-01
1.239961609244346619e-01
6.556800752878189087e-02
9.607609361410140991e-02
-3.661604970693588257e-02
-1.000517327338457108e-02
-2.121347486972808838e-01
-1.707396353594958782e-03
6.803585588932037354e-02
-1.268964111804962158e-01
1.257215142250061035e-01
3.677646443247795105e-02
