-1.251356005668640137e-01
3.193063288927078247e-02
-3.577309846878051758e-02
-1.192443221807479858e-01
-1.196779459714889526e-01
-6.768023222684860229e-02
-4.553195834159851074e-02
-1.397987306118011475e-01
1.872939169406890869e-01
-1.523399353027343750e-01
2.464581578969955444e-01
-6.997691839933395386e-02
-1.873235255479812622e-01
-8.092373609542846680e-02
-5.880505591630935669e-02
2.337326407432556152e-01
-2.532272934913635254e-01
-1.728406399488449097e-01
-2.519032917916774750e-02
1.829575560986995697e-02
6.615416705608367920e-02
-1.802167668938636780e-02
4.627618193626403809e-02
9.035024046897888184e-02
-9.535583108663558960e-02
-4.117810130119323730e-01
-8.257938176393508911e-02
-8.900603652000427246e-02
-4.391952604055404663e-02
2.312803827226161957e-02
-1.906387880444526672e-02
6.342064589262008667e-02
-2.127505540847778320e-01
-5.492144823074340820e-02
4.732202738523483276e-02
8.970472216606140137e-02
4.313419107347726822e-03
-1.137994974851608276e-01
1.618456691503524780e-01
-9.486217051744461060e-03
-2.733955979347229004e-01
-5.363007262349128723e-02
1.123261824250221252e-01
2.429874092340469360e-01
1.287644356489181519e-01
-2.568444237112998962e-03
2.232434786856174469e-02
-8.838765323162078857e-02
1.151711121201515198e-01
-1.858040690422058105e-01
-4.870108887553215027e-02
7.387639582157135010e-02
2.491718344390392303e-02
2.949422970414161682e-02
-3.330477513372898102e-03
-1.026693806052207947e-01
6.930226832628250122e-02
1.722730696201324463e-01
-1.539149433374404907e-01
-5.797675251960754395e-02
7.430744171142578125e-02
-8.882538974285125732e-02
-4.525544121861457825e-02
-1.332036554813385010e-01
3.082442581653594971e-01
1.280445754528045654e-01
-1.194811984896659851e-01
-1.687717884778976440e-01
1.009506955742835999e-01
-1.071054190397262573e-01
-8.731493353843688965e-02
5.723768845200538635e-03
-1.742159873247146606e-01
-1.888399273157119751e-01
-2.784722447395324707e-01
-3.405682370066642761e-02
3.429324030876159668e-01
8.734102547168731689e-02
-9.411714226007461548e-02
7.958781719207763672e-02
-1.044137123972177505e-02
4.361631721258163452e-02
1.126300916075706482e-01
1.615003198385238647e-01
1.979933679103851318e-02
8.672768622636795044e-02
-7.786623388528823853e-02
1.570733636617660522e-02
2.208438813686370850e-01
-7.428097724914550781e-02
2.167931990697979927e-03
2.084715068340301514e-01
-6.980341672897338867e-02
5.064082145690917969e-02
1.482457667589187622e-02
1.303484896197915077e-03
-6.311126798391342163e-02
9.928399324417114258e-02
-1.404621303081512451e-01
5.269650742411613464e-02
4.348069056868553162e-02
4.013595171272754669e-03
2.487110905349254608e-02
6.352203339338302612e-02
-1.529426574707031250e-01
1.095651835203170776e-02
-2.436553686857223511e-02
3.123031370341777802e-02
4.244973137974739075e-02
-1.427538879215717316e-02
-5.260417610406875610e-02
-1.075016185641288757e-01
5.496232211589813232e-02
-2.142340987920761108e-01
2.072671800851821899e-01
1.864077746868133545e-01
7.726414501667022705e-02
1.631330847740173340e-01
7.893576472997665405e-02
3.171768039464950562e-02
-2.387120202183723450e-02
2.807006239891052246e-05
-2.324686050415039062e-01
1.230576913803815842e-02
1.336512118577957153e-01
-2.750132419168949127e-02
8.183266222476959229e-02
-3.059700131416320801e-02
