-5.442854762077331543e-02
8.373225480318069458e-02
6.219023093581199646e-02
-1.409698724746704102e-01
-1.482689976692199707e-01
-2.324684988707304001e-03
-9.264865517616271973e-02
-9.935127198696136475e-02
1.638769060373306274e-01
-1.299276202917098999e-01
3.167933523654937744e-01
-3.755107522010803223e-02
-2.598679363727569580e-01
-8.298550546169281006e-02
-3.060634993016719818e-02
2.446987926959991455e-01
-2.263590097427368164e-01
-1.111740246415138245e-01
-1.207180228084325790e-02
3.991414792835712433e-03
3.240657970309257507e-02
1.803787611424922943e-02
6.266109645366668701e-02
5.155336111783981323e-02
-1.152338683605194092e-01
-4.559519886970520020e-01
-6.568505614995956421e-02
-9.645270556211471558e-02
-4.198998957872390747e-02
-5.614929832518100739e-03
-4.878278449177742004e-02
3.610605746507644653e-02
-1.724061965942382812e-01
-1.208663173019886017e-02
5.403394252061843872e-02
5.718166381120681763e-02
-5.612208321690559387e-02
-7.878312468528747559e-02
1.372591257095336914e-01
3.123900853097438812e-03
-2.513623535633087158e-01
-2.687407471239566803e-02
9.316913038492202759e-02
1.974963098764419556e-01
1.619918644428253174e-01
3.695334494113922119e-02
6.066517531871795654e-02
-1.280049234628677368e-01
1.492256373167037964e-01
-2.330250144004821777e-01
4.929756373167037964e-02
7.771956175565719604e-02
3.722817823290824890e-02
7.201555371284484863e-02
1.349399611353874207e-02
-1.459139287471771240e-01
4.141860082745552063e-02
2.130231410264968872e-01
-2.095105051994323730e-01
1.220808364450931549e-02
7.389955967664718628e-02
-8.217169344425201416e-02
-4.360392689704895020e-02
-9.267342090606689453e-02
2.848772108554840088e-01
1.483503729104995728e-01
-1.732426285743713379e-01
-1.837355494499206543e-01
6.121712923049926758e-02
-1.278833299875259399e-01
-6.347548961639404297e-02
3.994096443057060242e-02
-1.697528511285781860e-01
-1.992576420307159424e-01
-3.070133328437805176e-01
1.505418214946985245e-02
3.332348167896270752e-01
9.119643270969390869e-02
-1.439210623502731323e-01
-1.987116597592830658e-02
-4.835131112486124039e-03
1.270658243447542191e-02
1.040986254811286926e-01
1.512426733970642090e-01
1.650643907487392426e-02
-2.627743780612945557e-02
-7.854329049587249756e-02
-1.140133943408727646e-02
2.081899940967559814e-01
-1.110136061906814575e-01
3.106268867850303650e-02
2.927279472351074219e-01
-6.263841688632965088e-02
1.164746582508087158e-01
-2.914115972816944122e-02
8.367198705673217773e-02
-1.295097470283508301e-01
9.018550813198089600e-02
-9.792106598615646362e-02
4.659099504351615906e-02
-1.783799380064010620e-02
-2.521705254912376404e-02
3.167496295645833015e-03
4.601151868700981140e-02
-1.798985600471496582e-01
1.001470386981964111e-01
-4.087474197149276733e-02
4.397247359156608582e-02
5.684792995452880859e-02
-4.284012317657470703e-02
-4.662087559700012207e-02
-1.296960860490798950e-01
1.014396399259567261e-01
-2.413681894540786743e-01
2.372718900442123413e-01
2.087051123380661011e-01
1.180236265063285828e-01
1.689233183860778809e-01
8.506146818399429321e-02
2.412038296461105347e-02
-5.757384933531284332e-03
-6.089475005865097046e-02
-2.151634544134140015e-01
2.798406034708023071e-02
1.001921966671943665e-01
-8.878371864557266235e-02
2.245821431279182434e-02
-3.113250620663166046e-02
