-9.485165774822235107e-02
8.498554676771163940e-02
4.328816384077072144e-02
-1.839162409305572510e-01
-6.756296008825302124e-02
4.139123484492301941e-02
-7.252777367830276489e-02
-1.090118959546089172e-01
2.062698900699615479e-01
-2.320877760648727417e-01
2.015117704868316650e-01
-7.203508168458938599e-02
-2.206702530384063721e-01
-7.925937324762344360e-02
-2.552028186619281769e-02
2.350347191095352173e-01
-1.982683688402175903e-01
-2.220899611711502075e-01
-3.900630772113800049e-02
1.778203621506690979e-02
5.901748314499855042e-02
-2.717281877994537354e-02
-5.130157619714736938e-02
6.455882638692855835e-02
-1.443234384059906006e-01
-4.149540960788726807e-01
-7.784951478242874146e-02
-3.942159190773963928e-02
-8.481619507074356079e-02
-7.522297650575637817e-02
1.349647156894207001e-02
6.901113688945770264e-02
-2.245551347732543945e-01
1.504548452794551849e-02
-5.261193215847015381e-02
6.641106307506561279e-02
2.412353456020355225e-02
-8.895729482173919678e-02
1.841915547847747803e-01
7.818818092346191406e-02
-3.068292737007141113e-01
4.425600916147232056e-02
8.049405366182327271e-02
2.130814641714096069e-01
1.491932570934295654e-01
-3.285816684365272522e-02
1.936035975813865662e-02
-1.378053128719329834e-01
1.713628321886062622e-01
-2.363760024309158325e-01
-3.188875317573547363e-02
1.387286484241485596e-01
4.011998325586318970e-02
5.890346318483352661e-02
6.209510564804077148e-02
-8.462601155042648315e-02
7.024397701025009155e-02
5.618649721145629883e-02
-1.865467578172683716e-01
-2.722388133406639099e-02
7.520040869712829590e-02
-5.433686450123786926e-02
1.151559036225080490e-02
-1.310550272464752197e-01
1.873492747545242310e-01
1.356698721647262573e-01
-5.282637849450111389e-02
-2.228720635175704956e-01
1.199195757508277893e-01
-1.242454722523689270e-01
-8.655609935522079468e-02
8.080998063087463379e-02
-1.291236430406570435e-01
-1.622206419706344604e-01
-2.862015962600708008e-01
-5.479963496327400208e-03
3.157825767993927002e-01
1.627451926469802856e-01
-1.462588608264923096e-01
6.758425384759902954e-02
-3.200000151991844177e-02
-7.269046455621719360e-02
1.271928995847702026e-01
1.312480270862579346e-01
4.085547477006912231e-02
2.263859659433364868e-02
-1.371467113494873047e-02
5.250068008899688721e-02
2.830993533134460449e-01
-6.938673555850982666e-03
4.596152808517217636e-03
1.912720799446105957e-01
-1.211552321910858154e-02
5.446941778063774109e-02
-1.090767607092857361e-02
9.483481757342815399e-03
-1.265954226255416870e-01
8.843217045068740845e-02
-1.540966778993606567e-01
3.199391439557075500e-02
-5.654629692435264587e-02
4.805692657828330994e-02
4.202794749289751053e-03
9.066239744424819946e-02
-1.576283872127532959e-01
1.533539444208145142e-01
-2.486721053719520569e-02
-4.939524084329605103e-02
-4.189218580722808838e-02
6.770020723342895508e-02
-6.468614935874938965e-02
-2.999861165881156921e-02
7.233121991157531738e-02
-1.843900680541992188e-01
1.774209290742874146e-01
1.501884460449218750e-01
4.496571049094200134e-02
7.341045141220092773e-02
1.090252548456192017e-01
6.790141016244888306e-02
-4.833307117223739624e-02
-5.517256446182727814e-03
-2.072688341140747070e-01
-3.986179828643798828e-02
1.083280742168426514e-01
-3.787542507052421570e-02
9.940902888774871826e-02
-3.255483508110046387e-02
