-1.597885936498641968e-01
5.938110128045082092e-02
9.519232809543609619e-02
-1.015240773558616638e-01
-1.269857734441757202e-01
-4.753259196877479553e-02
-7.798474282026290894e-02
-9.913899749517440796e-02
1.147171929478645325e-01
-1.867797672748565674e-01
2.660852968692779541e-01
-9.898376464843750000e-02
-1.887090951204299927e-01
-8.818688243627548218e-02
-7.887774705886840820e-02
2.205508947372436523e-01
-1.575983911752700806e-01
-1.168450340628623962e-01
-5.202792584896087646e-02
2.111595682799816132e-02
5.541636794805526733e-02
-1.858983002603054047e-02
4.891719296574592590e-02
3.103768825531005859e-02
-8.599597215652465820e-02
-4.485549330711364746e-01
-5.835402384400367737e-02
-4.316603392362594604e-02
-1.408042293041944504e-02
-8.120755665004253387e-03
-5.334980785846710205e-02
6.972850859165191650e-02
-2.174541801214218140e-01
4.691531881690025330e-03
-2.307372540235519409e-02
1.154770255088806152e-01
-2.415651269257068634e-02
-1.952089369297027588e-04
1.313606947660446167e-01
-1.358979381620883942e-02
-2.769757211208343506e-01
-1.671959832310676575e-02
1.819899305701255798e-02
2.221442908048629761e-01
1.494286805391311646e-01
4.666597023606300354e-02
2.873396314680576324e-02
-1.111450716853141785e-01
1.067321747541427612e-01
-1.651353836059570312e-01
8.251959457993507385e-03
1.195885315537452698e-01
2.905301377177238464e-02
2.780648879706859589e-03
3.877893090248107910e-02
-4.746653139591217041e-02
6.015962734818458557e-02
1.372571587562561035e-01
-1.460778713226318359e-01
-1.687639160081744194e-03
9.368891268968582153e-02
-9.296649694442749023e-02
-4.178881272673606873e-02
-1.526372730731964111e-01
2.445536702871322632e-01
8.168970048427581787e-02
-1.152237206697463989e-01
-1.704658418893814087e-01
1.379822194576263428e-01
-1.319233328104019165e-01
-3.980033099651336670e-02
3.094465658068656921e-02
-1.383864879608154297e-01
-1.771226525306701660e-01
-3.179239630699157715e-01
9.613726288080215454e-03
3.292322456836700439e-01
1.247265338897705078e-01
-1.324169784784317017e-01
5.371939018368721008e-02
4.985664039850234985e-03
-1.702703535556793213e-02
1.241117417812347412e-01
1.468579918146133423e-01
-2.789722941815853119e-02
6.122720241546630859e-02
-6.439191848039627075e-02
2.067256718873977661e-03
1.951992511749267578e-01
-5.947876721620559692e-02
1.522081717848777771e-02
2.117484062910079956e-01
-5.370684713125228882e-02
5.241214111447334290e-02
-8.693704381585121155e-03
-2.328518591821193695e-02
-9.912438690662384033e-02
6.686035543680191040e-02
-1.226129755377769470e-01
4.336825013160705566e-02
9.650583378970623016e-03
-8.458197116851806641e-02
-1.576429046690464020e-02
5.229077488183975220e-02
-1.484834253787994385e-01
1.057499721646308899e-01
-6.541278958320617676e-02
5.627492815256118774e-02
3.717277199029922485e-02
2.015049941837787628e-02
-1.061063408851623535e-01
-1.033701598644256592e-01
9.208545833826065063e-02
-1.823040544986724854e-01
2.063267678022384644e-01
2.037592381238937378e-01
1.105060130357742310e-01
1.156823933124542236e-01
1.624399870634078979e-01
6.527980417013168335e-02
-1.317793130874633789e-02
3.342491388320922852e-02
-2.044589817523956299e-01
-2.251348830759525299e-02
1.264853477478027344e-01
-1.017526760697364807e-01
8.462055027484893799e-02
3.487753216177225113e-03
