-1.353173404932022095e-01
-1.195895858108997345e-02
2.900122478604316711e-02
-1.409456282854080200e-01
-1.284674704074859619e-01
-2.403748035430908203e-02
-5.474722757935523987e-02
-8.269047737121582031e-02
1.558765023946762085e-01
-1.506217867136001587e-01
2.693783640861511230e-01
-1.212534680962562561e-01
-1.675613522529602051e-01
-7.333081960678100586e-02
-7.145395874977111816e-02
2.530069947242736816e-01
-2.222055345773696899e-01
-1.244493424892425537e-01
-1.517657190561294556e-03
3.180061653256416321e-02
4.602823033928871155e-02
-6.583728641271591187e-02
1.948994770646095276e-02
7.204959541559219360e-02
-1.369668096303939819e-01
-4.093073606491088867e-01
-7.677622884511947632e-02
-7.714869081974029541e-02
-3.143174946308135986e-02
-6.188733503222465515e-02
-3.330665826797485352e-02
9.461452811956405640e-02
-1.996555477380752563e-01
-2.277429401874542236e-02
-1.345705799758434296e-02
8.998724073171615601e-02
1.728202402591705322e-02
-1.010157093405723572e-01
1.300901323556900024e-01
2.943279594182968140e-02
-2.909096777439117432e-01
-1.611191965639591217e-02
6.329652667045593262e-02
2.349539697170257568e-01
1.195629164576530457e-01
4.433435201644897461e-02
3.775781393051147461e-02
-1.057201772928237915e-01
1.399712711572647095e-01
-1.919014751911163330e-01
2.058880403637886047e-03
3.239127993583679199e-02
5.189359188079833984e-02
-3.129809349775314331e-02
4.183719679713249207e-02
-1.100268065929412842e-01
5.059059336781501770e-02
1.509644091129302979e-01
-1.520721763372421265e-01
-6.899483501911163330e-03
5.642303079366683960e-02
2.755735069513320923e-03
4.789558053016662598e-02
-1.721300184726715088e-01
2.798208296298980713e-01
1.435958445072174072e-01
-1.188338622450828552e-01
-1.141311600804328918e-01
1.293580979108810425e-01
-5.757375806570053101e-02
-4.942506551742553711e-02
2.839266508817672729e-02
-1.492057293653488159e-01
-1.909957081079483032e-01
-3.197736144065856934e-01
-4.440817981958389282e-02
3.631576299667358398e-01
9.073872119188308716e-02
-1.344439238309860229e-01
4.142992198467254639e-03
1.028568949550390244e-04
-1.672117784619331360e-02
1.305268555879592896e-01
1.820815652608871460e-01
-7.147951051592826843e-03
4.911624640226364136e-02
-4.499315842986106873e-02
-1.356345787644386292e-02
2.414256930351257324e-01
-3.999446332454681396e-02
-9.730229154229164124e-03
1.646559089422225952e-01
-7.448992133140563965e-02
4.312170296907424927e-02
-4.240204393863677979e-02
-8.240800350904464722e-03
-1.207395792007446289e-01
1.072510182857513428e-01
-9.885071218013763428e-02
2.650491334497928619e-02
-2.824082411825656891e-02
-1.090186554938554764e-02
-5.563058424741029739e-03
1.089657768607139587e-01
-1.695913970470428467e-01
7.356777787208557129e-02
-2.096453681588172913e-02
1.149700768291950226e-02
-4.352149553596973419e-04
4.066588729619979858e-02
-4.949308186769485474e-02
-4.168245568871498108e-02
5.914884433150291443e-02
-2.187396734952926636e-01
1.642202585935592651e-01
1.898664832115173340e-01
9.092897921800613403e-02
1.179232001304626465e-01
1.005088761448860168e-01
2.759190276265144348e-02
-2.246992290019989014e-02
2.470652014017105103e-02
-2.229196578264236450e-01
2.007162757217884064e-02
1.190028190612792969e-01
-1.017080247402191162e-01
1.097262948751449585e-01
-3.575890790671110153e-03
