-1.395567059516906738e-01
3.814034536480903625e-02
3.305649757385253906e-02
-1.120685711503028870e-01
-1.414600610733032227e-01
-2.292703837156295776e-02
-6.959789991378784180e-02
-1.471693664789199829e-01
1.300291419029235840e-01
-1.123583614826202393e-01
1.845448315143585205e-01
-1.125934794545173645e-01
-2.131977826356887817e-01
-6.508973240852355957e-02
-7.318185269832611084e-02
2.199696749448776245e-01
-1.906999200582504272e-01
-1.754339039325714111e-01
8.528402075171470642e-03
4.793199896812438965e-02
9.703917801380157471e-02
2.926182001829147339e-02
5.357276648283004761e-03
1.577790081501007080e-02
-1.767473220825195312e-01
-3.468946218490600586e-01
-1.050146967172622681e-01
-6.875959038734436035e-02
-5.363420024514198303e-02
-5.278878286480903625e-02
-2.818669378757476807e-02
7.059435546398162842e-02
-1.827775985002517700e-01
2.109196409583091736e-02
1.459395792335271835e-02
9.938174486160278320e-02
-7.026034872978925705e-04
-7.955857366323471069e-02
1.222038567066192627e-01
1.333257555961608887e-02
-3.304203450679779053e-01
1.594494283199310303e-02
9.919044375419616699e-02
2.469713091850280762e-01
1.656613945960998535e-01
-2.428067475557327271e-02
-8.016584441065788269e-03
-1.157087534666061401e-01
1.043050140142440796e-01
-1.699785590171813965e-01
-5.081617087125778198e-02
9.132099151611328125e-02
1.208156347274780273e-02
4.495359957218170166e-02
8.860939182341098785e-03
-7.947106659412384033e-02
5.405617505311965942e-02
1.209148168563842773e-01
-1.582542359828948975e-01
-1.869213534519076347e-03
9.449354559183120728e-02
-9.677152335643768311e-02
2.064852975308895111e-03
-1.259001046419143677e-01
2.082191854715347290e-01
7.017663121223449707e-02
-1.046662330627441406e-01
-2.056586593389511108e-01
7.280465215444564819e-02
-1.471574604511260986e-01
-1.240323036909103394e-01
6.608647853136062622e-02
-1.736441552639007568e-01
-1.841520518064498901e-01
-3.604109883308410645e-01
-4.168088734149932861e-02
3.328671455383300781e-01
9.808684140443801880e-02
-1.542173475027084351e-01
8.076339215040206909e-02
4.738796874880790710e-02
2.550129219889640808e-02
1.394387334585189819e-01
1.880529820919036865e-01
2.629947662353515625e-02
1.079351454973220825e-01
-9.280108660459518433e-02
1.053673122078180313e-02
2.622049450874328613e-01
-1.133591309189796448e-01
4.190739244222640991e-03
2.184976041316986084e-01
-2.433702535927295685e-02
8.234843611717224121e-02
-2.187320962548255920e-03
3.074069693684577942e-02
-6.222548708319664001e-02
4.762871563434600830e-02
-1.250560879707336426e-01
3.197253681719303131e-03
2.894419059157371521e-02
1.550896558910608292e-03
2.972142957150936127e-02
1.433857232332229614e-01
-1.125640720129013062e-01
1.088963001966476440e-01
5.036712624132633209e-03
2.660764008760452271e-02
-2.653157897293567657e-02
3.455873578786849976e-03
-3.401482105255126953e-02
-6.338232010602951050e-02
7.827927917242050171e-02
-1.988133043050765991e-01
1.747367829084396362e-01
1.939007639884948730e-01
7.494311779737472534e-02
6.733397394418716431e-02
1.072383373975753784e-01
2.539678290486335754e-02
-6.074491515755653381e-02
5.834242701530456543e-02
-1.860011368989944458e-01
1.474422588944435120e-02
1.123021021485328674e-01
-4.529425501823425293e-02
8.898152410984039307e-02
1.881907694041728973e-03
