-1.063240915536880493e-01
-7.964566349983215332e-03
2.969007752835750580e-02
-1.035026237368583679e-01
-1.455172896385192871e-01
-8.776335418224334717e-02
-2.582147344946861267e-02
-1.725090146064758301e-01
1.711079031229019165e-01
-1.715197861194610596e-01
2.895059883594512939e-01
-9.033721685409545898e-02
-2.099949568510055542e-01
-5.198730900883674622e-02
-5.302105098962783813e-02
2.282244414091110229e-01
-2.467639893293380737e-01
-9.852938354015350342e-02
-4.654810577630996704e-02
-1.891368813812732697e-02
6.752598285675048828e-02
-2.294991863891482353e-03
8.490543812513351440e-02
7.399155199527740479e-02
-1.160777658224105835e-01
-4.230157136917114258e-01
-1.266592592000961304e-01
-5.724863708019256592e-02
-7.288919389247894287e-02
4.820851609110832214e-02
-1.229651831090450287e-02
8.272970467805862427e-02
-1.748030781745910645e-01
-3.217314183712005615e-02
5.364172160625457764e-02
8.604545891284942627e-02
-1.266645547002553940e-02
-1.015782058238983154e-01
1.512141078710556030e-01
-3.205028176307678223e-02
-2.868172526359558105e-01
-2.067239955067634583e-02
1.211401447653770447e-01
2.271862477064132690e-01
1.458536833524703979e-01
-1.627111434936523438e-02
2.258259430527687073e-02
-1.479381322860717773e-01
1.635765582323074341e-01
-1.785201132297515869e-01
-1.288086734712123871e-02
9.797512739896774292e-02
2.695730328559875488e-02
-9.298091754317283630e-04
3.348668664693832397e-02
-5.973844230175018311e-02
5.888054147362709045e-02
1.909575909376144409e-01
-1.999101936817169189e-01
-4.332078620791435242e-02
1.119994297623634338e-01
-9.184774756431579590e-02
-4.212257638573646545e-02
-1.239293515682220459e-01
2.301529943943023682e-01
1.648381650447845459e-01
-1.638628095388412476e-01
-1.724152266979217529e-01
1.120079085230827332e-01
-1.175666525959968567e-01
-5.982302874326705933e-02
2.141620963811874390e-02
-2.114706933498382568e-01
-2.351587563753128052e-01
-3.279324471950531006e-01
-2.790782786905765533e-02
4.492441713809967041e-01
4.044442996382713318e-02
-1.184049248695373535e-01
2.812452241778373718e-02
-1.247175689786672592e-02
2.061022818088531494e-02
1.437479108572006226e-01
1.981763541698455811e-01
2.299027517437934875e-02
3.302421048283576965e-02
-1.056701540946960449e-01
6.457316130399703979e-02
1.898689419031143188e-01
-1.202165186405181885e-01
-1.608577556908130646e-02
2.414263933897018433e-01
-4.271683841943740845e-02
3.983260318636894226e-02
2.444353327155113220e-02
1.089228987693786621e-01
-1.273322105407714844e-01
9.523116797208786011e-02
-1.681868731975555420e-01
6.432831287384033203e-02
4.537537693977355957e-02
-2.029826864600181580e-02
1.411516685038805008e-02
4.340303689241409302e-02
-1.290662884712219238e-01
8.723015338182449341e-02
-1.374316867440938950e-02
5.136374849826097488e-03
3.392759338021278381e-02
-6.528761982917785645e-02
-6.393466889858245850e-02
-9.526362270116806030e-02
6.104332208633422852e-02
-2.275545597076416016e-01
1.715391278266906738e-01
1.473829895257949829e-01
5.039265379309654236e-02
1.863075494766235352e-01
3.831449151039123535e-02
6.399997323751449585e-02
-3.807327896356582642e-02
-2.013290859758853912e-02
-1.947638988494873047e-01
5.006422754377126694e-03
8.428910374641418457e-02
-1.417031139135360718e-02
7.540496438741683960e-02
-4.002962633967399597e-02
