-1.092391908168792725e-01
4.736921191215515137e-02
3.966308012604713440e-02
-1.181998550891876221e-01
-1.301763057708740234e-01
-7.583793252706527710e-02
-2.169844135642051697e-02
-8.694086223840713501e-02
2.210982739925384521e-01
-1.835564374923706055e-01
1.847104728221893311e-01
-6.963293999433517456e-02
-2.158404588699340820e-01
-9.883490949869155884e-02
-3.710735589265823364e-02
2.604451179504394531e-01
-2.356034219264984131e-01
-1.273582875728607178e-01
-8.804735727608203888e-03
3.529186546802520752e-02
8.743550628423690796e-02
8.943069726228713989e-03
4.016924649477005005e-03
6.954486668109893799e-02
-1.424355655908584595e-01
-3.955102562904357910e-01
-7.862156629562377930e-02
-5.867720395326614380e-02
-1.076331064105033875e-01
-2.936897426843643188e-02
-4.705227911472320557e-03
9.550852328538894653e-02
-1.682586967945098877e-01
-3.720141202211380005e-02
1.497126091271638870e-02
8.474306762218475342e-02
-1.128171291202306747e-02
-5.881407484412193298e-02
1.382095813751220703e-01
-2.083161287009716034e-02
-3.356770575046539307e-01
-4.585148394107818604e-02
1.145253181457519531e-01
2.114400565624237061e-01
1.120722964406013489e-01
3.869865089654922485e-02
1.497080828994512558e-02
-9.944935142993927002e-02
1.328258812427520752e-01
-2.258057594299316406e-01
-5.473589152097702026e-02
6.812801957130432129e-02
2.797513827681541443e-02
1.196924597024917603e-02
6.591107696294784546e-02
-1.406029611825942993e-01
4.996573552489280701e-02
6.478337943553924561e-02
-1.630617976188659668e-01
-5.664749071002006531e-02
7.262597978115081787e-02
-1.029601171612739563e-01
-3.838179260492324829e-02
-1.069575622677803040e-01
2.615962028503417969e-01
8.092146366834640503e-02
-1.364860534667968750e-01
-1.484937220811843872e-01
1.365989595651626587e-01
-1.544871479272842407e-01
-7.761247456073760986e-02
5.025015026330947876e-02
-1.195468157529830933e-01
-2.007074952125549316e-01
-3.482053577899932861e-01
-5.630728602409362793e-02
3.509737253189086914e-01
1.262782514095306396e-01
-1.302520334720611572e-01
5.185861885547637939e-02
-3.841401077806949615e-03
4.051719978451728821e-02
1.230272352695465088e-01
2.106293886899948120e-01
2.928061597049236298e-02
9.889936447143554688e-02
-6.143938004970550537e-02
2.860025689005851746e-02
1.854929774999618530e-01
-9.782691299915313721e-02
-5.142504349350929260e-03
2.052837610244750977e-01
6.167053245007991791e-03
9.652987122535705566e-02
-4.896735772490501404e-02
-2.400692738592624664e-02
-7.083785533905029297e-02
8.743985742330551147e-02
-1.283961832523345947e-01
8.095842599868774414e-02
8.658267557621002197e-02
2.779169008135795593e-02
2.164391241967678070e-02
1.107331141829490662e-01
-1.408628970384597778e-01
9.766259044408798218e-02
-1.551252789795398712e-03
-7.750306744128465652e-03
3.503247629851102829e-03
5.952593684196472168e-02
-1.022271290421485901e-01
-7.997112721204757690e-02
5.450250953435897827e-02
-2.239513248205184937e-01
1.964721977710723877e-01
1.879085302352905273e-01
7.131437305361032486e-04
1.334736049175262451e-01
7.867484539747238159e-02
5.574684590101242065e-02
-1.926100254058837891e-02
-2.082723379135131836e-02
-2.056349366903305054e-01
-3.043309412896633148e-02
1.321364045143127441e-01
-8.443702012300491333e-02
1.127255782485008240e-01
-2.488491311669349670e-02
