-7.269556820392608643e-02
1.062115002423524857e-02
9.183846414089202881e-02
-1.514662653207778931e-01
-1.302745193243026733e-01
-3.960799798369407654e-02
-6.096543744206428528e-02
-1.268963217735290527e-01
1.490978002548217773e-01
-1.656282395124435425e-01
2.672466635704040527e-01
-9.488639235496520996e-02
-2.021311521530151367e-01
-7.735708355903625488e-02
-1.906565576791763306e-02
2.392295002937316895e-01
-2.072577029466629028e-01
-1.560614109039306641e-01
4.151836037635803223e-04
5.359083414077758789e-03
2.852589078247547150e-02
-9.424614161252975464e-02
3.322022967040538788e-03
8.688344061374664307e-02
-1.074248030781745911e-01
-3.959444761276245117e-01
-1.065571829676628113e-01
-5.752496793866157532e-02
7.924967445433139801e-03
-2.856726385653018951e-02
-1.158914119005203247e-01
4.097562655806541443e-02
-2.322462350130081177e-01
-2.438964508473873138e-02
-2.144552208483219147e-02
1.098581850528717041e-01
2.616467513144016266e-02
-1.281193643808364868e-01
9.922052919864654541e-02
3.741304203867912292e-02
-2.801120281219482422e-01
7.604590617120265961e-03
4.570988938212394714e-02
2.061764299869537354e-01
1.836557835340499878e-01
1.647827448323369026e-04
4.653331264853477478e-02
-5.269610136747360229e-02
1.382292360067367554e-01
-2.387233972549438477e-01
1.849052682518959045e-02
5.259884521365165710e-02
8.460306376218795776e-02
1.048068609088659286e-02
5.016222130507230759e-03
-1.358793526887893677e-01
3.122804313898086548e-02
1.860919892787933350e-01
-2.238602638244628906e-01
4.695998132228851318e-02
8.574677258729934692e-02
-8.598674088716506958e-02
-8.066836744546890259e-03
-1.341321766376495361e-01
2.697853446006774902e-01
1.856441199779510498e-01
-1.516589224338531494e-01
-1.540515273809432983e-01
1.502415090799331665e-01
-1.184572055935859680e-01
-3.343735635280609131e-02
-9.134360589087009430e-03
-1.554097831249237061e-01
-1.851250976324081421e-01
-3.345629572868347168e-01
4.681119322776794434e-02
3.993200361728668213e-01
1.556237339973449707e-01
-1.791651248931884766e-01
1.793808490037918091e-02
-5.537353083491325378e-02
3.410987183451652527e-02
1.037082374095916748e-01
1.500296294689178467e-01
2.624765783548355103e-02
6.919497251510620117e-02
-9.337252378463745117e-02
-2.232900261878967285e-02
2.010459154844284058e-01
-5.310735851526260376e-02
2.961062453687191010e-02
2.483243644237518311e-01
-7.357712090015411377e-02
6.417326629161834717e-02
-1.878892816603183746e-02
5.568400770425796509e-02
-1.088965535163879395e-01
6.176325306296348572e-02
-1.321659535169601440e-01
3.184093534946441650e-02
-5.735594034194946289e-02
-8.379586786031723022e-02
1.081441063433885574e-02
8.655640482902526855e-02
-1.929688155651092529e-01
8.062391728162765503e-02
-2.651721984148025513e-02
9.172167629003524780e-04
-4.545006435364484787e-03
3.918660804629325867e-02
-4.862929880619049072e-02
-1.047345176339149475e-01
6.778407841920852661e-02
-2.853458225727081299e-01
1.580557823181152344e-01
2.555924355983734131e-01
1.024137511849403381e-01
1.473964303731918335e-01
7.522337138652801514e-02
6.238001585006713867e-02
1.365212071686983109e-02
-4.237243533134460449e-02
-1.580389440059661865e-01
-1.363264210522174835e-02
6.339386850595474243e-02
-6.765202432870864868e-02
4.889339208602905273e-02
4.551546275615692139e-02
