-1.338215172290802002e-01
7.309029996395111084e-02
5.985020659863948822e-03
-1.316196769475936890e-01
-1.511475592851638794e-01
-4.039749875664710999e-02
-3.895662724971771240e-02
-1.545811742544174194e-01
1.916966438293457031e-01
-1.479890197515487671e-01
2.357284426689147949e-01
-1.003981158137321472e-01
-1.814652532339096069e-01
-1.103850230574607849e-01
-4.941361770033836365e-02
2.322268635034561157e-01
-2.834833860397338867e-01
-1.537393629550933838e-01
-1.982262358069419861e-02
8.870691992342472076e-03
8.243948966264724731e-02
1.800008490681648254e-02
2.478901855647563934e-02
6.776522099971771240e-02
-8.033683896064758301e-02
-3.860217034816741943e-01
-8.670588582754135132e-02
-1.018034592270851135e-01
3.583266958594322205e-02
-4.958731308579444885e-02
-3.557453304529190063e-02
6.527810543775558472e-02
-2.034837603569030762e-01
-4.353528469800949097e-02
-1.186328940093517303e-02
1.039442196488380432e-01
-9.170113131403923035e-03
-4.850034043192863464e-02
7.964575290679931641e-02
-5.723570287227630615e-02
-2.741741836071014404e-01
2.662965282797813416e-02
7.434663176536560059e-02
1.872671842575073242e-01
1.656070351600646973e-01
-1.374397240579128265e-02
-7.006775587797164917e-03
-1.503362655639648438e-01
8.154544979333877563e-02
-1.528937220573425293e-01
-6.133892387151718140e-02
9.434137493371963501e-02
3.380993008613586426e-02
4.337851703166961670e-02
6.429508794099092484e-03
-1.021403074264526367e-01
4.037158936262130737e-02
1.094505339860916138e-01
-1.820071637630462646e-01
6.527993828058242798e-03
1.187749952077865601e-01
-9.192904084920883179e-02
-7.976172491908073425e-04
-8.733726292848587036e-02
2.099542617797851562e-01
8.789461106061935425e-02
-1.069901287555694580e-01
-2.202463001012802124e-01
6.975954771041870117e-02
-1.602565795183181763e-01
-9.495962411165237427e-02
6.210746243596076965e-02
-1.293197721242904663e-01
-1.713550984859466553e-01
-3.226673901081085205e-01
-4.112795740365982056e-02
3.765491843223571777e-01
8.126793056726455688e-02
-1.233661919832229614e-01
5.570704862475395203e-02
-2.119791135191917419e-02
-1.371358521282672882e-02
1.122537404298782349e-01
1.390212923288345337e-01
-1.863926276564598083e-02
4.640523716807365417e-02
-1.255500912666320801e-01
4.865919798612594604e-02
1.808519512414932251e-01
-8.057625591754913330e-02
2.091663144528865814e-02
2.150057852268218994e-01
-4.590008780360221863e-02
1.031409129500389099e-01
-4.588210489600896835e-03
6.464669108390808105e-02
-8.265364915132522583e-02
9.629926085472106934e-02
-1.094593852758407593e-01
2.965009585022926331e-02
1.288791839033365250e-02
-5.112968757748603821e-02
2.982113510370254517e-04
7.296094298362731934e-02
-8.310744911432266235e-02
1.090407148003578186e-01
-1.215796172618865967e-02
4.154514893889427185e-02
-2.668093331158161163e-02
7.706428878009319305e-03
-5.176199600100517273e-02
-4.403704032301902771e-02
1.122357994318008423e-01
-1.990410089492797852e-01
2.378142178058624268e-01
2.044043987989425659e-01
7.843296229839324951e-02
1.240512281656265259e-01
8.835682272911071777e-02
5.318890139460563660e-02
-6.674986332654953003e-02
-2.112016454339027405e-02
-1.947305053472518921e-01
2.259032987058162689e-02
8.573303371667861938e-02
-8.020687103271484375e-02
9.025084972381591797e-02
5.772721953690052032e-03
