-1.729546785354614258e-01
7.167948782444000244e-02
8.643294870853424072e-02
-5.069831386208534241e-02
-1.285271197557449341e-01
-4.766608774662017822e-02
-6.627476215362548828e-02
-1.259851604700088501e-01
1.344980448484420776e-01
-1.356043666601181030e-01
2.782167494297027588e-01
-8.859404921531677246e-02
-2.077245414257049561e-01
-7.644008845090866089e-02
-6.113165616989135742e-02
2.182603329420089722e-01
-2.325037568807601929e-01
-8.429510891437530518e-02
-7.900853641331195831e-03
2.291050180792808533e-02
1.033412143588066101e-01
-1.020267512649297714e-02
6.232172995805740356e-02
1.982436515390872955e-02
-5.627838522195816040e-02
-4.513203203678131104e-01
-9.734364598989486694e-02
-7.092335075139999390e-02
3.588172793388366699e-02
-1.607153750956058502e-02
-6.564509123563766479e-02
7.721260935068130493e-02
-2.486675679683685303e-01
-4.411248117685317993e-02
-1.819410361349582672e-02
1.144146248698234558e-01
-8.191196247935295105e-03
-3.675086423754692078e-02
8.967854082584381104e-02
-2.844108641147613525e-02
-2.354832738637924194e-01
-3.626044839620590210e-02
5.342534556984901428e-02
2.114677280187606812e-01
1.263671070337295532e-01
3.185596689581871033e-02
2.409392409026622772e-02
-1.008312627673149109e-01
3.724776208400726318e-02
-1.596193909645080566e-01
-2.604153566062450409e-02
1.105554997920989990e-01
4.343361407518386841e-02
1.593321189284324646e-02
2.819377556443214417e-02
-1.143662855029106140e-01
3.112893551588058472e-02
1.485226303339004517e-01
-1.533890515565872192e-01
3.177972137928009033e-02
9.067823737859725952e-02
-1.116561964154243469e-01
-1.452815346419811249e-02
-1.146301850676536560e-01
2.680720388889312744e-01
1.173653975129127502e-01
-9.570483863353729248e-02
-1.597424894571304321e-01
1.067859828472137451e-01
-8.964194357395172119e-02
-1.779160089790821075e-02
1.784237287938594818e-02
-1.518173366785049438e-01
-2.000596374273300171e-01
-2.812966108322143555e-01
-7.401239126920700073e-04
3.584721088409423828e-01
5.867447704076766968e-02
-1.477809846401214600e-01
6.122544407844543457e-02
-3.349034115672111511e-02
-3.244150802493095398e-02
1.327200382947921753e-01
1.589976400136947632e-01
1.588305272161960602e-02
6.291127204895019531e-02
-1.070651113986968994e-01
2.257600054144859314e-02
1.831413656473159790e-01
-1.006372123956680298e-01
5.247825384140014648e-02
2.087918668985366821e-01
-8.913943916559219360e-02
2.647351846098899841e-02
2.422180958092212677e-03
-1.278740074485540390e-02
-1.071052327752113342e-01
6.293559819459915161e-02
-1.419909000396728516e-01
-1.014232262969017029e-02
-2.111244201660156250e-02
-1.101288869976997375e-01
-4.611262679100036621e-02
3.243743255734443665e-02
-1.309517621994018555e-01
1.645363122224807739e-02
-1.016978919506072998e-02
4.620787687599658966e-03
1.326192449778318405e-02
-5.872842296957969666e-02
-8.694045245647430420e-02
-8.499047160148620605e-02
1.066605597734451294e-01
-2.102806866168975830e-01
2.610728144645690918e-01
2.099907249212265015e-01
4.063339903950691223e-02
1.764694452285766602e-01
9.739443659782409668e-02
1.026012301445007324e-01
-1.986016333103179932e-02
-4.397847689688205719e-03
-1.626930832862854004e-01
8.609281852841377258e-03
1.189749464392662048e-01
-7.068630307912826538e-02
3.876265138387680054e-02
-4.230757802724838257e-02
