-1.137574538588523865e-01
3.832206130027770996e-02
8.065539598464965820e-02
-1.343992203474044800e-01
-1.231126561760902405e-01
-4.601962491869926453e-02
-7.303748279809951782e-02
-1.636299639940261841e-01
1.518674641847610474e-01
-1.482675373554229736e-01
2.780331075191497803e-01
-5.795465782284736633e-02
-1.882229149341583252e-01
-1.447343528270721436e-01
-3.115588426589965820e-02
2.306623011827468872e-01
-2.219986468553543091e-01
-1.867688149213790894e-01
-3.083237633109092712e-02
3.656977415084838867e-02
5.612445995211601257e-02
-9.878523647785186768e-02
7.340636104345321655e-02
3.937556594610214233e-02
-1.242919713258743286e-01
-4.011921584606170654e-01
-9.173592180013656616e-02
-3.948057815432548523e-02
1.880482584238052368e-02
2.190460264682769775e-02
-3.101422637701034546e-02
-1.349183637648820877e-02
-2.802434563636779785e-01
-6.077602505683898926e-03
-2.712030708789825439e-02
6.135486066341400146e-02
3.116079978644847870e-02
-1.236560717225074768e-01
1.283446401357650757e-01
-1.690531894564628601e-02
-2.918362021446228027e-01
5.383691750466823578e-03
5.762759596109390259e-02
1.577732264995574951e-01
1.585398465394973755e-01
3.703809902071952820e-02
5.516543239355087280e-02
-1.143299341201782227e-01
1.204101741313934326e-01
-1.806850284337997437e-01
1.912702433764934540e-02
8.183541148900985718e-02
2.860932983458042145e-02
-2.007304877042770386e-02
3.482217900454998016e-03
-1.216059923171997070e-01
7.497622072696685791e-02
1.533412039279937744e-01
-1.486337184906005859e-01
8.148040622472763062e-03
8.869279175996780396e-02
-2.227815799415111542e-02
-4.012740403413772583e-02
-1.240755990147590637e-01
2.357513606548309326e-01
1.353041082620620728e-01
-1.046638637781143188e-01
-2.100034058094024658e-01
9.341194480657577515e-02
-1.081043481826782227e-01
-5.019770190119743347e-02
3.421751409769058228e-02
-1.725588589906692505e-01
-1.669292896986007690e-01
-3.444254696369171143e-01
-2.760901488363742828e-02
3.703841567039489746e-01
1.014416441321372986e-01
-1.807772368192672729e-01
8.652173914015293121e-03
-3.364371880888938904e-02
5.871207639575004578e-02
1.242797896265983582e-01
1.224412024021148682e-01
-1.061615068465471268e-02
5.358739942312240601e-02
-1.464260667562484741e-01
-2.271756529808044434e-02
2.441621124744415283e-01
-6.708063930273056030e-02
9.317236021161079407e-03
2.507576048374176025e-01
-2.604832872748374939e-02
4.131080210208892822e-02
-4.433681070804595947e-02
1.709214784204959869e-02
-8.622591942548751831e-02
9.937050193548202515e-02
-1.234390959143638611e-01
1.295599434524774551e-02
4.243668541312217712e-02
1.831137761473655701e-02
3.597772214561700821e-03
7.838456332683563232e-02
-1.786892116069793701e-01
5.403403565287590027e-02
-2.102172933518886566e-02
3.422630578279495239e-02
3.067319095134735107e-02
1.157683879137039185e-02
-7.815386354923248291e-02
-1.111762076616287231e-01
4.678498208522796631e-02
-1.930090337991714478e-01
2.001693993806838989e-01
2.442938536405563354e-01
1.225519776344299316e-01
9.858341515064239502e-02
1.345213204622268677e-01
5.386624857783317566e-02
-1.971861347556114197e-02
2.747096493840217590e-02
-1.633920520544052124e-01
-5.587342195212841034e-03
6.632246822118759155e-02
-8.789049088954925537e-02
9.668415039777755737e-02
2.230864204466342926e-02
