-1.324411779642105103e-01
1.132658571004867554e-01
4.477474838495254517e-02
-1.410759538412094116e-01
-1.319761574268341064e-01
2.363558113574981689e-02
-1.094041988253593445e-01
-1.136518716812133789e-01
2.514532506465911865e-01
-2.454786598682403564e-01
1.718836128711700439e-01
-1.851324737071990967e-02
-2.007001340389251709e-01
-5.496137216687202454e-02
-3.007588908076286316e-02
2.115208953619003296e-01
-2.218805104494094849e-01
-2.034234106540679932e-01
-1.409957837313413620e-02
-1.790526881814002991e-02
5.087577179074287415e-02
5.903740227222442627e-02
8.822928182780742645e-03
9.320033341646194458e-02
-9.647594392299652100e-02
-4.161370992660522461e-01
-5.067849159240722656e-02
-8.232428878545761108e-02
3.826713189482688904e-02
-9.619953483343124390e-02
-5.392071604728698730e-02
-2.440942265093326569e-02
-2.480949312448501587e-01
-3.710497170686721802e-02
7.656103931367397308e-03
1.883168518543243408e-01
-3.668071702122688293e-02
-6.251014769077301025e-02
1.621796786785125732e-01
3.710604459047317505e-02
-3.186158835887908936e-01
-4.619210213422775269e-02
5.328264832496643066e-02
2.191177457571029663e-01
1.637485474348068237e-01
2.050008159130811691e-03
-1.849401742219924927e-04
-1.474452316761016846e-01
1.686640530824661255e-01
-2.501610219478607178e-01
1.540495082736015320e-03
1.264147460460662842e-01
3.367466852068901062e-02
3.289566934108734131e-02
1.037565469741821289e-01
-1.516339033842086792e-01
4.246304556727409363e-02
1.361460685729980469e-01
-2.060947269201278687e-01
3.662362694740295410e-02
8.487024903297424316e-02
-1.051888689398765564e-01
9.665777906775474548e-04
-4.394546896219253540e-02
2.483419924974441528e-01
1.218806132674217224e-01
-5.475505813956260681e-02
-2.672706544399261475e-01
1.804060637950897217e-01
-1.966866403818130493e-01
-8.756548911333084106e-02
1.356880068778991699e-01
-3.062401339411735535e-02
-1.749491989612579346e-01
-2.849940657615661621e-01
-4.334450513124465942e-02
3.670206665992736816e-01
1.583442986011505127e-01
-1.130691617727279663e-01
9.791048616170883179e-02
-3.399188444018363953e-02
-6.648620218038558960e-02
1.070660948753356934e-01
1.546434164047241211e-01
5.350243300199508667e-04
1.028815656900405884e-01
-8.133968710899353027e-02
3.099300153553485870e-02
2.409490942955017090e-01
-5.503048188984394073e-03
3.665954247117042542e-02
2.165727317333221436e-01
-3.944104909896850586e-02
7.047246396541595459e-02
5.226250365376472473e-02
5.097395181655883789e-02
-1.846054196357727051e-01
5.289090424776077271e-02
-1.869318038225173950e-01
-7.233597338199615479e-02
3.216700628399848938e-02
-2.127970382571220398e-02
2.528234571218490601e-02
9.927592426538467407e-02
-1.943091750144958496e-01
1.272314190864562988e-01
-7.878752052783966064e-02
-6.257190555334091187e-02
-1.605083048343658447e-02
1.287297531962394714e-02
-8.043048530817031860e-02
-4.216354340314865112e-02
1.506052315235137939e-01
-2.525323629379272461e-01
2.383354753255844116e-01
1.820579618215560913e-01
3.174315392971038818e-02
1.592258512973785400e-01
1.240864768624305725e-01
4.705266654491424561e-02
4.689559340476989746e-03
-7.527817785739898682e-02
-2.060030400753021240e-01
-6.026446819305419922e-02
4.343213886022567749e-02
-8.460932970046997070e-02
8.986911922693252563e-02
-1.468019001185894012e-02
