-6.582603603601455688e-02
6.269069761037826538e-02
3.602392598986625671e-02
-1.195993423461914062e-01
-1.452039331197738647e-01
-4.435352049767971039e-03
-1.236294507980346680e-01
-1.286407560110092163e-01
1.814196854829788208e-01
-2.099611163139343262e-01
2.352694869041442871e-01
-1.002601608633995056e-01
-1.936420500278472900e-01
-7.201584428548812866e-02
-9.546878933906555176e-02
2.407334446907043457e-01
-2.253592908382415771e-01
-1.618786007165908813e-01
-2.456904575228691101e-02
2.184887416660785675e-03
7.641282677650451660e-02
2.653482928872108459e-02
1.864081434905529022e-02
1.255287975072860718e-02
-1.276382058858871460e-01
-3.911025822162628174e-01
-6.098477169871330261e-02
-7.233652472496032715e-02
3.377077728509902954e-02
-5.951721966266632080e-02
-5.009463056921958923e-02
2.624028176069259644e-02
-1.939197331666946411e-01
3.743398189544677734e-02
5.545178428292274475e-04
1.032586768269538879e-01
-1.533064432442188263e-02
-8.241716027259826660e-02
1.066966131329536438e-01
2.157805114984512329e-02
-3.053545355796813965e-01
2.308986335992813110e-02
-4.743710160255432129e-03
1.759070158004760742e-01
1.453527957201004028e-01
2.730834111571311951e-02
2.746084518730640411e-02
-2.074701189994812012e-01
1.543570011854171753e-01
-1.515320241451263428e-01
-2.100872248411178589e-02
9.604340046644210815e-02
6.859765946865081787e-02
8.985301479697227478e-03
-1.093458384275436401e-03
-1.026632487773895264e-01
2.824309095740318298e-02
1.441937386989593506e-01
-1.853006929159164429e-01
9.412066079676151276e-03
1.070754900574684143e-01
-8.549876511096954346e-02
-5.730113945901393890e-03
-1.226630955934524536e-01
2.030164003372192383e-01
9.343929588794708252e-02
-9.751605242490768433e-02
-2.042691260576248169e-01
1.489305347204208374e-01
-1.469371914863586426e-01
-5.810252577066421509e-02
8.531843870878219604e-02
-9.596670418977737427e-02
-1.944873481988906860e-01
-2.721733748912811279e-01
-5.513653159141540527e-02
3.488473296165466309e-01
1.009645536541938782e-01
-1.219755634665489197e-01
8.402929641306400299e-03
1.753606274724006653e-02
4.491880536079406738e-03
1.143920123577117920e-01
1.549129337072372437e-01
-2.556366287171840668e-02
2.883861772716045380e-02
-8.428277075290679932e-02
2.153787761926651001e-02
2.629589140415191650e-01
-1.305129826068878174e-01
2.653240785002708435e-02
2.069582045078277588e-01
-5.358180776238441467e-02
9.741619974374771118e-02
-4.639704897999763489e-02
7.598905358463525772e-03
-1.262674182653427124e-01
1.170340478420257568e-01
-6.596501171588897705e-02
7.876271381974220276e-03
8.283406496047973633e-03
-2.549710683524608612e-02
1.475265063345432281e-02
5.977229401469230652e-02
-9.646128863096237183e-02
1.123608425259590149e-01
-4.851251468062400818e-02
2.466982230544090271e-03
2.394753694534301758e-02
-2.755390480160713196e-03
-4.949672147631645203e-02
-8.455321192741394043e-02
1.326406896114349365e-01
-1.868927627801895142e-01
2.158053219318389893e-01
1.981658786535263062e-01
1.364989727735519409e-01
1.340579092502593994e-01
1.177019476890563965e-01
6.810231506824493408e-02
-2.728963643312454224e-02
-4.175807535648345947e-02
-2.294739782810211182e-01
-3.229134483262896538e-03
8.240032196044921875e-02
-8.466516435146331787e-02
7.780262827873229980e-02
-2.579727210104465485e-02
