-1.206242442131042480e-01
8.438980579376220703e-02
2.306752279400825500e-02
-1.379045695066452026e-01
-1.178561672568321228e-01
-4.367446992546319962e-03
-3.207344934344291687e-02
-1.490985751152038574e-01
2.351377606391906738e-01
-2.051188200712203979e-01
2.180026471614837646e-01
-4.020225256681442261e-02
-2.188482433557510376e-01
-5.405701696872711182e-02
-5.429473146796226501e-02
2.829463481903076172e-01
-2.548938095569610596e-01
-2.043398469686508179e-01
-3.481250256299972534e-02
1.765543967485427856e-02
6.137954816222190857e-02
5.547675304114818573e-03
2.609135024249553680e-02
5.532475560903549194e-02
-9.792652726173400879e-02
-3.755347728729248047e-01
-1.019722893834114075e-01
-6.297457218170166016e-02
-8.504796028137207031e-02
-8.130233734846115112e-03
5.763708613812923431e-03
3.372408077120780945e-02
-2.108833491802215576e-01
-4.182433336973190308e-02
2.366041392087936401e-02
1.043708771467208862e-01
-1.791824586689472198e-02
-9.422466903924942017e-02
1.645746231079101562e-01
-3.123263828456401825e-03
-3.324483931064605713e-01
1.865674927830696106e-02
1.413197815418243408e-01
2.586880326271057129e-01
1.863527148962020874e-01
-2.601538039743900299e-02
-2.916639670729637146e-03
-1.565405726432800293e-01
1.351949274539947510e-01
-2.022519856691360474e-01
5.012399516999721527e-03
4.675609245896339417e-02
7.990075647830963135e-02
3.486291319131851196e-02
4.370274022221565247e-02
-1.196009665727615356e-01
6.353104859590530396e-02
1.265477687120437622e-01
-1.834861487150192261e-01
-1.469935197383165359e-02
1.555166244506835938e-01
-1.052223742008209229e-01
-1.273114141076803207e-02
-1.201059222221374512e-01
2.634470462799072266e-01
1.419056355953216553e-01
-1.212877109646797180e-01
-2.580528259277343750e-01
1.094703376293182373e-01
-1.499086320400238037e-01
-1.092518717050552368e-01
7.413164526224136353e-02
-1.403106302022933960e-01
-1.802412420511245728e-01
-3.450136184692382812e-01
-5.141234397888183594e-02
4.003899097442626953e-01
1.078265607357025146e-01
-1.324975341558456421e-01
5.690868943929672241e-02
-1.670922152698040009e-03
1.892830245196819305e-02
1.227437108755111694e-01
2.000329494476318359e-01
1.952353119850158691e-02
6.989091634750366211e-02
-9.104542434215545654e-02
3.656865097582340240e-03
2.539650499820709229e-01
-5.610412359237670898e-02
-5.892289057374000549e-02
2.153707146644592285e-01
-4.273274540901184082e-02
2.218364179134368896e-02
2.042314782738685608e-02
4.229949042201042175e-02
-9.380826354026794434e-02
8.827959746122360229e-02
-2.013148218393325806e-01
-8.822274394333362579e-04
-2.717483043670654297e-02
-1.554085593670606613e-02
4.582473542541265488e-03
8.309157937765121460e-02
-1.438513696193695068e-01
1.055175364017486572e-01
-4.399119690060615540e-02
2.847659960389137268e-02
-1.605630666017532349e-02
1.911234855651855469e-02
-1.026418954133987427e-01
-3.848496079444885254e-02
1.117024421691894531e-01
-2.277351468801498413e-01
2.008834183216094971e-01
1.511717289686203003e-01
4.767933860421180725e-02
1.210558563470840454e-01
1.266448348760604858e-01
9.331444650888442993e-02
-4.691236466169357300e-02
7.035993039608001709e-03
-2.373580336570739746e-01
-6.731497123837471008e-03
1.007963791489601135e-01
-4.616270959377288818e-02
1.890378147363662720e-01
2.296192198991775513e-02
