-1.128566935658454895e-01
5.680710449814796448e-02
-3.500646445900201797e-03
-5.243564024567604065e-02
-1.404657214879989624e-01
1.919970288872718811e-02
-6.149725243449211121e-02
-9.407606720924377441e-02
1.305379271507263184e-01
-1.659843623638153076e-01
2.515042424201965332e-01
-9.016860276460647583e-02
-2.241904586553573608e-01
-6.855248659849166870e-02
-7.440881431102752686e-02
2.075521200895309448e-01
-1.769763827323913574e-01
-1.653953194618225098e-01
-2.391790971159934998e-02
-1.440879516303539276e-02
3.199756890535354614e-02
1.189351826906204224e-02
-1.501100044697523117e-02
1.891948841512203217e-02
-7.559730112552642822e-02
-4.011054635047912598e-01
-8.662868291139602661e-02
-8.045705407857894897e-02
-1.592155545949935913e-02
-5.156291276216506958e-02
-6.386615335941314697e-02
5.537215620279312134e-02
-1.275876313447952271e-01
-1.294654980301856995e-02
4.773290827870368958e-02
1.098071262240409851e-01
9.998368099331855774e-03
-1.059150509536266327e-02
1.380999684333801270e-01
-1.551056653261184692e-02
-2.307229191064834595e-01
-1.334284618496894836e-02
1.011531949043273926e-01
2.399351447820663452e-01
1.368075460195541382e-01
7.755951583385467529e-02
-1.895919814705848694e-02
-1.345311850309371948e-01
1.124178394675254822e-01
-1.630135625600814819e-01
3.061077371239662170e-02
1.104396283626556396e-01
1.040525585412979126e-01
7.408057153224945068e-02
-1.080063171684741974e-03
-1.020866334438323975e-01
1.484285853803157806e-02
1.393875628709793091e-01
-1.487699747085571289e-01
-1.779552362859249115e-02
8.305971324443817139e-02
-5.252879112958908081e-02
-7.495459914207458496e-02
-1.249362379312515259e-01
2.634439766407012939e-01
1.236361786723136902e-01
-1.564946770668029785e-01
-1.920077204704284668e-01
1.059351712465286255e-01
-1.560064852237701416e-01
-1.503364741802215576e-01
-6.759110838174819946e-04
-1.281051188707351685e-01
-1.786837726831436157e-01
-2.770627140998840332e-01
3.933872282505035400e-02
3.731185495853424072e-01
1.119515821337699890e-01
-1.848199665546417236e-01
2.879845723509788513e-02
6.296355277299880981e-02
-1.910020224750041962e-02
1.394632160663604736e-01
1.635476648807525635e-01
-3.502630442380905151e-02
1.799652352929115295e-03
-6.464527547359466553e-02
-3.849624469876289368e-02
1.945462822914123535e-01
-5.957706272602081299e-02
-2.704696170985698700e-02
1.182477921247482300e-01
-6.131121516227722168e-02
1.298263370990753174e-01
2.941483445465564728e-02
7.925394177436828613e-02
-7.557371258735656738e-02
8.743765205144882202e-02
-1.485918462276458740e-01
1.019359193742275238e-02
2.811365947127342224e-02
-3.277819976210594177e-02
-3.235191106796264648e-02
5.753537267446517944e-02
-9.633623808622360229e-02
1.575512588024139404e-01
-2.932427264750003815e-02
2.311690151691436768e-02
1.999931782484054565e-02
9.981973096728324890e-03
-6.042910739779472351e-02
-2.945210598409175873e-02
1.200760826468467712e-01
-2.261657267808914185e-01
2.332708835601806641e-01
1.689105480909347534e-01
6.402018666267395020e-02
1.654519140720367432e-01
1.490791738033294678e-01
8.671762794256210327e-02
6.262874230742454529e-03
3.021435812115669250e-03
-2.561613917350769043e-01
-8.107555657625198364e-02
1.087721213698387146e-01
-8.050871640443801880e-02
7.509437948465347290e-02
-1.694629900157451630e-02
