-2.032763212919235229e-01
6.499559432268142700e-02
8.336542546749114990e-02
-9.496224671602249146e-02
-1.687481999397277832e-01
-6.272432953119277954e-02
-4.963268712162971497e-02
-1.492662578821182251e-01
1.516196429729461670e-01
-1.559633165597915649e-01
2.269541025161743164e-01
-5.648722127079963684e-02
-2.102770358324050903e-01
-6.877673417329788208e-02
-7.092903554439544678e-02
2.149016857147216797e-01
-1.907795965671539307e-01
-1.478594839572906494e-01
-2.077011577785015106e-02
5.197247490286827087e-03
7.726852595806121826e-02
3.829355817288160324e-03
6.399304419755935669e-02
2.667238935828208923e-02
-9.306732565164566040e-02
-4.348090291023254395e-01
-7.089924812316894531e-02
-4.041909053921699524e-02
1.388510968536138535e-02
-4.967720434069633484e-02
-8.048670366406440735e-03
3.943205252289772034e-02
-2.068547308444976807e-01
-1.669941470026969910e-03
-1.824701577425003052e-02
1.174564138054847717e-01
4.142686957493424416e-04
-6.541485339403152466e-02
1.758950948715209961e-01
5.031523853540420532e-02
-2.807899117469787598e-01
-1.555378828197717667e-02
-5.808000452816486359e-03
2.943352758884429932e-01
1.193549484014511108e-01
3.039685636758804321e-02
5.815292894840240479e-02
-1.639074683189392090e-01
1.550333052873611450e-01
-1.832216531038284302e-01
-3.542899340391159058e-02
1.422631740570068359e-01
-1.610997319221496582e-02
-3.975463286042213440e-02
4.307536873966455460e-03
-6.607739627361297607e-02
1.007031649351119995e-01
9.740480035543441772e-02
-1.898540556430816650e-01
7.313253358006477356e-03
1.681357622146606445e-01
-8.703678846359252930e-02
-2.195406518876552582e-02
-1.177207231521606445e-01
2.644267976284027100e-01
5.890028923749923706e-02
-1.111650243401527405e-01
-1.210246607661247253e-01
1.146016046404838562e-01
-9.751731157302856445e-02
-5.977758765220642090e-02
-7.625469937920570374e-03
-1.616362333297729492e-01
-1.798521131277084351e-01
-3.121920228004455566e-01
-2.830240875482559204e-03
4.620564579963684082e-01
8.890245854854583740e-02
-1.376140266656875610e-01
4.234174638986587524e-02
-7.280450314283370972e-02
1.350852474570274353e-02
1.495882123708724976e-01
1.664517521858215332e-01
-5.607154965400695801e-02
5.562580004334449768e-02
-1.260666251182556152e-01
3.228008002042770386e-02
2.301204502582550049e-01
-6.790237873792648315e-02
2.147833816707134247e-02
2.011854350566864014e-01
2.272721007466316223e-02
5.115437507629394531e-02
1.056362688541412354e-02
3.245142102241516113e-02
-1.503377258777618408e-01
6.274740397930145264e-02
-1.136727407574653625e-01
2.617645077407360077e-03
3.626327961683273315e-02
-8.563761413097381592e-02
4.117850959300994873e-02
8.927483111619949341e-02
-1.930245608091354370e-01
1.496714055538177490e-01
-1.223760191351175308e-02
-5.070692393928766251e-03
2.977428212761878967e-02
-2.379850484430789948e-03
-8.488336950540542603e-02
-9.720193594694137573e-02
6.632892042398452759e-02
-1.759914755821228027e-01
1.970766335725784302e-01
2.317276448011398315e-01
9.724669158458709717e-02
1.599525958299636841e-01
1.202738136053085327e-01
8.931612968444824219e-02
-6.931738555431365967e-02
6.619118154048919678e-02
-1.351708769798278809e-01
-3.536410257220268250e-02
7.836807519197463989e-02
-2.615551091730594635e-02
1.013409048318862915e-01
4.759202711284160614e-04
