-6.904162466526031494e-02
1.575442217290401459e-02
-8.235149085521697998e-03
-1.068804636597633362e-01
-1.722125709056854248e-01
3.285156935453414917e-02
-8.383946120738983154e-02
-8.409620076417922974e-02
1.618834584951400757e-01
-1.685250997543334961e-01
1.897437423467636108e-01
-1.126342713832855225e-01
-2.225653678178787231e-01
-4.124429821968078613e-02
-1.545254588127136230e-01
2.062884122133255005e-01
-1.146828532218933105e-01
-1.690225601196289062e-01
2.823989465832710266e-02
2.124946191906929016e-02
7.060558348894119263e-02
-5.622813943773508072e-03
-8.916385122574865818e-04
3.559238836169242859e-02
-8.426377177238464355e-02
-3.647199571132659912e-01
-1.296622604131698608e-01
-5.690772458910942078e-02
-5.003594979643821716e-02
-1.018858850002288818e-01
7.330358959734439850e-03
5.585761740803718567e-03
-1.680741608142852783e-01
2.114167250692844391e-02
5.121468007564544678e-02
5.590132623910903931e-02
1.379521749913692474e-02
-1.225277632474899292e-01
1.356695741415023804e-01
1.733021810650825500e-02
-3.020188808441162109e-01
-2.586839161813259125e-02
1.256627291440963745e-01
2.432594299316406250e-01
1.490283161401748657e-01
2.410584688186645508e-02
-4.499253258109092712e-02
-1.515046954154968262e-01
1.322426646947860718e-01
-1.625925302505493164e-01
5.012688226997852325e-03
1.086601093411445618e-01
6.408054381608963013e-03
2.563212998211383820e-03
5.022305063903331757e-03
-6.495724618434906006e-02
5.151313543319702148e-02
1.864292770624160767e-01
-1.551000326871871948e-01
2.728333696722984314e-02
9.122791886329650879e-02
-4.018209874629974365e-02
-6.230932474136352539e-02
-1.016652137041091919e-01
2.363084107637405396e-01
9.504147619009017944e-02
-1.464548557996749878e-01
-2.394350767135620117e-01
1.766507625579833984e-01
-1.545131206512451172e-01
-4.895835742354393005e-02
9.045387804508209229e-02
-1.630625426769256592e-01
-2.121147811412811279e-01
-2.336943000555038452e-01
-2.258554100990295410e-03
4.121811091899871826e-01
1.278630942106246948e-01
-8.999964594841003418e-02
5.729342252016067505e-02
-2.074777334928512573e-02
5.862089991569519043e-02
1.131578832864761353e-01
1.738506853580474854e-01
4.502602666616439819e-02
-9.970495477318763733e-03
-6.679769605398178101e-02
8.896617218852043152e-04
2.456816136837005615e-01
-7.780319452285766602e-02
-3.581951931118965149e-02
1.996515393257141113e-01
-7.911639660596847534e-02
5.220237746834754944e-02
-3.085041977465152740e-02
5.969678238034248352e-02
-9.938289225101470947e-02
8.493997156620025635e-02
-1.455300897359848022e-01
-3.398057073354721069e-02
4.759995639324188232e-02
-6.724883802235126495e-03
2.533082664012908936e-02
1.366001367568969727e-01
-1.424816250801086426e-01
5.745610967278480530e-02
-1.369826588779687881e-02
1.447272486984729767e-02
5.979501828551292419e-02
7.033599540591239929e-03
-7.531735301017761230e-02
-4.808212071657180786e-02
1.097313985228538513e-01
-2.434818893671035767e-01
2.154412269592285156e-01
1.319589763879776001e-01
1.500437855720520020e-01
8.308735489845275879e-02
1.556907147169113159e-01
4.865141212940216064e-02
5.854985862970352173e-02
-9.072415530681610107e-02
-2.165722399950027466e-01
-1.186605263501405716e-02
3.408534824848175049e-02
-5.781740322709083557e-02
6.454867124557495117e-02
-4.409466311335563660e-02
