-7.482948899269104004e-02
3.060179948806762695e-02
6.179500371217727661e-02
-1.251073181629180908e-01
-1.825073510408401489e-01
-8.436967432498931885e-02
-1.061463207006454468e-01
-1.292738914489746094e-01
1.613047420978546143e-01
-1.289602071046829224e-01
2.316179573535919189e-01
-6.996156275272369385e-02
-1.941064596176147461e-01
-2.956578880548477173e-02
-8.354909718036651611e-02
2.303165048360824585e-01
-1.987815499305725098e-01
-9.936436265707015991e-02
-4.839916899800300598e-02
1.768414862453937531e-02
2.849044464528560638e-02
1.155936904251575470e-02
1.001993268728256226e-01
5.529670044779777527e-02
-4.950604215264320374e-02
-3.843409121036529541e-01
-4.736240208148956299e-02
-8.422751724720001221e-02
-2.534862980246543884e-02
-1.022280426695942879e-03
-4.508358985185623169e-02
5.582437291741371155e-02
-1.861590147018432617e-01
-5.689322948455810547e-02
5.034828558564186096e-02
1.097920611500740051e-01
-3.475695475935935974e-02
-1.097481399774551392e-01
1.687988042831420898e-01
-1.512548420578241348e-02
-3.085508048534393311e-01
-3.440032899379730225e-02
4.477082192897796631e-02
2.008021622896194458e-01
1.678008288145065308e-01
4.407419264316558838e-02
5.440910160541534424e-02
-1.411050856113433838e-01
1.289640218019485474e-01
-1.989187449216842651e-01
1.781239360570907593e-02
8.205913007259368896e-02
2.067273855209350586e-02
-1.570790447294712067e-02
1.138339191675186157e-02
-1.154093742370605469e-01
1.032868027687072754e-01
1.508708596229553223e-01
-1.797087043523788452e-01
-5.448665469884872437e-03
1.816079318523406982e-01
-1.184582859277725220e-01
-5.113205872476100922e-03
-1.224064454436302185e-01
2.640625238418579102e-01
1.023224070668220520e-01
-1.097822487354278564e-01
-1.559583991765975952e-01
8.912244439125061035e-02
-1.450828462839126587e-01
-7.714581489562988281e-02
3.364962711930274963e-02
-1.422239691019058228e-01
-2.018815279006958008e-01
-3.067786097526550293e-01
-4.430873692035675049e-02
3.771929144859313965e-01
1.520712375640869141e-01
-1.369849741458892822e-01
1.190973445773124695e-02
-1.076615881174802780e-04
3.635768964886665344e-02
1.292684078216552734e-01
1.660672724246978760e-01
-2.350859344005584717e-03
6.506890058517456055e-02
-1.091778501868247986e-01
-3.122334927320480347e-02
2.245218753814697266e-01
-1.056979596614837646e-01
1.302254386246204376e-04
2.302713543176651001e-01
-3.712885081768035889e-02
3.279145434498786926e-02
-1.152195036411285400e-04
2.055051736533641815e-02
-1.035768687725067139e-01
9.222311526536941528e-02
-1.351858973503112793e-01
3.660887479782104492e-02
4.144655913114547729e-02
-5.136518552899360657e-02
3.433604910969734192e-02
5.186387524008750916e-02
-1.718057394027709961e-01
7.227589935064315796e-02
-9.224241226911544800e-02
1.173119992017745972e-03
2.641952782869338989e-02
-4.339911788702011108e-02
-6.368562579154968262e-02
-1.030652448534965515e-01
1.405495256185531616e-01
-1.594946533441543579e-01
2.037003934383392334e-01
2.090180665254592896e-01
1.346111744642257690e-01
1.673741042613983154e-01
1.190477907657623291e-01
8.429497480392456055e-02
-2.117147669196128845e-02
-6.672669202089309692e-03
-1.844189763069152832e-01
-3.450717777013778687e-02
8.154255151748657227e-02
-3.810369968414306641e-02
1.396540254354476929e-01
2.379799634218215942e-02
