-1.805065125226974487e-01
7.960821688175201416e-02
7.252231985330581665e-02
-1.091477870941162109e-01
-1.365160048007965088e-01
3.485443443059921265e-02
-5.954065546393394470e-02
-1.510777175426483154e-01
1.865760236978530884e-01
-2.057529389858245850e-01
2.893952429294586182e-01
-9.620794653892517090e-02
-1.924548000097274780e-01
-1.030441522598266602e-01
-5.613471940159797668e-02
2.521098256111145020e-01
-2.255372554063796997e-01
-1.695640385150909424e-01
-8.728938177227973938e-03
-2.442608401179313660e-02
7.922299206256866455e-02
-1.228201016783714294e-02
5.586279928684234619e-02
3.143998980522155762e-02
-1.571432650089263916e-01
-4.379471242427825928e-01
-6.805610656738281250e-02
-5.540254339575767517e-02
1.171502843499183655e-02
-3.874668478965759277e-02
-9.442391246557235718e-02
7.156020402908325195e-02
-2.786353528499603271e-01
-6.458571180701255798e-03
-4.566073790192604065e-02
1.618192940950393677e-01
2.036886289715766907e-02
-6.105766072869300842e-02
1.079436615109443665e-01
-1.744986698031425476e-02
-2.417807281017303467e-01
-1.334153302013874054e-02
1.306414045393466949e-02
2.132627367973327637e-01
1.210604682564735413e-01
-2.173278480768203735e-02
2.372518554329872131e-02
-1.205627769231796265e-01
8.342584967613220215e-02
-2.107974290847778320e-01
2.852523699402809143e-02
6.667238473892211914e-02
1.730666309595108032e-02
-1.393854618072509766e-04
3.337459638714790344e-04
-1.159593686461448669e-01
5.892013199627399445e-03
1.562988311052322388e-01
-1.572246998548507690e-01
3.510509384796023369e-03
8.349936455488204956e-02
-1.285178214311599731e-01
-4.727481678128242493e-02
-1.676616966724395752e-01
2.488813251256942749e-01
1.786317378282546997e-01
-7.996010035276412964e-02
-2.162145823240280151e-01
1.078926175832748413e-01
-6.795641034841537476e-02
-2.976643480360507965e-02
3.967059403657913208e-02
-1.316058188676834106e-01
-1.625885665416717529e-01
-3.563513457775115967e-01
1.274482812732458115e-02
4.016928672790527344e-01
7.857239991426467896e-02
-1.511771678924560547e-01
3.941155225038528442e-02
-3.264858573675155640e-02
7.225657347589731216e-03
1.237156242132186890e-01
1.299152225255966187e-01
-5.252659320831298828e-07
6.592203676700592041e-02
-1.160890087485313416e-01
7.333194464445114136e-02
2.028025388717651367e-01
-7.427455484867095947e-02
-1.661781780421733856e-02
1.932881921529769897e-01
-7.756234705448150635e-02
5.969608947634696960e-02
4.400483332574367523e-03
5.278946086764335632e-02
-1.142183244228363037e-01
8.239262551069259644e-02
-1.064862534403800964e-01
3.099413961172103882e-02
-1.171153038740158081e-03
-6.125452369451522827e-02
-3.150782734155654907e-02
7.949347048997879028e-02
-1.549782305955886841e-01
9.172544628381729126e-02
-5.183532088994979858e-02
-4.226811230182647705e-03
1.583908498287200928e-02
-4.093755781650543213e-02
-6.625519692897796631e-02
-5.466972663998603821e-02
9.288290888071060181e-02
-2.654495239257812500e-01
1.828453838825225830e-01
2.072906345129013062e-01
4.232314974069595337e-02
2.166236490011215210e-01
9.735800325870513916e-02
9.393982589244842529e-02
-4.322080314159393311e-02
2.272156253457069397e-02
-2.216154187917709351e-01
1.165605382993817329e-03
1.209008395671844482e-01
-6.465365737676620483e-02
7.851032167673110962e-02
2.934154868125915527e-02
