-8.996947109699249268e-02
7.915376126766204834e-02
4.371341317892074585e-02
-1.356228888034820557e-01
-1.305436044931411743e-01
-2.824506536126136780e-02
-1.029889285564422607e-01
-8.335880190134048462e-02
1.662544906139373779e-01
-1.267726272344589233e-01
2.468811422586441040e-01
-1.968903653323650360e-02
-2.039116322994232178e-01
-1.148793324828147888e-01
-3.198845684528350830e-02
2.429572045803070068e-01
-2.679735720157623291e-01
-1.811994016170501709e-01
-2.591764181852340698e-02
4.101356118917465210e-02
5.519200116395950317e-02
7.979145739227533340e-04
1.655628159642219543e-02
2.244593575596809387e-02
-1.064755693078041077e-01
-4.274095296859741211e-01
-6.606884300708770752e-02
-7.235321402549743652e-02
1.677490025758743286e-02
-3.779626265168190002e-02
-6.796900182962417603e-02
-1.843831618316471577e-03
-2.171119898557662964e-01
-2.986938692629337311e-02
2.153304219245910645e-02
1.252821087837219238e-01
-1.858845166862010956e-02
-9.924090653657913208e-02
8.415210247039794922e-02
1.656803861260414124e-02
-2.710621654987335205e-01
2.289137803018093109e-02
4.733978584408760071e-02
1.715488582849502563e-01
1.926742941141128540e-01
4.846901819109916687e-02
6.234848871827125549e-02
-1.493665426969528198e-01
1.416907906532287598e-01
-1.623415201902389526e-01
-2.551189810037612915e-02
7.289709150791168213e-02
7.391200959682464600e-02
4.571253433823585510e-02
1.408096682280302048e-02
-1.379281282424926758e-01
3.367615118622779846e-02
1.129886955022811890e-01
-1.703971475362777710e-01
-2.627323195338249207e-02
7.730284333229064941e-02
-6.103665009140968323e-02
-2.194726653397083282e-02
-1.360886543989181519e-01
2.453311085700988770e-01
9.260444343090057373e-02
-1.232812702655792236e-01
-2.093440145254135132e-01
1.233885288238525391e-01
-1.342016011476516724e-01
-1.036810427904129028e-01
3.411645069718360901e-02
-1.065292507410049438e-01
-1.478430032730102539e-01
-2.919662892818450928e-01
-4.782796651124954224e-02
3.344811201095581055e-01
1.048983931541442871e-01
-1.770273298025131226e-01
3.061788529157638550e-02
-9.254813194274902344e-03
8.874086663126945496e-03
8.090906590223312378e-02
1.448994129896163940e-01
-1.121549867093563080e-02
9.135241806507110596e-02
-1.334485858678817749e-01
-2.364999242126941681e-02
2.433924674987792969e-01
-7.351384311914443970e-02
3.113496489822864532e-02
1.834542453289031982e-01
-4.073413088917732239e-02
1.429712176322937012e-01
1.813763193786144257e-02
2.605311200022697449e-02
-1.192891150712966919e-01
9.602651745080947876e-02
-1.200963184237480164e-01
-1.215376704931259155e-02
2.385885454714298248e-03
-2.148284390568733215e-02
-3.255599876865744591e-03
5.563463643193244934e-02
-6.313664466142654419e-02
1.189590021967887878e-01
-2.338570915162563324e-02
5.652746558189392090e-02
-7.912665605545043945e-03
2.045334316790103912e-02
-4.992088302969932556e-02
-8.399672061204910278e-02
9.126096963882446289e-02
-1.916977018117904663e-01
2.408588677644729614e-01
2.029962688684463501e-01
7.722987234592437744e-02
1.255327165126800537e-01
1.293381303548812866e-01
7.472101598978042603e-02
-7.338581979274749756e-02
-1.377857197076082230e-02
-2.202040702104568481e-01
-2.955071814358234406e-02
5.586021393537521362e-02
-7.341146469116210938e-02
1.255448162555694580e-01
3.306368365883827209e-03
