-1.364696472883224487e-01
9.989203512668609619e-02
7.233031094074249268e-02
-1.732969731092453003e-01
-8.266564458608627319e-02
-1.361917890608310699e-02
-9.821396321058273315e-02
-9.130786359310150146e-02
2.178840786218643188e-01
-2.156676948070526123e-01
1.976681649684906006e-01
-8.424612134695053101e-02
-1.842602491378784180e-01
-1.296302210539579391e-02
-4.436238110065460205e-02
2.352218627929687500e-01
-2.370857894420623779e-01
-1.420397907495498657e-01
3.384067676961421967e-03
1.311541814357042313e-02
1.130392868071794510e-02
1.018207892775535583e-02
-2.316669374704360962e-02
9.351287037134170532e-02
-1.365514248609542847e-01
-3.800888955593109131e-01
-1.198564767837524414e-01
-4.710412025451660156e-02
-7.181013375520706177e-02
-6.394474953413009644e-02
-4.267801344394683838e-02
1.240709051489830017e-02
-1.908606588840484619e-01
-3.369592875242233276e-02
-6.655438989400863647e-02
1.048052534461021423e-01
1.245149690657854080e-02
-8.242191374301910400e-02
1.329707801342010498e-01
5.614864081144332886e-02
-3.005397319793701172e-01
1.287985965609550476e-02
8.726511150598526001e-02
2.653483152389526367e-01
1.620818823575973511e-01
-6.930415518581867218e-03
-2.003667876124382019e-03
-9.492748975753784180e-02
1.438038647174835205e-01
-2.088573426008224487e-01
-4.063241928815841675e-02
8.908940106630325317e-02
3.626533970236778259e-02
4.464156553149223328e-02
1.639151480048894882e-03
-5.562584847211837769e-02
6.599874794483184814e-02
1.499880254268646240e-01
-2.069830149412155151e-01
-1.518854685127735138e-02
1.275688111782073975e-01
-7.222833484411239624e-02
4.096651449799537659e-02
-6.774451583623886108e-02
2.704288959503173828e-01
1.720980107784271240e-01
-1.155651509761810303e-01
-1.854278147220611572e-01
1.197698861360549927e-01
-1.488619744777679443e-01
-8.658926188945770264e-02
2.685589715838432312e-02
-8.861079066991806030e-02
-1.734773069620132446e-01
-3.011921346187591553e-01
-4.224704578518867493e-03
3.450212776660919189e-01
1.370633840560913086e-01
-1.167922690510749817e-01
8.118498325347900391e-02
-5.546703562140464783e-02
-6.471146643161773682e-02
1.242054775357246399e-01
2.026312649250030518e-01
2.679320983588695526e-02
6.583286821842193604e-02
-4.309256747364997864e-02
1.878565177321434021e-02
2.471758574247360229e-01
2.627992071211338043e-03
3.952756151556968689e-02
1.946926265954971313e-01
-4.338984377682209015e-03
5.679441615939140320e-02
8.595643565058708191e-03
6.262148171663284302e-02
-1.663431823253631592e-01
8.250680565834045410e-02
-1.396460831165313721e-01
5.350663885474205017e-02
-4.941708594560623169e-02
1.338563207536935806e-02
-2.741557545959949493e-05
9.792147576808929443e-02
-1.609253436326980591e-01
2.124599665403366089e-01
8.322287350893020630e-03
-2.924490906298160553e-02
-1.011395826935768127e-02
6.649286299943923950e-02
-8.203843608498573303e-03
-6.969433277845382690e-02
1.000680923461914062e-01
-2.091000229120254517e-01
1.261594891548156738e-01
1.477117240428924561e-01
2.865197882056236267e-02
1.433534175157546997e-01
9.760282188653945923e-02
9.742255508899688721e-02
-4.096875712275505066e-02
1.466187462210655212e-02
-2.095917314291000366e-01
-2.538309432566165924e-02
7.330357283353805542e-02
-9.518357366323471069e-02
1.460843384265899658e-01
2.023522183299064636e-02
