-5.958596616983413696e-02
6.487657129764556885e-02
7.806268986314535141e-03
-1.505839228630065918e-01
-1.177654638886451721e-01
-6.338860839605331421e-02
-8.456190675497055054e-02
-1.846824586391448975e-01
1.986654549837112427e-01
-2.060179412364959717e-01
2.551498413085937500e-01
-7.755510509014129639e-02
-1.958722621202468872e-01
-9.772710502147674561e-02
-1.047694589942693710e-02
2.511123716831207275e-01
-2.759701013565063477e-01
-1.324039101600646973e-01
-2.339866012334823608e-02
-5.654400214552879333e-02
2.194762788712978363e-02
-2.424161136150360107e-02
5.489888042211532593e-02
8.062092959880828857e-02
-9.268283843994140625e-02
-3.955163955688476562e-01
-1.091720759868621826e-01
-1.512511968612670898e-01
-6.399472244083881378e-03
5.078483838587999344e-03
-4.085856489837169647e-03
9.704165160655975342e-02
-1.942562609910964966e-01
-1.449165493249893188e-02
4.457485303282737732e-02
1.003773659467697144e-01
4.781152820214629173e-04
-5.334349721670150757e-02
1.293104737997055054e-01
-8.733412250876426697e-03
-2.023559510707855225e-01
-4.196209460496902466e-02
9.633446484804153442e-02
1.973459571599960327e-01
1.628154367208480835e-01
1.210408285260200500e-02
6.264606118202209473e-02
-1.039107590913772583e-01
1.327735036611557007e-01
-1.703685224056243896e-01
2.003032341599464417e-02
7.543188333511352539e-02
9.649132937192916870e-02
3.898674994707107544e-02
7.390218973159790039e-02
-1.718578338623046875e-01
4.911208152770996094e-02
1.405170261859893799e-01
-1.975590735673904419e-01
2.651993371546268463e-02
1.034824028611183167e-01
-3.035166114568710327e-02
-1.077368110418319702e-01
-5.515114590525627136e-02
3.130461275577545166e-01
2.004704028367996216e-01
-1.558803468942642212e-01
-1.846861541271209717e-01
1.717216372489929199e-01
-1.149017512798309326e-01
-6.820377707481384277e-02
3.490886650979518890e-03
-1.930517852306365967e-01
-1.560592055320739746e-01
-2.313000708818435669e-01
-6.243538483977317810e-02
3.438054025173187256e-01
3.742469102144241333e-02
-1.695456653833389282e-01
1.721119880676269531e-02
-3.219955787062644958e-02
-1.275104936212301254e-02
7.739012688398361206e-02
1.406010836362838745e-01
1.254208013415336609e-02
-1.083305105566978455e-02
-3.527304902672767639e-02
2.452093735337257385e-02
1.754781156778335571e-01
-1.085733920335769653e-01
3.774202615022659302e-02
2.278643101453781128e-01
-9.849102050065994263e-02
2.458494529128074646e-02
-4.468403011560440063e-02
3.321123309433460236e-03
-1.088244542479515076e-01
9.477262943983078003e-02
-1.273211687803268433e-01
-4.103439394384622574e-03
1.798433810472488403e-02
-5.715938284993171692e-02
-4.693360626697540283e-02
3.892084211111068726e-02
-2.005324363708496094e-01
9.859877824783325195e-02
-1.609099656343460083e-02
1.071020402014255524e-02
7.439137902110815048e-03
-3.474309109151363373e-03
-9.206696599721908569e-02
-5.255168303847312927e-02
1.544437259435653687e-01
-2.262539714574813843e-01
2.819544672966003418e-01
2.041935473680496216e-01
3.102701902389526367e-02
1.446478515863418579e-01
4.031395539641380310e-02
7.606473565101623535e-02
3.596422821283340454e-02
-5.658906325697898865e-02
-2.255637496709823608e-01
-3.313618898391723633e-02
5.982254818081855774e-02
-9.122674167156219482e-02
-2.077678963541984558e-02
-2.413844317197799683e-02
