-1.449955254793167114e-01
1.120139360427856445e-01
2.661422640085220337e-02
-1.288740783929824829e-01
-1.019082441926002502e-01
-7.426328025758266449e-03
-4.595281928777694702e-02
-1.526973992586135864e-01
1.630123108625411987e-01
-1.244325116276741028e-01
2.890610098838806152e-01
-1.078381687402725220e-01
-2.058363258838653564e-01
-1.142717078328132629e-01
-5.053989216685295105e-02
2.245208173990249634e-01
-2.541390359401702881e-01
-1.523590087890625000e-01
5.937424488365650177e-03
-1.084491610527038574e-02
8.777286112308502197e-02
-7.955009117722511292e-03
5.296334624290466309e-03
7.314031571149826050e-02
-1.326707899570465088e-01
-3.907428085803985596e-01
-8.658310770988464355e-02
-1.115887910127639771e-01
3.179174661636352539e-02
-1.100983098149299622e-02
-3.514904156327247620e-02
8.475106954574584961e-02
-2.195289283990859985e-01
-5.681280046701431274e-02
3.487654402852058411e-02
9.347091615200042725e-02
3.023397736251354218e-02
-4.399505630135536194e-02
1.393492072820663452e-01
-2.640450000762939453e-02
-2.513501346111297607e-01
-3.848844394087791443e-02
1.036510318517684937e-01
2.053012400865554810e-01
9.616130590438842773e-02
2.181961666792631149e-03
2.599301747977733612e-02
-1.358227133750915527e-01
7.361781597137451172e-02
-1.452900916337966919e-01
7.455634884536266327e-03
1.165371090173721313e-01
4.580200091004371643e-02
4.728601872920989990e-02
-2.341339364647865295e-03
-1.400713920593261719e-01
3.737827762961387634e-02
1.121021360158920288e-01
-1.639824360609054565e-01
2.965090563520789146e-03
9.634520113468170166e-02
-8.058527857065200806e-02
-5.152117460966110229e-02
-8.716420829296112061e-02
2.217263281345367432e-01
1.447971612215042114e-01
-8.845837414264678955e-02
-2.516425549983978271e-01
1.325971037149429321e-01
-8.989547938108444214e-02
-1.056774705648422241e-01
6.161279231309890747e-02
-1.506249755620956421e-01
-1.383613198995590210e-01
-3.053765892982482910e-01
-2.345337159931659698e-02
3.728127181529998779e-01
5.052014812827110291e-02
-1.639816612005233765e-01
5.043470859527587891e-02
-2.708395943045616150e-02
-4.613634943962097168e-02
1.374692022800445557e-01
1.480934470891952515e-01
-2.295648679137229919e-03
4.421168565750122070e-02
-6.750376522541046143e-02
4.391688853502273560e-02
2.147247493267059326e-01
-6.090706214308738708e-02
-2.915845485404133797e-03
1.818916052579879761e-01
-6.660667061805725098e-02
9.204191714525222778e-02
1.228270865976810455e-02
5.529714375734329224e-02
-9.346076846122741699e-02
1.020365208387374878e-01
-1.324053406715393066e-01
7.778642699122428894e-03
4.808788746595382690e-02
2.581337001174688339e-03
-2.375261113047599792e-02
1.170627921819686890e-01
-1.585117280483245850e-01
8.826556056737899780e-02
5.960332695394754410e-03
2.420598641037940979e-03
-2.187461126595735550e-03
-8.929403498768806458e-03
-5.771449208259582520e-02
-4.068244621157646179e-02
1.208587512373924255e-01
-1.881401091814041138e-01
2.516765296459197998e-01
1.824180781841278076e-01
6.293548643589019775e-02
1.065356209874153137e-01
1.316831558942794800e-01
2.367716096341609955e-02
1.741913333535194397e-02
-4.169247299432754517e-02
-2.469617873430252075e-01
-1.228326745331287384e-02
1.266832798719406128e-01
-1.119640171527862549e-01
5.238856002688407898e-02
-3.608467802405357361e-02
