-1.158603057265281677e-01
5.063288286328315735e-02
2.144642733037471771e-02
-1.287300288677215576e-01
-9.617517888545989990e-02
-5.450037121772766113e-02
-1.233953461050987244e-01
-1.252923458814620972e-01
1.696907579898834229e-01
-1.699453592300415039e-01
2.371230572462081909e-01
-4.881272092461585999e-02
-1.212444081902503967e-01
-1.146941632032394409e-01
-6.763838231563568115e-02
2.065435647964477539e-01
-2.473620772361755371e-01
-1.378507316112518311e-01
-6.160238757729530334e-03
1.711161062121391296e-02
8.323282748460769653e-02
-1.135582104325294495e-02
2.495754137635231018e-02
7.934377342462539673e-02
-1.029176414012908936e-01
-3.690266907215118408e-01
-6.545576453208923340e-02
-1.082109510898590088e-01
2.109348215162754059e-02
-3.588236123323440552e-02
-1.430203393101692200e-02
-6.683800835162401199e-03
-2.180607616901397705e-01
-2.762359380722045898e-02
-1.619980856776237488e-02
9.915824234485626221e-02
6.611993536353111267e-03
-9.383349865674972534e-02
1.514100283384323120e-01
3.062258847057819366e-02
-2.525022923946380615e-01
-7.029776927083730698e-03
7.763293571770191193e-03
2.518183887004852295e-01
1.517955511808395386e-01
3.771534562110900879e-02
2.174120023846626282e-02
-1.003478690981864929e-01
1.891053169965744019e-01
-2.401331365108489990e-01
-3.094103187322616577e-02
6.319776177406311035e-02
3.088372945785522461e-02
-6.159673444926738739e-03
4.734970256686210632e-02
-9.799254685640335083e-02
1.072239205241203308e-01
1.578486263751983643e-01
-2.156572639942169189e-01
2.182042412459850311e-02
3.161805868148803711e-02
-8.150947839021682739e-02
-3.895905800163745880e-03
-1.051836982369422913e-01
2.741900980472564697e-01
1.317898929119110107e-01
-9.526599198579788208e-02
-1.508237421512603760e-01
7.919555157423019409e-02
-1.343619823455810547e-01
-8.808779716491699219e-02
4.678388684988021851e-02
-8.836439996957778931e-02
-1.856845766305923462e-01
-3.239491879940032959e-01
-3.618399053812026978e-02
4.082648456096649170e-01
1.429091244935989380e-01
-1.684086620807647705e-01
7.852503657341003418e-02
1.167171820998191833e-02
-1.401860825717449188e-02
1.677108705043792725e-01
1.543666720390319824e-01
-2.079817652702331543e-02
8.287146687507629395e-02
-8.810488134622573853e-02
-3.486576303839683533e-02
2.350292652845382690e-01
-4.709969088435173035e-02
6.230615079402923584e-03
2.153023630380630493e-01
-5.950579792261123657e-02
6.700194627046585083e-02
1.002623513340950012e-02
-2.296246029436588287e-02
-1.029709428548812866e-01
7.953933626413345337e-02
-9.079040586948394775e-02
-3.191075287759304047e-03
5.012197792530059814e-02
-2.835448272526264191e-02
1.316491607576608658e-02
4.489287734031677246e-02
-1.942219436168670654e-01
1.024951636791229248e-01
-3.687022253870964050e-02
-1.031530648469924927e-02
2.211035788059234619e-02
-1.774225383996963501e-03
-7.156896591186523438e-02
-4.354890063405036926e-02
1.075911074876785278e-01
-2.256913334131240845e-01
2.161318957805633545e-01
2.105963826179504395e-01
9.164880961179733276e-02
1.785475611686706543e-01
1.103527173399925232e-01
3.115430101752281189e-02
-5.074952542781829834e-02
2.017732337117195129e-02
-1.756680607795715332e-01
-3.848773986101150513e-02
8.949957787990570068e-02
-6.540523469448089600e-02
1.251183748245239258e-01
-2.756783366203308105e-02
