-1.282971799373626709e-01
1.247854530811309814e-01
2.807379141449928284e-02
-1.078330650925636292e-01
-1.688176244497299194e-01
1.863867044448852539e-02
-1.162879541516304016e-01
-8.199813216924667358e-02
2.003189921379089355e-01
-1.824328303337097168e-01
2.356147915124893188e-01
-8.698604255914688110e-02
-1.935755610466003418e-01
-9.304009377956390381e-02
-7.869939506053924561e-02
2.286771386861801147e-01
-2.447952032089233398e-01
-1.452959477901458740e-01
1.233206503093242645e-02
3.249418362975120544e-02
9.948493540287017822e-02
-1.944489218294620514e-02
1.682285591959953308e-02
4.219533130526542664e-02
-8.774314820766448975e-02
-4.390296339988708496e-01
-6.970848143100738525e-02
-5.914145708084106445e-02
6.001260131597518921e-02
-9.316316246986389160e-02
-5.353172123432159424e-02
2.954961918294429779e-02
-2.279482185840606689e-01
-4.108310490846633911e-02
-1.519907731562852859e-02
1.037400364875793457e-01
6.567994132637977600e-04
-7.836565375328063965e-02
1.154685765504837036e-01
-9.779727086424827576e-03
-2.501863539218902588e-01
-4.348155111074447632e-02
4.529058560729026794e-02
2.042261660099029541e-01
1.258196085691452026e-01
4.656596481800079346e-02
1.405023876577615738e-02
-1.465996652841567993e-01
1.315204650163650513e-01
-1.672707796096801758e-01
-3.497286885976791382e-02
1.278947442770004272e-01
2.920494228601455688e-02
5.467486009001731873e-02
7.634331006556749344e-03
-9.499376267194747925e-02
7.204957306385040283e-02
1.619198024272918701e-01
-1.587636172771453857e-01
2.327410317957401276e-02
7.366815954446792603e-02
-7.442602515220642090e-02
-2.021464146673679352e-02
-1.083209589123725891e-01
2.746838033199310303e-01
1.052714660763740540e-01
-6.643114238977432251e-02
-2.159257531166076660e-01
1.181472688913345337e-01
-1.296175718307495117e-01
-7.379352301359176636e-02
4.584075137972831726e-02
-1.028674617409706116e-01
-1.727317124605178833e-01
-2.563776075839996338e-01
-4.742874950170516968e-02
3.315845429897308350e-01
1.299326270818710327e-01
-1.325696557760238647e-01
6.789483129978179932e-02
1.466038287617266178e-03
-4.401305317878723145e-02
1.220171451568603516e-01
1.856838166713714600e-01
-2.163556218147277832e-02
6.201499700546264648e-02
-5.660499632358551025e-02
2.039484493434429169e-02
2.409997880458831787e-01
-6.383807957172393799e-02
5.234040692448616028e-02
2.339116781949996948e-01
-3.956862166523933411e-02
9.827070683240890503e-02
-3.001184668391942978e-03
-3.553921356797218323e-02
-9.722083806991577148e-02
9.102626889944076538e-02
-9.459678083658218384e-02
-1.370159629732370377e-02
3.484638407826423645e-02
-5.771611258387565613e-02
-8.667865768074989319e-03
6.298258900642395020e-02
-1.553592532873153687e-01
7.301915436983108521e-02
-2.991167642176151276e-02
4.652275517582893372e-02
4.462701454758644104e-02
-9.920107200741767883e-03
-5.718944221735000610e-02
-7.873660326004028320e-02
1.307357996702194214e-01
-2.068543285131454468e-01
2.500038146972656250e-01
2.085794508457183838e-01
9.088908135890960693e-02
1.393393576145172119e-01
1.351512372493743896e-01
8.795921504497528076e-02
1.717587560415267944e-02
-3.546576201915740967e-02
-1.834518760442733765e-01
8.238973096013069153e-03
1.013918071985244751e-01
-1.197987273335456848e-01
5.386976897716522217e-02
-4.323818534612655640e-02
