-1.196509823203086853e-01
8.672673255205154419e-02
1.865408197045326233e-02
-1.247160583734512329e-01
-1.537730842828750610e-01
-3.809780254960060120e-02
-5.298481509089469910e-02
-7.670829445123672485e-02
1.790265589952468872e-01
-1.310336887836456299e-01
2.552976906299591064e-01
-5.858124420046806335e-02
-2.250109910964965820e-01
-7.166150212287902832e-02
-2.930025756359100342e-02
2.335174083709716797e-01
-2.168911844491958618e-01
-1.385547816753387451e-01
-3.156317770481109619e-02
6.657087802886962891e-02
1.269522309303283691e-01
1.375805586576461792e-02
7.078457623720169067e-02
9.389469772577285767e-02
-9.426724910736083984e-02
-4.218459725379943848e-01
-7.404170930385589600e-02
-8.138348162174224854e-02
-2.629865333437919617e-02
-9.754613041877746582e-02
-2.935469523072242737e-02
-1.219338178634643555e-02
-2.028469443321228027e-01
-4.597806185483932495e-02
3.013919107615947723e-03
1.007782518863677979e-01
-4.133507609367370605e-02
-1.319390684366226196e-01
1.612431555986404419e-01
2.588327974081039429e-02
-3.295746445655822754e-01
3.540176153182983398e-02
5.938624963164329529e-02
2.309602946043014526e-01
1.486081629991531372e-01
4.936696588993072510e-02
9.012683294713497162e-03
-1.290677487850189209e-01
1.332871913909912109e-01
-1.918883621692657471e-01
-3.434454649686813354e-02
7.761440426111221313e-02
8.029834181070327759e-02
-1.027203816920518875e-02
1.808816008269786835e-02
-6.774818897247314453e-02
9.219769388437271118e-02
1.201970204710960388e-01
-2.353257089853286743e-01
-5.219971388578414917e-02
1.086262390017509460e-01
-6.721504777669906616e-02
1.715654879808425903e-02
-1.149765551090240479e-01
2.368912994861602783e-01
9.062030166387557983e-02
-1.076390370726585388e-01
-1.479150801897048950e-01
9.446517378091812134e-02
-1.431903094053268433e-01
-9.377959370613098145e-02
8.717410266399383545e-02
-1.304381936788558960e-01
-2.107232809066772461e-01
-2.605523169040679932e-01
-3.792924433946609497e-02
4.007036685943603516e-01
1.106911748647689819e-01
-1.334934681653976440e-01
6.559322122484445572e-03
-5.190770141780376434e-03
-5.940057802945375443e-03
1.013901233673095703e-01
1.634648293256759644e-01
7.780024781823158264e-03
2.418946102261543274e-02
-1.209653764963150024e-01
2.677602320909500122e-02
2.426984012126922607e-01
-9.408210963010787964e-02
2.384405769407749176e-02
2.292475849390029907e-01
2.441854774951934814e-02
8.696123212575912476e-02
-7.683522067964076996e-03
1.050276681780815125e-02
-9.433989226818084717e-02
1.158957928419113159e-01
-1.134066879749298096e-01
4.539340361952781677e-02
-1.734844595193862915e-02
-1.816163584589958191e-02
-6.106765940785408020e-03
6.106238439679145813e-02
-1.535856127738952637e-01
7.663746178150177002e-02
-4.786794539541006088e-03
-3.581232950091362000e-02
9.793933480978012085e-03
2.406396716833114624e-02
-8.935502171516418457e-02
-1.009811908006668091e-01
5.450036749243736267e-02
-2.263196259737014771e-01
1.938192099332809448e-01
2.236686646938323975e-01
8.460043370723724365e-02
9.995286166667938232e-02
7.803892344236373901e-02
5.101853236556053162e-02
-1.529407687485218048e-02
-1.978243142366409302e-02
-2.382888346910476685e-01
-2.421238459646701813e-02
1.261783838272094727e-01
-6.107901036739349365e-02
1.152513399720191956e-01
-3.805764019489288330e-02
