-1.471122801303863525e-01
1.135584861040115356e-01
3.494112566113471985e-02
-6.831616163253784180e-02
-1.281143873929977417e-01
-6.954035162925720215e-02
-1.874077320098876953e-02
-2.211316823959350586e-01
2.013566046953201294e-01
-1.710041761398315430e-01
3.124159276485443115e-01
-8.992137014865875244e-02
-1.744272857904434204e-01
-1.217115744948387146e-01
-1.527685672044754028e-02
2.043029665946960449e-01
-2.533112764358520508e-01
-1.633895039558410645e-01
1.398489344865083694e-02
-2.701022848486900330e-02
5.955346301198005676e-02
-4.800416901707649231e-02
1.126177459955215454e-01
7.386400550603866577e-02
-1.339291632175445557e-01
-3.881945312023162842e-01
-1.114517375826835632e-01
-1.340587586164474487e-01
2.813708782196044922e-02
-2.367897517979145050e-02
-1.907203346490859985e-02
5.785228684544563293e-02
-2.211805582046508789e-01
-6.103985756635665894e-02
-2.407941967248916626e-02
7.451845705509185791e-02
3.837889432907104492e-02
-7.052274793386459351e-02
1.899397075176239014e-01
-5.734936147928237915e-02
-2.320875227451324463e-01
-5.260191857814788818e-02
3.666780143976211548e-02
2.378125488758087158e-01
6.210049986839294434e-02
-3.845535218715667725e-02
3.660324588418006897e-02
-1.135182529687881470e-01
6.343452632427215576e-02
-1.173098608851432800e-01
-1.779060252010822296e-02
8.949141204357147217e-02
2.179667167365550995e-02
-2.361894771456718445e-02
3.727104514837265015e-03
-8.630208671092987061e-02
3.848890215158462524e-02
9.609965234994888306e-02
-1.949975937604904175e-01
-7.308023516088724136e-03
1.331456452608108521e-01
-7.598818093538284302e-02
-5.685396492481231689e-02
-1.231027320027351379e-01
2.722904086112976074e-01
1.339572519063949585e-01
-9.885585308074951172e-02
-1.618269532918930054e-01
8.665676414966583252e-02
-9.052004665136337280e-02
-6.728985905647277832e-02
4.152813181281089783e-02
-1.492993682622909546e-01
-1.815225630998611450e-01
-3.053614795207977295e-01
-4.335672408342361450e-02
4.132589101791381836e-01
6.000443547964096069e-02
-1.444654464721679688e-01
4.143619164824485779e-02
-7.479890435934066772e-02
-4.101501777768135071e-02
1.021350994706153870e-01
1.548903137445449829e-01
9.847810491919517517e-03
1.011056452989578247e-01
-1.190771311521530151e-01
6.926961243152618408e-02
1.592422276735305786e-01
-8.716127276420593262e-02
-9.349043481051921844e-03
2.184398472309112549e-01
-5.732843279838562012e-02
5.192715674638748169e-02
-1.250468194484710693e-04
4.825579375028610229e-02
-9.970217943191528320e-02
9.044289588928222656e-02
-1.109782457351684570e-01
5.036990717053413391e-02
3.196100145578384399e-02
-3.473563492298126221e-02
-2.391425333917140961e-02
4.492925852537155151e-02
-1.696764528751373291e-01
6.231237575411796570e-02
1.135899499058723450e-02
-1.937184296548366547e-02
-1.244688779115676880e-02
-1.378509402275085449e-02
-7.787165045738220215e-02
-8.447576314210891724e-02
1.005562692880630493e-01
-2.597868740558624268e-01
1.779544800519943237e-01
1.926970183849334717e-01
2.211490273475646973e-02
1.867102235555648804e-01
5.557900667190551758e-02
6.363879889249801636e-02
-3.978614136576652527e-02
-1.322592142969369888e-02
-1.878357380628585815e-01
-1.741616427898406982e-02
8.841686695814132690e-02
-6.350714713335037231e-02
8.487184345722198486e-02
4.263982642441987991e-03
