-6.378281861543655396e-02
-2.159990742802619934e-02
7.039765268564224243e-02
-7.423885166645050049e-02
-8.074156939983367920e-02
-2.651872485876083374e-02
-1.043963432312011719e-01
-1.376720219850540161e-01
1.293426454067230225e-01
-2.431408464908599854e-01
1.481884419918060303e-01
-7.239118218421936035e-02
-1.712340414524078369e-01
-3.626073524355888367e-02
-4.814135283231735229e-02
2.188020050525665283e-01
-1.451634168624877930e-01
-1.812298595905303955e-01
-8.387546986341476440e-02
-3.090770356357097626e-02
8.921905420720577240e-03
5.768218636512756348e-02
1.736991107463836670e-02
2.372284419834613800e-02
-1.053817197680473328e-01
-3.663725256919860840e-01
-6.618769466876983643e-02
-8.666517585515975952e-02
-3.026226162910461426e-02
6.639120168983936310e-03
-6.173273175954818726e-02
6.154890730977058411e-02
-1.852321624755859375e-01
2.858366817235946655e-02
3.451740741729736328e-02
1.417762935161590576e-01
5.399547517299652100e-02
-8.137985318899154663e-02
1.264942884445190430e-01
2.642257884144783020e-02
-3.029690086841583252e-01
-2.762905508279800415e-02
6.019894033670425415e-02
2.204920798540115356e-01
1.636650711297988892e-01
-2.878522500395774841e-02
6.348980590701103210e-03
-1.245224475860595703e-01
1.890618056058883667e-01
-2.015703320503234863e-01
-1.048585586249828339e-02
6.246922537684440613e-02
3.067952115088701248e-03
6.450785696506500244e-02
4.509671777486801147e-02
-9.111112356185913086e-02
1.345292925834655762e-01
1.040714532136917114e-01
-1.617531478404998779e-01
6.356525234878063202e-03
1.263967007398605347e-01
-9.470126032829284668e-02
1.201403327286243439e-03
-6.579975038766860962e-02
2.320126593112945557e-01
1.046611741185188293e-01
-7.371460646390914917e-02
-2.177273929119110107e-01
8.785894513130187988e-02
-2.061204016208648682e-01
-6.110285967588424683e-02
5.828935652971267700e-02
-1.411845982074737549e-01
-1.273489296436309814e-01
-3.160614967346191406e-01
-7.346228510141372681e-02
3.624839186668395996e-01
1.254430860280990601e-01
-1.493641138076782227e-01
7.119283825159072876e-02
2.033562213182449341e-02
1.753835566341876984e-02
2.223011702299118042e-01
1.589261740446090698e-01
3.358076512813568115e-02
9.319286048412322998e-02
-7.007367908954620361e-02
3.185404464602470398e-03
3.067952096462249756e-01
-4.421902820467948914e-02
-1.482974551618099213e-02
1.840500980615615845e-01
-5.451608449220657349e-02
3.533428534865379333e-02
5.062266811728477478e-02
2.548511698842048645e-02
-8.863776177167892456e-02
3.076191619038581848e-02
-1.498060524463653564e-01
3.269455209374427795e-02
-9.179908782243728638e-03
-1.604476198554039001e-02
4.043132998049259186e-03
5.340762436389923096e-02
-1.424946635961532593e-01
1.337466835975646973e-01
-6.823478639125823975e-02
2.352914959192276001e-02
2.666784822940826416e-02
-5.470228847116231918e-03
-8.274737745523452759e-02
-4.962514713406562805e-02
1.288766413927078247e-01
-1.587669402360916138e-01
1.674129068851470947e-01
1.623128652572631836e-01
9.281255304813385010e-02
1.111668497323989868e-01
8.432281762361526489e-02
7.839183509349822998e-02
-7.628178596496582031e-02
1.537988986819982529e-02
-2.162615209817886353e-01
-3.764348849654197693e-02
7.090118527412414551e-02
-5.316740274429321289e-02
8.729978650808334351e-02
-1.005580089986324310e-02
