-1.249988377094268799e-01
7.434849441051483154e-02
6.135139241814613342e-02
-1.238020956516265869e-01
-1.118295341730117798e-01
-1.461554691195487976e-02
-9.808852523565292358e-02
-8.564095944166183472e-02
1.681659668684005737e-01
-1.722035259008407593e-01
2.197291851043701172e-01
-1.160152554512023926e-01
-2.142811417579650879e-01
-6.688766926527023315e-02
-4.395084828138351440e-02
2.449224740266799927e-01
-2.493543028831481934e-01
-1.484182178974151611e-01
-1.508544292300939560e-02
2.023192122578620911e-02
7.592265307903289795e-02
-1.289970357902348042e-03
-3.322141617536544800e-02
4.461154714226722717e-02
-1.664810478687286377e-01
-4.045740962028503418e-01
-8.271826803684234619e-02
-3.704184293746948242e-02
-6.329052150249481201e-02
-6.527963280677795410e-02
-2.511215209960937500e-02
1.445448249578475952e-01
-1.723011285066604614e-01
-4.705494269728660583e-03
-1.174788828939199448e-02
9.336840361356735229e-02
5.300437659025192261e-02
-7.954952865839004517e-02
1.362393051385879517e-01
4.460513591766357422e-04
-3.279799222946166992e-01
1.982164382934570312e-02
1.119060069322586060e-01
2.137829512357711792e-01
1.273469775915145874e-01
3.854483366012573242e-04
2.216319367289543152e-02
-1.028980463743209839e-01
1.097380369901657104e-01
-1.610808074474334717e-01
-3.762159496545791626e-02
1.310195922851562500e-01
6.184226647019386292e-02
-3.140358254313468933e-03
4.272473976016044617e-02
-1.260897517204284668e-01
1.647060737013816833e-02
9.859322011470794678e-02
-1.202720031142234802e-01
-4.603707417845726013e-02
1.026467084884643555e-01
-1.003153324127197266e-01
-7.141921669244766235e-03
-1.581405401229858398e-01
2.215570062398910522e-01
1.244486197829246521e-01
-1.026553660631179810e-01
-1.990237832069396973e-01
1.309349983930587769e-01
-7.991899549961090088e-02
-9.887270629405975342e-02
4.067800939083099365e-02
-1.488193124532699585e-01
-1.465298086404800415e-01
-3.119888305664062500e-01
-4.017849266529083252e-02
3.192392885684967041e-01
6.410204619169235229e-02
-1.627693325281143188e-01
1.073869019746780396e-01
7.159559987485408783e-03
-3.801910206675529480e-02
1.046454459428787231e-01
2.251315712928771973e-01
7.152561098337173462e-03
6.035897880792617798e-02
-2.823609486222267151e-02
2.535407245159149170e-02
2.291650027036666870e-01
-3.036151081323623657e-02
2.691069617867469788e-02
1.567564159631729126e-01
-3.060444444417953491e-02
5.082465708255767822e-02
-1.235043723136186600e-02
-3.196729719638824463e-02
-1.052886024117469788e-01
7.646522670984268188e-02
-9.914307296276092529e-02
4.782411456108093262e-02
1.209558080881834030e-02
-1.484404969960451126e-02
-2.735621482133865356e-02
1.159857213497161865e-01
-1.388923525810241699e-01
1.057453230023384094e-01
-2.578668994829058647e-03
1.720848307013511658e-02
2.339713089168071747e-02
5.714588612318038940e-02
-2.716247364878654480e-02
-5.034815147519111633e-02
8.930145204067230225e-02
-2.173930555582046509e-01
1.570302397012710571e-01
1.439803391695022583e-01
2.394954115152359009e-02
1.070683449506759644e-01
1.264813095331192017e-01
1.177875623106956482e-01
-2.301644533872604370e-02
3.940729796886444092e-02
-2.437513470649719238e-01
-2.424014173448085785e-02
1.301966905593872070e-01
-1.047411113977432251e-01
9.345836192369461060e-02
-8.591251447796821594e-03
