-8.334719389677047729e-02
8.668200671672821045e-02
2.540362998843193054e-02
-7.565802335739135742e-02
-1.518624573945999146e-01
-5.795843154191970825e-02
-4.254623875021934509e-02
-1.363334953784942627e-01
1.875695884227752686e-01
-1.127336621284484863e-01
2.940240800380706787e-01
-8.380258828401565552e-02
-2.234832346439361572e-01
-1.565705686807632446e-01
8.636092767119407654e-03
2.121089845895767212e-01
-2.261576205492019653e-01
-1.396929770708084106e-01
-6.366550922393798828e-03
1.589650660753250122e-02
5.904365703463554382e-02
-6.371985655277967453e-03
8.663200587034225464e-02
1.070293337106704712e-01
-1.126193627715110779e-01
-4.929394125938415527e-01
-6.312346458435058594e-02
-9.822022914886474609e-02
4.063257575035095215e-02
-2.505704201757907867e-02
-6.361387670040130615e-02
1.034295111894607544e-01
-2.502986788749694824e-01
-7.928489893674850464e-02
5.747933685779571533e-02
1.265518963336944580e-01
-2.699577249586582184e-02
-6.396571546792984009e-02
1.698826551437377930e-01
-2.312516607344150543e-02
-2.954301238059997559e-01
-4.865411296486854553e-02
6.566296517848968506e-02
2.160131633281707764e-01
1.405303031206130981e-01
3.697400912642478943e-02
3.267614543437957764e-02
-1.135329753160476685e-01
1.181852892041206360e-01
-1.763218343257904053e-01
1.980264857411384583e-02
1.303410381078720093e-01
3.211934491991996765e-02
1.928172260522842407e-02
-2.433223649859428406e-03
-1.457505524158477783e-01
1.528692711144685745e-02
1.364360451698303223e-01
-2.060646116733551025e-01
-6.786799430847167969e-02
8.376733213663101196e-02
-9.178958833217620850e-02
-7.960501313209533691e-02
-1.268744766712188721e-01
2.663859426975250244e-01
1.284131407737731934e-01
-1.073608621954917908e-01
-1.794728636741638184e-01
9.066260606050491333e-02
-1.573731154203414917e-01
-4.561964422464370728e-02
5.568973720073699951e-02
-1.399288028478622437e-01
-1.757439523935317993e-01
-2.882750928401947021e-01
2.188816666603088379e-03
3.611431121826171875e-01
7.642602920532226562e-02
-1.512564867734909058e-01
4.341518133878707886e-02
-1.167537365108728409e-02
1.444611698389053345e-03
9.855248779058456421e-02
1.509357690811157227e-01
-1.210622396320104599e-02
9.483233839273452759e-02
-7.879882305860519409e-02
3.611501306295394897e-02
1.671427041292190552e-01
-8.725021034479141235e-02
5.642674863338470459e-02
2.502169907093048096e-01
-5.924246460199356079e-02
1.096091121435165405e-01
3.423528000712394714e-02
1.398810185492038727e-03
-9.789675474166870117e-02
9.589748084545135498e-02
-1.457830667495727539e-01
2.236070670187473297e-02
6.449843198060989380e-02
-3.226745128631591797e-02
2.317415736615657806e-02
4.106461256742477417e-02
-2.060448974370956421e-01
7.993863523006439209e-02
-7.928742095828056335e-03
6.084198132157325745e-03
7.752069085836410522e-02
-4.249903932213783264e-02
-7.077223062515258789e-02
-1.261544823646545410e-01
1.006705760955810547e-01
-2.570494711399078369e-01
2.564153373241424561e-01
1.790662258863449097e-01
5.858253315091133118e-02
1.908690035343170166e-01
9.326153993606567383e-02
6.606408953666687012e-02
-1.574965938925743103e-02
-6.237280368804931641e-02
-2.033624947071075439e-01
7.819639518857002258e-03
1.579702198505401611e-01
-8.825448900461196899e-02
5.697587877511978149e-02
-6.912214308977127075e-02
