-1.257061511278152466e-01
2.389116398990154266e-02
5.011993646621704102e-02
-1.128129139542579651e-01
-1.448166221380233765e-01
-4.095762223005294800e-02
-7.946389168500900269e-02
-1.010807156562805176e-01
1.362082213163375854e-01
-1.590427309274673462e-01
1.615472137928009033e-01
-1.161574348807334900e-01
-2.125649154186248779e-01
-7.466543465852737427e-02
-6.712022423744201660e-02
2.586447298526763916e-01
-1.793906092643737793e-01
-1.747313737869262695e-01
-2.436151914298534393e-02
1.713393814861774445e-02
5.047140270471572876e-02
-1.029267720878124237e-02
-4.734100773930549622e-03
4.746608808636665344e-02
-1.036782860755920410e-01
-3.946234881877899170e-01
-8.769737184047698975e-02
-6.062316894531250000e-02
-5.004284530878067017e-02
-6.540753692388534546e-02
-2.522355690598487854e-02
4.957571625709533691e-02
-1.670667827129364014e-01
-3.644663840532302856e-03
9.749913588166236877e-04
9.924079477787017822e-02
1.994380354881286621e-02
-9.808190912008285522e-02
1.166017279028892517e-01
1.792801171541213989e-02
-3.373426198959350586e-01
-2.142212912440299988e-02
5.645130947232246399e-02
2.283527106046676636e-01
1.715162247419357300e-01
1.651876978576183319e-02
2.284499071538448334e-02
-8.297348022460937500e-02
1.425106078386306763e-01
-1.752801239490509033e-01
-7.903856039047241211e-02
1.005162820219993591e-01
5.785879213362932205e-03
-4.446641542017459869e-04
4.345726594328880310e-02
-8.980601280927658081e-02
6.698583811521530151e-02
9.278609603643417358e-02
-1.448895037174224854e-01
-3.430807963013648987e-02
1.146382614970207214e-01
-7.859358191490173340e-02
1.029937062412500381e-02
-1.472887247800827026e-01
2.169576436281204224e-01
4.350156337022781372e-02
-1.257319003343582153e-01
-1.941635906696319580e-01
1.161814481019973755e-01
-1.587391495704650879e-01
-6.473173201084136963e-02
2.380801178514957428e-02
-1.417718231678009033e-01
-1.736178845167160034e-01
-3.178215324878692627e-01
-4.384493455290794373e-02
3.238653540611267090e-01
1.240561008453369141e-01
-1.301752775907516479e-01
7.753977179527282715e-02
1.701943576335906982e-02
2.395380474627017975e-02
1.130336672067642212e-01
1.890787184238433838e-01
4.116715490818023682e-02
1.051728427410125732e-01
-8.324900269508361816e-02
-3.475575149059295654e-02
2.146424055099487305e-01
-7.551705092191696167e-02
3.360856696963310242e-02
1.854796111583709717e-01
-6.873001158237457275e-02
6.382583826780319214e-02
-1.368348672986030579e-02
2.609194070100784302e-02
-1.214756816625595093e-01
1.003106459975242615e-01
-8.247368037700653076e-02
5.880770087242126465e-02
2.677447348833084106e-02
-3.986477106809616089e-02
3.880095854401588440e-02
7.733608782291412354e-02
-1.054139286279678345e-01
1.285181939601898193e-01
-5.706310644745826721e-02
7.035377621650695801e-02
-3.740026801824569702e-02
3.081287071108818054e-02
-8.140934258699417114e-02
-4.142685234546661377e-02
1.025339215993881226e-01
-1.856080293655395508e-01
1.735089272260665894e-01
2.101158648729324341e-01
4.316738620400428772e-02
7.979401946067810059e-02
1.396498680114746094e-01
6.888557970523834229e-02
-4.906744509935379028e-02
3.653361648321151733e-02
-2.076633423566818237e-01
-4.314345493912696838e-02
6.001598015427589417e-02
-9.452935308218002319e-02
8.266995847225189209e-02
7.868576794862747192e-03
