-8.031842857599258423e-02
5.819236487150192261e-02
8.421179652214050293e-02
-1.240106076002120972e-01
-1.371212154626846313e-01
-8.391996473073959351e-02
-6.863451749086380005e-02
-1.130069121718406677e-01
1.361659467220306396e-01
-2.157349735498428345e-01
1.805827617645263672e-01
-1.706737875938415527e-01
-2.550823390483856201e-01
-8.940400555729866028e-03
-1.017487272620201111e-01
2.236934006214141846e-01
-1.545861959457397461e-01
-2.309428453445434570e-01
-9.755488485097885132e-02
-2.025416493415832520e-02
1.057291924953460693e-01
2.505262568593025208e-02
-4.249195009469985962e-02
6.027213111519813538e-02
-1.338432133197784424e-01
-3.427298963069915771e-01
-4.867606610059738159e-02
-5.564419552683830261e-03
-3.468428552150726318e-02
-1.255605667829513550e-01
1.592068187892436981e-02
1.421511471271514893e-01
-2.436583042144775391e-01
-1.877031475305557251e-02
-3.829085826873779297e-02
1.212981194257736206e-01
2.256681770086288452e-02
-1.130701526999473572e-01
8.444552123546600342e-02
-4.093866795301437378e-02
-3.571674823760986328e-01
-3.249879926443099976e-02
8.612371236085891724e-02
2.324468195438385010e-01
1.410154551267623901e-01
-5.132010579109191895e-02
-5.060002207756042480e-03
-9.666303545236587524e-02
4.257620498538017273e-02
-2.350297421216964722e-01
-5.729078873991966248e-02
1.405685544013977051e-01
8.000370115041732788e-03
4.200525954365730286e-02
3.587517142295837402e-02
-1.221791654825210571e-01
8.447310328483581543e-02
1.543003171682357788e-01
-1.831661611795425415e-01
1.852064952254295349e-02
1.210544705390930176e-01
-1.459002345800399780e-01
2.305124700069427490e-02
-1.151723787188529968e-01
1.765569001436233521e-01
7.579576969146728516e-02
-5.464103445410728455e-02
-1.901333481073379517e-01
1.832218915224075317e-01
-1.775642931461334229e-01
-5.277362838387489319e-02
8.452513813972473145e-02
-1.286161541938781738e-01
-1.613064408302307129e-01
-3.138425350189208984e-01
-7.920155674219131470e-02
3.704859912395477295e-01
1.130991801619529724e-01
-8.215923607349395752e-02
1.463255733251571655e-01
1.849516481161117554e-02
1.853778585791587830e-02
1.000340953469276428e-01
1.435335129499435425e-01
1.572866551578044891e-02
8.288529515266418457e-02
-8.482835441827774048e-02
1.209275647997856140e-01
2.261552661657333374e-01
-3.554516285657882690e-02
-2.009339630603790283e-03
1.859403103590011597e-01
-5.120465159416198730e-02
-4.828126728534698486e-02
4.096182063221931458e-02
5.850640591233968735e-03
-8.633721619844436646e-02
5.571783334016799927e-02
-1.143706217408180237e-01
5.909957364201545715e-02
-8.632115088403224945e-03
-7.043217867612838745e-02
-2.823035977780818939e-02
1.136869043111801147e-01
-6.307905167341232300e-02
7.718419283628463745e-02
-3.454211354255676270e-02
2.852678298950195312e-02
-2.087139897048473358e-02
5.159567669034004211e-02
-2.415851503610610962e-02
-9.461283683776855469e-02
1.049314290285110474e-01
-1.824327558279037476e-01
1.581788212060928345e-01
1.880729645490646362e-01
4.425693675875663757e-02
8.108165115118026733e-02
6.986553966999053955e-02
1.043326556682586670e-01
8.504074066877365112e-03
-2.629787847399711609e-02
-2.170531004667282104e-01
-2.278805896639823914e-02
7.954611629247665405e-02
-7.013732194900512695e-02
7.672030478715896606e-02
2.609289437532424927e-02
