-1.446925997734069824e-01
5.019585415720939636e-02
4.062315076589584351e-02
-1.456331908702850342e-01
-1.707099378108978271e-01
-5.405212566256523132e-02
-2.703474834561347961e-02
-1.425213366746902466e-01
1.848319172859191895e-01
-1.844149827957153320e-01
2.824525535106658936e-01
-4.617758467793464661e-02
-2.326495796442031860e-01
-9.815740585327148438e-02
-7.641094177961349487e-02
2.556253075599670410e-01
-1.935570538043975830e-01
-1.616802215576171875e-01
-6.165703013539314270e-02
3.106862306594848633e-02
5.143155157566070557e-02
-1.259273267351090908e-03
5.092706158757209778e-02
6.223620101809501648e-02
-1.019076779484748840e-01
-4.252699017524719238e-01
-1.175779849290847778e-01
-3.102233633399009705e-02
-5.750055611133575439e-02
-1.255032420158386230e-02
-4.226107895374298096e-02
4.278687015175819397e-02
-2.080286890268325806e-01
-2.333147451281547546e-02
-1.949929073452949524e-02
8.777745068073272705e-02
-4.063024744391441345e-02
-5.413451790809631348e-02
1.152627244591712952e-01
1.298609934747219086e-02
-3.137657940387725830e-01
7.387823890894651413e-03
5.362346023321151733e-02
2.149083912372589111e-01
1.737353652715682983e-01
-3.997127525508403778e-03
4.665940999984741211e-02
-1.542904973030090332e-01
9.727467596530914307e-02
-2.008546292781829834e-01
7.172264158725738525e-04
7.386041432619094849e-02
5.348282307386398315e-02
1.868602633476257324e-02
1.607813499867916107e-02
-6.351418048143386841e-02
2.260939776897430420e-02
1.874157488346099854e-01
-1.895315200090408325e-01
-2.201048471033573151e-02
1.091348528861999512e-01
-8.923851698637008667e-02
-5.337746441364288330e-02
-1.482872515916824341e-01
2.219000607728958130e-01
1.478833109140396118e-01
-1.704214215278625488e-01
-1.953911632299423218e-01
1.203108504414558411e-01
-1.645129024982452393e-01
-1.000371053814888000e-01
4.056379199028015137e-02
-1.253969222307205200e-01
-2.046539932489395142e-01
-3.719924092292785645e-01
1.267753541469573975e-04
4.270292222499847412e-01
1.420573145151138306e-01
-1.550417393445968628e-01
-1.102467626333236694e-02
-3.531835228204727173e-02
2.480734512209892273e-02
1.062359586358070374e-01
1.395697742700576782e-01
-1.959227956831455231e-02
4.191096127033233643e-02
-1.376763731241226196e-01
5.949878133833408356e-03
1.934386640787124634e-01
-6.101186946034431458e-02
-1.989846304059028625e-02
2.297537922859191895e-01
-7.425886578857898712e-03
1.043513566255569458e-01
-1.261666417121887207e-03
1.085042729973793030e-01
-1.118578165769577026e-01
7.438905537128448486e-02
-1.348125487565994263e-01
5.287774652242660522e-02
-2.583938837051391602e-02
-3.287122026085853577e-02
-7.505997084081172943e-03
5.827363207936286926e-02
-7.396641373634338379e-02
1.747052967548370361e-01
-2.309631183743476868e-02
3.221490606665611267e-02
-2.403670176863670349e-02
1.661546528339385986e-02
-6.563638150691986084e-02
-7.817216217517852783e-02
5.156086757779121399e-02
-2.123952955007553101e-01
1.880430579185485840e-01
1.864579021930694580e-01
6.817498803138732910e-02
1.555211693048477173e-01
1.225684732198715210e-01
6.777216494083404541e-02
-7.691658288240432739e-02
-2.699132263660430908e-02
-1.972722113132476807e-01
-3.294983133673667908e-02
9.723855555057525635e-02
-7.604119181632995605e-02
1.493843197822570801e-01
1.717433892190456390e-02
