-7.031535357236862183e-02
3.758208453655242920e-02
-2.698022499680519104e-02
-9.846082329750061035e-02
-9.442339837551116943e-02
1.400584448128938675e-02
-1.543545164167881012e-03
-1.246957853436470032e-01
1.972241997718811035e-01
-1.771620213985443115e-01
2.377478629350662231e-01
-1.042948812246322632e-01
-2.547092139720916748e-01
-5.291533097624778748e-02
-7.699421793222427368e-02
2.629317939281463623e-01
-1.610486805438995361e-01
-1.870283484458923340e-01
-5.926359817385673523e-02
4.028193280100822449e-02
3.863618522882461548e-02
-5.238131433725357056e-02
1.151802670210599899e-02
1.096328198909759521e-01
-7.413573563098907471e-02
-4.122304320335388184e-01
-9.820738434791564941e-02
-8.535014837980270386e-02
-6.567192077636718750e-02
-6.565243750810623169e-02
-3.129594027996063232e-02
9.247661381959915161e-02
-2.026271969079971313e-01
-3.149521350860595703e-02
1.497604791074991226e-02
7.456074655055999756e-02
-3.839735686779022217e-02
-7.972227782011032104e-02
1.821782886981964111e-01
1.301348116248846054e-02
-3.372424542903900146e-01
-4.978531599044799805e-02
1.064085066318511963e-01
2.705944776535034180e-01
1.339168995618820190e-01
-2.620610175654292107e-04
7.066782563924789429e-04
-9.323404729366302490e-02
9.435987472534179688e-02
-2.209249883890151978e-01
1.384565420448780060e-02
6.363255530595779419e-02
1.283845007419586182e-01
2.498003467917442322e-02
2.969025447964668274e-02
-8.749506622552871704e-02
3.349650651216506958e-02
1.271625608205795288e-01
-1.973185241222381592e-01
-2.159280469641089439e-03
9.054765105247497559e-02
-1.153198629617691040e-01
-3.676396980881690979e-02
-1.374052017927169800e-01
2.549237012863159180e-01
1.623043864965438843e-01
-1.105120927095413208e-01
-1.678267717361450195e-01
1.713070869445800781e-01
-1.611990332603454590e-01
-3.406117111444473267e-02
6.739062070846557617e-02
-1.293366849422454834e-01
-2.240578681230545044e-01
-2.813575267791748047e-01
-3.641217574477195740e-02
3.761962354183197021e-01
1.249788701534271240e-01
-1.082824617624282837e-01
3.119420073926448822e-02
1.329579111188650131e-02
1.640815287828445435e-03
1.122642010450363159e-01
1.696942448616027832e-01
2.310530282557010651e-02
4.616719484329223633e-02
-4.626319184899330139e-02
3.609206900000572205e-02
2.300964891910552979e-01
-9.407759457826614380e-02
-2.029571495950222015e-02
1.755706965923309326e-01
-9.427508711814880371e-02
1.209540292620658875e-03
-4.157511517405509949e-03
2.775386720895767212e-02
-5.987923964858055115e-02
9.205314517021179199e-02
-1.544197648763656616e-01
4.783841222524642944e-02
-3.314667940139770508e-02
-2.071252837777137756e-02
1.090186461806297302e-02
4.413786530494689941e-02
-1.309396177530288696e-01
4.856493696570396423e-02
-1.980069838464260101e-02
-7.991220802068710327e-03
3.453738987445831299e-02
2.787250466644763947e-02
-1.008177101612091064e-01
-9.775399416685104370e-02
1.047271564602851868e-01
-2.363068461418151855e-01
1.926362663507461548e-01
1.463909447193145752e-01
2.209440246224403381e-02
9.081934392452239990e-02
6.303554028272628784e-02
8.648253232240676880e-02
8.581413887441158295e-03
-6.894994527101516724e-02
-2.505156397819519043e-01
-1.375937927514314651e-02
1.546743214130401611e-01
-5.326561629772186279e-02
9.291659295558929443e-02
-4.938662052154541016e-02
