-7.678476721048355103e-02
5.501670017838478088e-02
6.074372678995132446e-02
-9.272453188896179199e-02
-1.352548748254776001e-01
-7.885004580020904541e-02
-3.300933167338371277e-02
-1.640940457582473755e-02
1.796837896108627319e-01
-1.608404517173767090e-01
1.916891038417816162e-01
-4.849180951714515686e-02
-2.560811340808868408e-01
-3.036999702453613281e-02
-1.259405910968780518e-01
2.087441831827163696e-01
-2.388667315244674683e-01
-1.472352296113967896e-01
-3.944760188460350037e-02
4.483014717698097229e-02
9.307002276182174683e-02
3.758081421256065369e-02
9.118559770286083221e-03
6.552956532686948776e-03
-5.155712366104125977e-02
-3.891840279102325439e-01
-9.297567605972290039e-02
-2.610301971435546875e-02
-5.515301227569580078e-02
-4.883014410734176636e-02
-2.425460144877433777e-02
7.515565305948257446e-02
-1.434354633092880249e-01
-4.746362566947937012e-02
6.989730894565582275e-02
8.766914159059524536e-02
8.107733447104692459e-04
-4.505123943090438843e-04
1.624532192945480347e-01
2.522229589521884918e-02
-3.027693331241607666e-01
-1.260757818818092346e-02
5.408484488725662231e-02
3.125563561916351318e-01
1.679871827363967896e-01
6.825471669435501099e-02
-1.128697209060192108e-02
-1.218693703413009644e-01
1.476997882127761841e-01
-2.443954944610595703e-01
-2.842306159436702728e-02
1.551668047904968262e-01
6.389173120260238647e-02
3.439930081367492676e-02
1.196422614157199860e-02
-1.130165532231330872e-01
7.805120944976806641e-02
2.023603469133377075e-01
-1.817767620086669922e-01
-1.590559817850589752e-02
1.108991503715515137e-01
-1.604481041431427002e-01
1.004012860357761383e-02
-2.822069823741912842e-02
2.368192076683044434e-01
3.544815629720687866e-02
-1.330547928810119629e-01
-1.877855956554412842e-01
1.557074785232543945e-01
-1.700523048639297485e-01
-4.712307825684547424e-02
3.727567195892333984e-02
-1.313691288232803345e-01
-1.900214552879333496e-01
-2.750780284404754639e-01
-1.594994775950908661e-02
3.802350759506225586e-01
1.236842572689056396e-01
-1.044814363121986389e-01
8.215145766735076904e-02
-2.576366625726222992e-02
6.480822712182998657e-02
1.279012113809585571e-01
1.548093706369400024e-01
-9.025801718235015869e-02
1.196784600615501404e-01
-1.457065194845199585e-01
6.072252057492733002e-03
1.930307894945144653e-01
-8.333600312471389771e-02
-1.322814729064702988e-03
1.957701146602630615e-01
-4.184199497103691101e-04
7.745777070522308350e-02
7.571796327829360962e-02
-2.302116155624389648e-02
-7.414069771766662598e-02
4.094819352030754089e-02
-2.221439182758331299e-01
1.540300063788890839e-02
2.096012979745864868e-02
-8.493909984827041626e-02
1.272495836019515991e-03
8.472996950149536133e-02
-1.196651160717010498e-01
6.663361191749572754e-02
-6.411781907081604004e-02
1.823622733354568481e-04
-4.961349815130233765e-02
-2.382341027259826660e-02
-5.695480108261108398e-02
-8.512205630540847778e-02
1.038791686296463013e-01
-1.968866884708404541e-01
1.908846646547317505e-01
2.043206244707107544e-01
7.653493434190750122e-02
1.502948701381683350e-01
1.273737549781799316e-01
3.623826056718826294e-02
-3.036928549408912659e-02
-5.848476663231849670e-02
-1.666002124547958374e-01
-1.912172324955463409e-02
1.126291155815124512e-01
-1.057682186365127563e-02
1.376617252826690674e-01
-5.553074553608894348e-02
