-1.203482151031494141e-01
4.798834025859832764e-02
7.221350073814392090e-02
-1.819663345813751221e-01
-1.586837321519851685e-01
2.984383888542652130e-02
-9.157340228557586670e-02
-1.134678497910499573e-01
2.245763093233108521e-01
-2.108723074197769165e-01
2.608447372913360596e-01
-9.594531357288360596e-02
-2.648130655288696289e-01
-7.846542447805404663e-02
-5.131391063332557678e-02
2.200912237167358398e-01
-1.218187734484672546e-01
-1.448008120059967041e-01
-2.331190928816795349e-02
5.492384359240531921e-02
5.234661698341369629e-02
1.471219677478075027e-02
4.655312001705169678e-02
-1.552091725170612335e-02
-8.473925292491912842e-02
-4.512777328491210938e-01
-1.243194788694381714e-01
-2.780736237764358521e-02
-9.017700701951980591e-02
-6.451039761304855347e-02
-1.601172611117362976e-03
3.734700009226799011e-02
-2.103523463010787964e-01
-1.694015413522720337e-02
-1.737974397838115692e-02
1.464195996522903442e-01
-4.259191080927848816e-02
-1.124271824955940247e-01
1.034407913684844971e-01
-3.078141435980796814e-02
-3.371053338050842285e-01
-5.633913725614547729e-02
7.067640125751495361e-02
1.932766735553741455e-01
1.113191694021224976e-01
1.136369258165359497e-02
-6.217997521162033081e-03
-1.272826194763183594e-01
1.208868399262428284e-01
-2.213672399520874023e-01
3.468773514032363892e-02
5.796170979738235474e-02
3.362822905182838440e-02
1.089861616492271423e-04
5.171108618378639221e-02
-7.644204050302505493e-02
7.260057330131530762e-02
1.741929948329925537e-01
-1.706038713455200195e-01
-3.244299441576004028e-02
1.217348724603652954e-01
-1.163986027240753174e-01
-2.547096088528633118e-02
-1.288349777460098267e-01
2.489699572324752808e-01
1.568342596292495728e-01
-1.112474724650382996e-01
-2.140130847692489624e-01
1.046457290649414062e-01
-1.062772125005722046e-01
-4.237599670886993408e-02
8.991934359073638916e-02
-1.698518395423889160e-01
-1.862909644842147827e-01
-3.480390310287475586e-01
-1.334363222122192383e-02
4.131801128387451172e-01
8.717910945415496826e-02
-8.375704288482666016e-02
3.854286856949329376e-03
-3.613582625985145569e-02
3.862183168530464172e-02
8.040073513984680176e-02
1.407084465026855469e-01
2.543951943516731262e-02
2.631293982267379761e-02
-1.097582578659057617e-01
2.836927026510238647e-02
2.536424100399017334e-01
-1.295238584280014038e-01
-1.707460917532444000e-02
2.061434537172317505e-01
-5.634837970137596130e-02
8.948567509651184082e-02
-5.538628995418548584e-02
3.935158252716064453e-02
-8.682040870189666748e-02
7.615303248167037964e-02
-1.143325120210647583e-01
4.302670806646347046e-02
2.928915247321128845e-02
-3.015408106148242950e-02
-2.209123456850647926e-03
1.131084412336349487e-01
-1.685576736927032471e-01
8.737771213054656982e-02
-8.337186649441719055e-03
4.477551206946372986e-03
7.657950371503829956e-02
-5.602546036243438721e-03
-5.523282289505004883e-02
-1.112899854779243469e-01
9.746932983398437500e-02
-2.400064915418624878e-01
1.703867614269256592e-01
1.709407418966293335e-01
9.505578875541687012e-02
1.462942361831665039e-01
1.148084104061126709e-01
8.799891918897628784e-02
-1.508958451449871063e-02
-3.074755705893039703e-02
-2.205504328012466431e-01
-1.202030852437019348e-02
7.090562582015991211e-02
3.632066305726766586e-03
6.971928477287292480e-02
1.799928769469261169e-02
