-1.339991688728332520e-01
9.414599090814590454e-02
1.017201319336891174e-01
-1.895482689142227173e-01
-1.218184456229209900e-01
-2.154714986681938171e-02
-1.579452753067016602e-01
-9.598352760076522827e-02
1.287103444337844849e-01
-1.748758107423782349e-01
2.010385394096374512e-01
-1.319894790649414062e-01
-2.037099301815032959e-01
-3.646151348948478699e-02
-3.987599909305572510e-02
2.801424264907836914e-01
-1.946875452995300293e-01
-1.677819043397903442e-01
-3.558080643415451050e-02
1.439095009118318558e-02
2.927595004439353943e-02
4.951446875929832458e-02
-3.657087311148643494e-02
4.459372535347938538e-02
-1.458199024200439453e-01
-3.881705999374389648e-01
-9.152808785438537598e-02
-2.345082908868789673e-02
-7.768772542476654053e-02
-4.588696360588073730e-02
-2.144783735275268555e-02
1.541511621326208115e-02
-2.149995118379592896e-01
2.720425650477409363e-02
3.281976282596588135e-02
1.298292577266693115e-01
5.678655207157135010e-02
-1.068308055400848389e-01
7.542958855628967285e-02
9.931680746376514435e-03
-3.295410871505737305e-01
2.194042690098285675e-02
1.550074666738510132e-01
2.078158408403396606e-01
1.957201957702636719e-01
3.189248219132423401e-02
-1.396024972200393677e-02
-8.673796802759170532e-02
1.135127022862434387e-01
-1.827472299337387085e-01
-8.538633584976196289e-03
5.421991646289825439e-02
7.385611534118652344e-02
3.903892636299133301e-02
4.628098383545875549e-02
-1.319025605916976929e-01
6.587755680084228516e-02
1.728271245956420898e-01
-1.815155297517776489e-01
-5.140089616179466248e-02
7.198208570480346680e-02
-7.050251215696334839e-02
2.798378653824329376e-02
-1.039833426475524902e-01
2.668485641479492188e-01
1.348186284303665161e-01
-1.216040775179862976e-01
-2.044522315263748169e-01
1.252455860376358032e-01
-1.229471564292907715e-01
-7.763054221868515015e-02
3.655972331762313843e-02
-1.550608873367309570e-01
-1.397396177053451538e-01
-3.745993971824645996e-01
-4.157167673110961914e-02
2.740627229213714600e-01
1.425359100103378296e-01
-1.880817115306854248e-01
5.190174654126167297e-02
4.650815948843955994e-02
4.136116802692413330e-02
8.458591997623443604e-02
1.701126396656036377e-01
1.880153454840183258e-02
4.143497347831726074e-02
-4.764961451292037964e-02
5.094316788017749786e-03
2.687311172485351562e-01
-4.933025687932968140e-02
2.484444342553615570e-02
2.005028575658798218e-01
-4.086255654692649841e-02
2.826667949557304382e-02
-6.189671903848648071e-02
-2.504018368199467659e-03
-1.194622665643692017e-01
2.203547582030296326e-02
-1.261192411184310913e-01
-8.627319708466529846e-03
-3.251287713646888733e-02
7.156261056661605835e-02
2.653707750141620636e-03
1.793817281723022461e-01
-1.966665238142013550e-01
1.102157309651374817e-01
-1.642050594091415405e-02
-2.541491203010082245e-02
-4.541490226984024048e-02
8.011489361524581909e-02
1.895240880548954010e-02
-6.991770863533020020e-02
8.319931477308273315e-02
-1.860885620117187500e-01
1.688150465488433838e-01
2.101391106843948364e-01
5.830325186252593994e-02
9.848713874816894531e-02
1.077147126197814941e-01
4.198928922414779663e-02
-7.051543332636356354e-03
1.656654663383960724e-02
-1.893729567527770996e-01
-3.965357318520545959e-02
8.446072041988372803e-02
-9.929676353931427002e-02
1.380131989717483521e-01
4.033681377768516541e-02
