-9.828633069992065430e-02
-1.642899587750434875e-02
2.099161967635154724e-02
-1.130296811461448669e-01
-1.388942450284957886e-01
-6.845133006572723389e-02
-2.939690649509429932e-02
-1.065648123621940613e-01
1.872916221618652344e-01
-1.411635428667068481e-01
1.765022575855255127e-01
-3.496360778808593750e-02
-1.714565306901931763e-01
-7.304639369249343872e-02
-4.332017898559570312e-02
2.353686839342117310e-01
-1.939523667097091675e-01
-2.129137068986892700e-01
-4.361523315310478210e-02
2.469225041568279266e-02
8.295312523841857910e-02
3.656705468893051147e-02
2.193841338157653809e-02
8.079218864440917969e-02
-1.617538481950759888e-01
-3.827893733978271484e-01
-1.074644625186920166e-01
-6.948758661746978760e-02
-4.367971792817115784e-02
1.017470099031925201e-02
-1.063555013388395309e-02
8.456815779209136963e-02
-1.968944817781448364e-01
-1.389027573168277740e-02
7.059842348098754883e-02
7.872647792100906372e-02
5.795886367559432983e-02
-1.002703309059143066e-01
1.379759013652801514e-01
-8.787158876657485962e-03
-3.985268771648406982e-01
9.482828900218009949e-03
1.303692311048507690e-01
2.153193354606628418e-01
1.404427289962768555e-01
-2.086778543889522552e-02
1.967458426952362061e-02
-1.227101236581802368e-01
1.257129311561584473e-01
-1.676588505506515503e-01
2.893162518739700317e-02
9.631220996379852295e-02
2.200399339199066162e-02
2.352136746048927307e-02
4.079931974411010742e-02
-1.159719079732894897e-01
6.641399115324020386e-02
8.292097598314285278e-02
-1.448754519224166870e-01
-5.372512340545654297e-02
1.110580265522003174e-01
-5.520350486040115356e-02
-5.942845251411199570e-03
-1.493613123893737793e-01
1.883183866739273071e-01
8.520310372114181519e-02
-1.005668863654136658e-01
-2.286074161529541016e-01
1.185674518346786499e-01
-1.901999115943908691e-01
-8.762209117412567139e-02
6.717330217361450195e-02
-1.905764490365982056e-01
-1.671052426099777222e-01
-3.533157408237457275e-01
-5.877162143588066101e-02
3.711085319519042969e-01
1.526839733123779297e-01
-1.552640050649642944e-01
1.099127680063247681e-01
1.029264740645885468e-02
8.456704765558242798e-02
1.309967190027236938e-01
2.067580521106719971e-01
3.675884380936622620e-02
1.610131710767745972e-01
-7.893438637256622314e-02
2.757818996906280518e-02
2.353566884994506836e-01
-5.140955746173858643e-02
-2.663795463740825653e-02
2.295602411031723022e-01
2.983093261718750000e-03
7.452645897865295410e-02
4.276996105909347534e-02
2.227646112442016602e-02
-4.440705478191375732e-02
3.368645161390304565e-02
-1.587731838226318359e-01
5.656824633479118347e-02
1.114284247159957886e-02
7.580048590898513794e-02
3.504499047994613647e-02
1.193861365318298340e-01
-1.052013263106346130e-01
1.053029000759124756e-01
-1.672555506229400635e-02
3.976555168628692627e-02
-1.784691028296947479e-02
8.401089161634445190e-02
-4.033178836107254028e-02
-1.166955679655075073e-01
3.761826455593109131e-02
-1.638541668653488159e-01
1.730388551950454712e-01
1.456023901700973511e-01
6.478208303451538086e-02
1.004558205604553223e-01
8.302516490221023560e-02
7.407664507627487183e-02
-6.650826334953308105e-02
-6.385557353496551514e-03
-2.072372436523437500e-01
1.356972754001617432e-02
1.089894920587539673e-01
-8.491762727499008179e-02
1.258703172206878662e-01
1.676292531192302704e-02
