-1.170738711953163147e-01
3.516524657607078552e-02
-6.972993258386850357e-03
-9.368126839399337769e-02
-1.530748754739761353e-01
-3.643035143613815308e-02
-7.948442548513412476e-02
-1.442738920450210571e-01
1.654388457536697388e-01
-1.727810204029083252e-01
3.183142244815826416e-01
-8.799384534358978271e-02
-2.037919014692306519e-01
-5.223701894283294678e-02
-1.041820943355560303e-01
2.183006852865219116e-01
-2.412302047014236450e-01
-1.206423118710517883e-01
-3.169666975736618042e-02
-1.506679691374301910e-03
7.054281234741210938e-02
-2.404364943504333496e-02
6.258160620927810669e-02
5.437625199556350708e-02
-6.577727943658828735e-02
-3.936620056629180908e-01
-1.182419583201408386e-01
-8.891911804676055908e-02
3.591223619878292084e-03
-1.745804771780967712e-02
-4.401109367609024048e-02
3.295279806479811668e-03
-2.156082540750503540e-01
-2.238830924034118652e-02
2.444297447800636292e-02
1.013179346919059753e-01
-3.726271912455558777e-02
-9.535671025514602661e-02
1.344813853502273560e-01
-3.876961022615432739e-02
-2.162114977836608887e-01
-1.983212493360042572e-02
5.344016477465629578e-02
1.998990178108215332e-01
1.345642060041427612e-01
4.368392750620841980e-02
2.063526585698127747e-02
-1.839284002780914307e-01
1.143863126635551453e-01
-1.349774599075317383e-01
1.597044244408607483e-02
1.167408525943756104e-01
1.068789884448051453e-01
1.737604290246963501e-02
-6.020072847604751587e-03
-9.275197237730026245e-02
6.629669666290283203e-02
2.037492841482162476e-01
-1.599044948816299438e-01
5.150423385202884674e-03
8.697107434272766113e-02
-4.972767457365989685e-02
-2.505957335233688354e-02
-1.225216090679168701e-01
2.726208567619323730e-01
1.437178999185562134e-01
-1.394511312246322632e-01
-1.998442858457565308e-01
1.314931660890579224e-01
-1.263368725776672363e-01
-9.410953521728515625e-02
2.099454402923583984e-02
-1.793733090162277222e-01
-2.361022531986236572e-01
-3.077390193939208984e-01
-3.392257541418075562e-02
4.211596548557281494e-01
5.890718474984169006e-02
-1.386013180017471313e-01
2.567549422383308411e-02
-8.236594498157501221e-03
-9.528623893857002258e-03
1.133390516042709351e-01
1.694731712341308594e-01
-3.004596382379531860e-02
-1.480184961110353470e-02
-1.226885989308357239e-01
7.768865674734115601e-03
2.335124909877777100e-01
-1.264128386974334717e-01
-2.215994894504547119e-02
1.705496162176132202e-01
-8.259426057338714600e-02
5.809312313795089722e-02
-2.235627733170986176e-03
4.346118494868278503e-02
-9.199336171150207520e-02
1.116770133376121521e-01
-9.388649463653564453e-02
3.909616917371749878e-02
-8.464486338198184967e-03
-6.867843121290206909e-02
-5.329355970025062561e-02
4.202604666352272034e-02
-1.241656914353370667e-01
5.030787363648414612e-02
-3.156574442982673645e-02
2.333483658730983734e-03
1.719700917601585388e-02
-4.414199292659759521e-02
-1.005292311310768127e-01
-8.808122575283050537e-02
1.224029660224914551e-01
-2.423297911882400513e-01
2.579076588153839111e-01
2.001666575670242310e-01
1.011983454227447510e-01
1.802354156970977783e-01
9.705945104360580444e-02
9.980624914169311523e-02
-8.559442125260829926e-03
-5.115735344588756561e-03
-2.400293052196502686e-01
-1.722073927521705627e-02
6.935813277959823608e-02
-4.997189715504646301e-02
7.211439311504364014e-02
-2.011072449386119843e-02
