-1.415364742279052734e-01
7.550780475139617920e-02
6.544078886508941650e-02
-9.136758744716644287e-02
-1.519110947847366333e-01
-9.253151714801788330e-03
-7.692124694585800171e-02
-1.382290422916412354e-01
1.560246050357818604e-01
-1.298938691616058350e-01
2.855010926723480225e-01
-9.057083725929260254e-02
-1.489603072404861450e-01
-1.241622269153594971e-01
-3.092078864574432373e-02
2.242483943700790405e-01
-1.970762908458709717e-01
-1.584569215774536133e-01
6.082911044359207153e-03
3.694045171141624451e-02
8.852533251047134399e-02
-6.798458099365234375e-02
2.110893465578556061e-02
5.115947872400283813e-02
-1.592385321855545044e-01
-3.614527583122253418e-01
-9.157142788171768188e-02
-8.272387832403182983e-02
3.884368762373924255e-02
-5.868015065789222717e-02
-4.853552207350730896e-02
4.694005474448204041e-02
-2.357291132211685181e-01
-2.698505483567714691e-02
-2.279496751725673676e-03
1.179043874144554138e-01
3.642183542251586914e-02
-7.821953296661376953e-02
1.190920025110244751e-01
-7.094161957502365112e-02
-2.807871103286743164e-01
-1.859574019908905029e-02
6.274174153804779053e-02
2.058057934045791626e-01
1.031605824828147888e-01
3.063622862100601196e-03
3.928261622786521912e-02
-1.124603375792503357e-01
1.265556961297988892e-01
-1.300440132617950439e-01
1.708721369504928589e-02
1.075104475021362305e-01
4.649777710437774658e-02
2.161220088601112366e-02
1.222189329564571381e-02
-7.785034179687500000e-02
5.676610767841339111e-02
1.683379262685775757e-01
-1.611859053373336792e-01
4.491635039448738098e-02
1.079331263899803162e-01
-3.467569500207901001e-02
-2.487806975841522217e-02
-1.514274179935455322e-01
2.274252772331237793e-01
1.366669386625289917e-01
-9.274201095104217529e-02
-2.076715975999832153e-01
9.540463984012603760e-02
-8.068977296352386475e-02
-6.933880597352981567e-02
5.263634398579597473e-02
-1.786987036466598511e-01
-1.859753727912902832e-01
-3.072559833526611328e-01
-2.790250629186630249e-02
3.929576277732849121e-01
9.301470220088958740e-02
-1.876212358474731445e-01
4.530144110321998596e-02
-6.620923057198524475e-03
-7.666402030736207962e-03
1.220738738775253296e-01
1.448388546705245972e-01
1.420259848237037659e-02
8.081494271755218506e-02
-8.914399892091751099e-02
3.831552341580390930e-02
2.521694898605346680e-01
-8.421975374221801758e-02
5.245084688067436218e-02
2.117692679166793823e-01
-5.127608031034469604e-02
2.455266565084457397e-02
-3.720564022660255432e-02
2.090185694396495819e-02
-6.763674318790435791e-02
9.736501425504684448e-02
-9.037405252456665039e-02
4.406239371746778488e-03
4.432453215122222900e-02
-4.545833915472030640e-02
1.133982650935649872e-02
8.260668069124221802e-02
-1.709717661142349243e-01
7.639385014772415161e-02
1.012361049652099609e-02
6.902786344289779663e-02
3.113090805709362030e-02
3.917563706636428833e-02
-7.608021050691604614e-02
-9.072102606296539307e-02
1.073738411068916321e-01
-2.029856145381927490e-01
2.303242087364196777e-01
1.848587989807128906e-01
5.733922868967056274e-02
9.156126528978347778e-02
1.062967330217361450e-01
1.126513630151748657e-01
-4.804600030183792114e-03
-4.602763801813125610e-04
-1.535559594631195068e-01
-1.691625686362385750e-03
9.670870006084442139e-02
-8.828812837600708008e-02
7.382637262344360352e-02
3.032881766557693481e-03
