-1.381606310606002808e-01
8.763367682695388794e-02
8.756883442401885986e-03
-1.346547603607177734e-01
-1.579188853502273560e-01
-1.979772374033927917e-02
-1.955037936568260193e-02
-1.366393268108367920e-01
2.426593899726867676e-01
-1.777217388153076172e-01
2.347589582204818726e-01
-2.790553122758865356e-02
-2.272551208734512329e-01
-9.145054966211318970e-02
-6.877453997731208801e-03
2.699575424194335938e-01
-1.866665482521057129e-01
-2.016406506299972534e-01
-1.418199576437473297e-02
-2.899419330060482025e-02
4.385235905647277832e-02
-1.853219047188758850e-02
7.646515965461730957e-03
9.334504604339599609e-02
-1.168450862169265747e-01
-3.605828881263732910e-01
-6.397707015275955200e-02
-1.011961996555328369e-01
-4.051407054066658020e-02
-7.399097830057144165e-02
-2.599138766527175903e-03
9.381374716758728027e-02
-2.156950831413269043e-01
-3.574852272868156433e-02
5.275085568428039551e-04
1.178441420197486877e-01
-5.559429153800010681e-02
-7.234123349189758301e-02
1.675836294889450073e-01
3.520359471440315247e-02
-2.818042933940887451e-01
-3.699799999594688416e-02
5.800608918070793152e-02
2.642565071582794189e-01
1.446995586156845093e-01
-5.160526558756828308e-02
4.255918413400650024e-02
-7.337841391563415527e-02
1.255973875522613525e-01
-2.727565765380859375e-01
-1.830602809786796570e-02
1.012262627482414246e-01
5.488565936684608459e-02
3.439055010676383972e-02
5.689958110451698303e-02
-9.650176018476486206e-02
5.123991146683692932e-02
1.258455961942672729e-01
-2.716549634933471680e-01
3.361957892775535583e-02
1.406906694173812866e-01
-1.028436571359634399e-01
-8.404589444398880005e-02
-1.287683397531509399e-01
2.725078761577606201e-01
1.743394583463668823e-01
-1.492266058921813965e-01
-1.707164347171783447e-01
9.817941486835479736e-02
-1.293769776821136475e-01
-1.013677343726158142e-01
5.535739287734031677e-02
-1.359366476535797119e-01
-2.296430319547653198e-01
-2.912364602088928223e-01
2.937572076916694641e-02
4.100126624107360840e-01
1.701062768697738647e-01
-1.121279150247573853e-01
6.981646269559860229e-02
-1.150913164019584656e-02
-2.480997145175933838e-02
6.457345187664031982e-02
1.455231457948684692e-01
2.091961540281772614e-02
6.079602986574172974e-02
-5.236427485942840576e-02
6.272386014461517334e-02
1.671831607818603516e-01
-5.199261754751205444e-02
1.736441161483526230e-03
2.389135658740997314e-01
-6.694960594177246094e-02
4.209839925169944763e-02
-4.518431052565574646e-02
6.610724329948425293e-02
-9.423791617155075073e-02
6.567021459341049194e-02
-1.183419078588485718e-01
-6.710251327604055405e-03
6.392549723386764526e-03
-4.958232864737510681e-02
4.132919758558273315e-02
3.562833368778228760e-02
-1.438859105110168457e-01
1.449115425348281860e-01
-4.355130717158317566e-02
2.217053622007369995e-02
-4.879806935787200928e-02
1.452842261642217636e-02
-9.383244067430496216e-02
-1.330733671784400940e-02
8.013502508401870728e-02
-2.470906525850296021e-01
2.482284605503082275e-01
1.700035035610198975e-01
1.249854452908039093e-02
1.329232901334762573e-01
9.290496259927749634e-02
4.465005919337272644e-02
1.485825981944799423e-03
-4.936794191598892212e-02
-1.667942553758621216e-01
-5.599468201398849487e-02
1.045558974146842957e-01
-4.956352338194847107e-02
1.140587180852890015e-01
4.675060044974088669e-03
