-6.622347980737686157e-02
5.445108935236930847e-02
5.691854655742645264e-02
-1.508865207433700562e-01
-1.127571761608123779e-01
-3.342888131737709045e-02
-1.264368444681167603e-01
-1.390559375286102295e-01
2.081749439239501953e-01
-2.354409843683242798e-01
2.620657384395599365e-01
-3.277836367487907410e-02
-2.293880879878997803e-01
-1.071097627282142639e-01
4.114633426070213318e-03
2.399890869855880737e-01
-2.530420124530792236e-01
-1.932086050510406494e-01
-1.634280197322368622e-02
1.053323876112699509e-02
5.587683059275150299e-03
-1.804256252944469452e-02
1.899640820920467377e-02
4.719407111406326294e-02
-1.290101557970046997e-01
-4.364907145500183105e-01
-1.393477171659469604e-01
-2.668499201536178589e-02
-2.187251113355159760e-02
-2.305516414344310760e-02
-5.932994186878204346e-02
4.339843988418579102e-02
-2.025343924760818481e-01
-1.492606103420257568e-02
2.114893868565559387e-03
7.206107676029205322e-02
2.717875689268112183e-02
-1.203942745923995972e-01
1.036069840192794800e-01
3.727566823363304138e-02
-2.615242004394531250e-01
-4.033546894788742065e-02
5.422519147396087646e-02
1.870568096637725830e-01
1.657667160034179688e-01
-6.952512543648481369e-03
7.359945029020309448e-02
-1.401405334472656250e-01
1.710982173681259155e-01
-1.558970957994461060e-01
5.192477256059646606e-04
9.947024285793304443e-02
8.818344771862030029e-02
1.586442440748214722e-02
6.756145507097244263e-02
-1.161135286092758179e-01
4.363107681274414062e-02
2.280994057655334473e-01
-1.404068022966384888e-01
-2.130766212940216064e-02
9.105777740478515625e-02
-3.168726712465286255e-02
-1.344876643270254135e-02
-1.230905577540397644e-01
2.925147414207458496e-01
1.267830431461334229e-01
-1.347362995147705078e-01
-2.004627287387847900e-01
1.624643802642822266e-01
-8.749265968799591064e-02
-1.152522340416908264e-01
-3.259504213929176331e-02
-1.654796749353408813e-01
-1.627889573574066162e-01
-3.408353030681610107e-01
-1.957435160875320435e-02
3.165051341056823730e-01
1.075454950332641602e-01
-1.685210466384887695e-01
9.761156141757965088e-02
-9.826936759054660797e-03
3.294143825769424438e-03
6.880567222833633423e-02
1.894558221101760864e-01
-5.278643965721130371e-02
7.513656467199325562e-02
-7.145927846431732178e-02
-2.061792463064193726e-02
2.272422015666961670e-01
-2.318904735147953033e-03
4.993107914924621582e-02
2.206082791090011597e-01
-6.544886529445648193e-02
9.408967196941375732e-02
3.311879932880401611e-02
-1.950183138251304626e-02
-1.332305371761322021e-01
6.116367876529693604e-02
-1.312210708856582642e-01
2.100134454667568207e-02
-2.077391557395458221e-02
-2.483825013041496277e-02
-1.157909445464611053e-02
1.093442961573600769e-01
-1.409384161233901978e-01
1.215250715613365173e-01
-2.907618135213851929e-02
3.763593733310699463e-02
2.291335538029670715e-02
3.957578539848327637e-02
-3.735658526420593262e-02
-1.114947423338890076e-01
6.353826075792312622e-02
-2.390170842409133911e-01
1.476066559553146362e-01
1.647136807441711426e-01
9.609985351562500000e-02
1.505995839834213257e-01
1.062960624694824219e-01
1.081535071134567261e-01
-4.495223611593246460e-02
1.126457098871469498e-02
-2.216413617134094238e-01
-7.603703998029232025e-03
9.441844373941421509e-02
-1.058790609240531921e-01
7.305593043565750122e-02
1.435090973973274231e-02
