-1.329129487276077271e-01
6.812737882137298584e-02
5.276308208703994751e-02
-1.344181895256042480e-01
-1.926117986440658569e-01
-4.523266851902008057e-02
-5.900910869240760803e-02
-1.392704993486404419e-01
1.435650140047073364e-01
-1.265593469142913818e-01
2.502973675727844238e-01
-6.465685367584228516e-02
-2.092141062021255493e-01
-8.716097474098205566e-02
-2.563039772212505341e-02
2.412868142127990723e-01
-1.819542348384857178e-01
-1.680933386087417603e-01
-2.956518530845642090e-02
-1.187399029731750488e-03
9.289711713790893555e-03
-7.146415859460830688e-02
6.197561696171760559e-02
1.214302778244018555e-01
-9.407313168048858643e-02
-4.156937301158905029e-01
-5.810330435633659363e-02
-2.302986010909080505e-02
-3.059868328273296356e-02
-3.961735405027866364e-03
-2.591773495078086853e-02
5.116801708936691284e-02
-2.346190661191940308e-01
-5.085078626871109009e-02
1.009967923164367676e-02
1.113730072975158691e-01
-3.152895718812942505e-02
-1.050420105457305908e-01
1.677052229642868042e-01
-1.902731135487556458e-02
-3.119459152221679688e-01
4.500980675220489502e-02
9.540524333715438843e-02
2.301399558782577515e-01
1.471234709024429321e-01
2.519023045897483826e-02
6.477539241313934326e-02
-1.157751455903053284e-01
1.328313648700714111e-01
-1.770679652690887451e-01
3.585515171289443970e-02
1.356185674667358398e-01
4.625701904296875000e-02
-5.179901048541069031e-02
1.658811047673225403e-02
-6.692931056022644043e-02
6.990599632263183594e-02
1.563621163368225098e-01
-1.909028440713882446e-01
-3.398670628666877747e-02
1.599469035863876343e-01
-2.448877319693565369e-02
-3.795211017131805420e-02
-1.724994480609893799e-01
2.242542952299118042e-01
1.578024327754974365e-01
-1.092739924788475037e-01
-1.746575683355331421e-01
1.355182677507400513e-01
-1.187370494008064270e-01
-9.306868910789489746e-02
1.875455677509307861e-02
-1.534793972969055176e-01
-1.897284686565399170e-01
-2.990221679210662842e-01
-1.572955399751663208e-03
3.968078792095184326e-01
1.517647653818130493e-01
-1.468359827995300293e-01
3.004494123160839081e-02
-1.813436485826969147e-02
1.334810443222522736e-02
1.033803075551986694e-01
1.596815437078475952e-01
3.681667149066925049e-03
5.962310358881950378e-03
-9.041557461023330688e-02
2.208536304533481598e-02
1.949049532413482666e-01
-1.539669465273618698e-02
1.722818613052368164e-02
2.203593850135803223e-01
4.913417622447013855e-02
1.615488901734352112e-02
-1.116993278264999390e-02
5.390085279941558838e-02
-1.239315047860145569e-01
1.113008931279182434e-01
-1.677499711513519287e-01
4.070507735013961792e-02
-1.332905702292919159e-02
9.586789645254611969e-03
3.398382291197776794e-02
6.726451963186264038e-02
-1.904891282320022583e-01
1.374147832393646240e-01
-1.672756671905517578e-02
2.352490462362766266e-02
2.143805846571922302e-02
4.972632229328155518e-02
-4.653212428092956543e-02
-9.163799881935119629e-02
3.642713651061058044e-02
-2.131744772195816040e-01
1.729741990566253662e-01
1.837695688009262085e-01
8.954561501741409302e-02
1.116991564631462097e-01
1.173695996403694153e-01
6.918627768754959106e-02
1.874705404043197632e-02
-2.324738353490829468e-02
-2.005965411663055420e-01
-5.385405942797660828e-02
7.855505496263504028e-02
-1.049157828092575073e-01
1.192632317543029785e-01
5.215523764491081238e-02
