-1.215295344591140747e-01
1.419596821069717407e-01
2.835280448198318481e-02
-1.085243448615074158e-01
-1.585491150617599487e-01
-3.168763220310211182e-02
-8.005860447883605957e-02
-1.508322209119796753e-01
1.854843646287918091e-01
-1.826067119836807251e-01
2.782866656780242920e-01
-4.493453726172447205e-02
-1.994210332632064819e-01
-7.110680639743804932e-02
-4.301081225275993347e-02
1.860569566488265991e-01
-2.551771104335784912e-01
-1.128163039684295654e-01
-5.014581605792045593e-02
3.608279675245285034e-02
1.058085188269615173e-01
3.900257404893636703e-03
6.175280362367630005e-02
1.271958462893962860e-02
-1.363700628280639648e-01
-4.258335530757904053e-01
-8.759896457195281982e-02
-7.643527537584304810e-02
-2.915849909186363220e-04
-2.217826992273330688e-02
-8.438709191977977753e-03
-2.554667368531227112e-02
-2.048118859529495239e-01
-2.865218743681907654e-02
1.873146556317806244e-02
7.187712937593460083e-02
-7.161220535635948181e-03
-1.165429577231407166e-01
1.539564281702041626e-01
-2.608973905444145203e-02
-2.654346227645874023e-01
7.514539174735546112e-04
5.977082252502441406e-02
1.816316395998001099e-01
1.116967871785163879e-01
2.846665680408477783e-02
3.088130056858062744e-02
-1.425911933183670044e-01
1.552395075559616089e-01
-1.277738958597183228e-01
-3.454460948705673218e-02
6.974180787801742554e-02
5.397514253854751587e-02
2.773017436265945435e-02
4.165146499872207642e-02
-1.241389065980911255e-01
7.601497322320938110e-02
1.566189825534820557e-01
-1.826335191726684570e-01
-5.425404757261276245e-02
6.357561051845550537e-02
-6.424482911825180054e-02
-9.623103775084018707e-03
-9.293255954980850220e-02
2.687570452690124512e-01
1.093931421637535095e-01
-1.073172762989997864e-01
-1.792071759700775146e-01
9.063716232776641846e-02
-1.174552366137504578e-01
-6.069622933864593506e-02
5.232829973101615906e-02
-1.431728899478912354e-01
-1.765143424272537231e-01
-2.770754694938659668e-01
-3.346931934356689453e-02
3.967112600803375244e-01
9.445105493068695068e-02
-1.343106776475906372e-01
-1.959734782576560974e-02
-1.866680756211280823e-02
-2.612349204719066620e-02
9.301681816577911377e-02
1.529535949230194092e-01
-3.951359912753105164e-02
4.166320711374282837e-02
-7.994509488344192505e-02
2.312009036540985107e-02
2.632606327533721924e-01
-8.136666566133499146e-02
-3.904424142092466354e-03
2.500241696834564209e-01
-2.115873061120510101e-02
7.244430482387542725e-02
-2.416920661926269531e-02
-4.331537708640098572e-02
-1.248783320188522339e-01
7.923441380262374878e-02
-6.455832719802856445e-02
3.532642126083374023e-02
3.977055102586746216e-02
-6.154334545135498047e-02
-1.893839240074157715e-02
9.919614344835281372e-02
-1.969668120145797729e-01
4.387942329049110413e-02
-3.078928589820861816e-02
-5.827757529914379120e-03
3.032228723168373108e-02
2.630618866533041000e-03
-8.336579799652099609e-02
-9.923445433378219604e-02
9.453483670949935913e-02
-2.362111806869506836e-01
2.287824302911758423e-01
2.195629030466079712e-01
8.667746931314468384e-02
1.518497318029403687e-01
8.842491358518600464e-02
2.466119453310966492e-02
-5.714218132197856903e-03
3.238885104656219482e-02
-1.971970647573471069e-01
-3.484063223004341125e-02
1.023497954010963440e-01
-7.613418251276016235e-02
9.498437494039535522e-02
-5.147525668144226074e-02
