-1.050521805882453918e-01
3.685845434665679932e-02
4.365029931068420410e-02
-9.239034354686737061e-02
-8.132564276456832886e-02
1.749989204108715057e-02
-6.033093482255935669e-02
-1.296879500150680542e-01
2.292349487543106079e-01
-2.417640388011932373e-01
2.163868099451065063e-01
-7.297986000776290894e-02
-1.609860658645629883e-01
-1.039194986224174500e-01
-1.763662882149219513e-02
2.038928866386413574e-01
-2.294556051492691040e-01
-2.025054991245269775e-01
-2.120940946042537689e-03
9.866025298833847046e-03
6.338147073984146118e-02
-3.849382698535919189e-02
1.972431200556457043e-04
1.090485826134681702e-01
-1.773918271064758301e-01
-4.261869192123413086e-01
-7.709955424070358276e-02
-6.777628511190414429e-02
-3.148921765387058258e-03
-3.979390859603881836e-02
-9.220280498266220093e-02
1.003278046846389771e-01
-2.517111897468566895e-01
-2.821641229093074799e-02
-8.181454986333847046e-02
1.174695342779159546e-01
3.286815062165260315e-02
-9.192194044589996338e-02
1.385346353054046631e-01
-9.669231250882148743e-03
-2.924139797687530518e-01
-2.990533225238323212e-02
1.861355267465114594e-02
2.119500786066055298e-01
1.036830171942710876e-01
-7.940985262393951416e-02
1.430583000183105469e-02
-7.414872199296951294e-02
1.238666027784347534e-01
-2.045520246028900146e-01
-3.243400156497955322e-02
1.129491776227951050e-01
6.724032014608383179e-02
4.792420566082000732e-02
2.111585624516010284e-02
-8.491604030132293701e-02
4.101734608411788940e-02
1.533050835132598877e-01
-1.554988920688629150e-01
1.719985902309417725e-02
7.715832442045211792e-03
-9.108902513980865479e-02
7.749870419502258301e-02
-8.556179702281951904e-02
2.318853586912155151e-01
1.431405097246170044e-01
-4.227155447006225586e-02
-1.645976603031158447e-01
1.217255145311355591e-01
-1.012071073055267334e-01
-5.090551823377609253e-02
4.190017655491828918e-02
-1.193495392799377441e-01
-2.050327658653259277e-01
-3.391500413417816162e-01
-4.824900999665260315e-03
3.656403720378875732e-01
1.203599795699119568e-01
-1.517805457115173340e-01
8.366705477237701416e-02
-5.539496243000030518e-02
-5.591266974806785583e-02
1.481719315052032471e-01
1.393986493349075317e-01
-3.891449421644210815e-03
7.844971865415573120e-02
-7.737991958856582642e-02
7.693418860435485840e-02
2.685045599937438965e-01
-8.024298585951328278e-03
-4.799206275492906570e-03
1.964032799005508423e-01
-3.674123436212539673e-02
4.396997019648551941e-02
3.807917237281799316e-02
2.933676354587078094e-02
-7.752042263746261597e-02
1.018627658486366272e-01
-1.370272189378738403e-01
8.414796739816665649e-02
-5.119215697050094604e-03
-3.872913494706153870e-02
-1.540205162018537521e-02
8.774712681770324707e-02
-1.632693111896514893e-01
6.942062824964523315e-02
1.904030703008174896e-02
-3.191047534346580505e-02
2.806000411510467529e-02
7.140757143497467041e-02
-1.177263036370277405e-01
-1.048420369625091553e-01
8.773814141750335693e-02
-2.463538646697998047e-01
1.671125590801239014e-01
1.801967620849609375e-01
5.791743844747543335e-02
1.838896870613098145e-01
6.276751309633255005e-02
7.320331037044525146e-02
-3.944401443004608154e-02
-3.972034528851509094e-02
-1.670161336660385132e-01
5.968270357698202133e-03
1.608276963233947754e-01
-4.524652287364006042e-02
6.960491836071014404e-02
1.305973343551158905e-02
