-1.602600961923599243e-01
7.304196059703826904e-02
-1.175070181488990784e-03
-1.158217489719390869e-01
-1.675776988267898560e-01
2.019190788269042969e-02
-1.080092415213584900e-01
-8.448579162359237671e-02
1.491073518991470337e-01
-1.768331527709960938e-01
2.463390827178955078e-01
-4.653747007250785828e-02
-1.827933788299560547e-01
-2.927915006875991821e-02
-3.575307503342628479e-02
1.991772949695587158e-01
-2.279763072729110718e-01
-1.343118846416473389e-01
-3.159619867801666260e-02
6.576953455805778503e-03
8.149293065071105957e-02
9.862896054983139038e-02
2.389892749488353729e-02
3.509131073951721191e-02
-1.559491902589797974e-01
-3.686197102069854736e-01
-4.874417185783386230e-02
-8.218402415513992310e-02
1.104861032217741013e-02
-3.140860050916671753e-02
-3.598916158080101013e-02
2.981235645711421967e-02
-1.939244121313095093e-01
2.515403926372528076e-02
2.553018182516098022e-02
1.136980131268501282e-01
1.619507558643817902e-02
-5.040007829666137695e-02
1.580930799245834351e-01
-9.869216009974479675e-04
-3.225117623805999756e-01
3.421641886234283447e-02
4.288778081536293030e-02
2.189075648784637451e-01
1.656373441219329834e-01
-2.088379114866256714e-02
1.295501179993152618e-02
-1.845635920763015747e-01
1.245605051517486572e-01
-1.347823739051818848e-01
4.519161581993103027e-02
1.045665889978408813e-01
2.782347053289413452e-02
-4.285493865609169006e-03
1.070414669811725616e-02
-9.925381839275360107e-02
1.545196212828159332e-02
1.612827181816101074e-01
-1.657564491033554077e-01
-3.793016821146011353e-02
1.157940477132797241e-01
-4.166811704635620117e-02
3.811237961053848267e-02
-1.330972462892532349e-01
2.199546396732330322e-01
1.009180396795272827e-01
-6.980614364147186279e-02
-2.762363553047180176e-01
1.192260310053825378e-01
-1.409488916397094727e-01
-1.170328557491302490e-01
1.316350698471069336e-01
-1.522034108638763428e-01
-1.765280216932296753e-01
-3.079365193843841553e-01
-1.393955200910568237e-02
3.457100987434387207e-01
9.554477035999298096e-02
-1.080411076545715332e-01
7.036111503839492798e-02
2.824093773961067200e-02
-7.015510648488998413e-02
1.401689797639846802e-01
1.660513877868652344e-01
4.982892423868179321e-03
2.692021802067756653e-02
-5.850759521126747131e-02
6.977066397666931152e-02
3.021380603313446045e-01
-5.425940081477165222e-02
-2.194232121109962463e-02
1.896997839212417603e-01
-1.156038232147693634e-02
2.957035973668098450e-02
2.629355154931545258e-02
3.051815927028656006e-02
-9.865322709083557129e-02
7.202629745006561279e-02
-1.160858720541000366e-01
6.436429452151060104e-03
-1.056335028260946274e-02
-1.005873549729585648e-02
2.739801304414868355e-03
1.403980106115341187e-01
-1.348916739225387573e-01
1.242771670222282410e-01
-6.788386404514312744e-02
-9.366116486489772797e-03
-1.592900417745113373e-02
-1.637949608266353607e-02
-3.824037313461303711e-02
-3.907468914985656738e-02
1.242709979414939880e-01
-1.777285337448120117e-01
2.143420428037643433e-01
1.190977916121482849e-01
1.308419406414031982e-01
1.268461644649505615e-01
1.069775298237800598e-01
4.910421371459960938e-02
-3.877021372318267822e-02
2.600819617509841919e-02
-2.811753451824188232e-01
1.286422554403543472e-02
1.228430196642875671e-01
-8.509040623903274536e-02
1.575409919023513794e-01
1.214161515235900879e-02
