-1.071541458368301392e-01
3.228112310171127319e-02
2.487455122172832489e-02
-1.579388976097106934e-01
-1.220683008432388306e-01
-3.644313290715217590e-02
-9.037215262651443481e-02
-1.354858726263046265e-01
1.644314974546432495e-01
-1.455863714218139648e-01
2.175492644309997559e-01
-5.870778486132621765e-02
-2.036273628473281860e-01
-6.906882673501968384e-02
-3.433993458747863770e-02
1.978342384099960327e-01
-2.647999525070190430e-01
-1.354474425315856934e-01
-3.911694511771202087e-02
1.452637277543544769e-02
4.653592780232429504e-02
3.580282256007194519e-02
5.932489410042762756e-02
1.755892485380172729e-02
-1.036517247557640076e-01
-3.833940625190734863e-01
-1.010924875736236572e-01
-5.182846635580062866e-02
-1.012378185987472534e-02
1.945513859391212463e-02
-3.621548041701316833e-02
2.127570472657680511e-02
-1.756852120161056519e-01
7.017189636826515198e-03
4.788979887962341309e-02
9.633110463619232178e-02
-4.192273132503032684e-03
-9.642344713211059570e-02
1.448892802000045776e-01
-3.694326058030128479e-02
-2.786714434623718262e-01
-4.859699867665767670e-03
8.184418827295303345e-02
2.014124244451522827e-01
1.836713850498199463e-01
8.807559497654438019e-03
3.180064260959625244e-03
-1.603431105613708496e-01
1.259600222110748291e-01
-1.483547389507293701e-01
1.921893656253814697e-02
1.245146617293357849e-01
1.477213390171527863e-02
1.948278583586215973e-02
2.216626331210136414e-02
-6.858652085065841675e-02
3.661218285560607910e-02
1.576165556907653809e-01
-1.131840571761131287e-01
-3.184524551033973694e-02
1.493777632713317871e-01
-7.493869960308074951e-02
-4.742696136236190796e-02
-1.586437374353408813e-01
2.274798601865768433e-01
1.002699881792068481e-01
-1.435462385416030884e-01
-2.498792260885238647e-01
7.633162289857864380e-02
-1.330074667930603027e-01
-1.393204778432846069e-01
1.997980475425720215e-02
-1.685057580471038818e-01
-1.709337979555130005e-01
-2.969402372837066650e-01
-4.268073290586471558e-02
2.822948992252349854e-01
1.171627193689346313e-01
-1.776189655065536499e-01
5.408548563718795776e-02
-6.891254335641860962e-03
2.844767645001411438e-02
1.500078439712524414e-01
1.762195676565170288e-01
7.735399529337882996e-03
7.873272150754928589e-02
-1.103171929717063904e-01
5.139278247952461243e-03
2.348940223455429077e-01
-1.063402071595191956e-01
2.545830560848116875e-03
2.321965843439102173e-01
-2.407916076481342316e-02
7.966676354408264160e-02
-3.719088621437549591e-03
2.604601159691810608e-02
-9.017992019653320312e-02
8.769141137599945068e-02
-1.797000020742416382e-01
1.354967895895242691e-02
1.017311215400695801e-01
3.917501866817474365e-02
2.238719165325164795e-02
1.145155057311058044e-01
-1.026332452893257141e-01
1.287903785705566406e-01
-2.362427115440368652e-02
4.442890360951423645e-02
5.573296919465065002e-02
-4.960345476865768433e-02
-5.253249034285545349e-02
-9.431965649127960205e-02
1.083858087658882141e-01
-1.697269678115844727e-01
1.937674134969711304e-01
1.620787531137466431e-01
1.190602555871009827e-01
1.156268566846847534e-01
1.336614340543746948e-01
7.195448130369186401e-02
-3.781947493553161621e-02
2.596184238791465759e-02
-2.413905858993530273e-01
4.759097471833229065e-03
8.817564696073532104e-02
-2.473972924053668976e-02
1.076846644282341003e-01
7.074522320181131363e-03
