-7.129857689142227173e-02
8.478929102420806885e-02
3.286085650324821472e-02
-1.206408962607383728e-01
-1.621508598327636719e-01
3.671526163816452026e-02
-5.933130532503128052e-02
-1.043471321463584900e-01
1.316268593072891235e-01
-1.651087254285812378e-01
2.790307104587554932e-01
-5.511369183659553528e-02
-2.386133670806884766e-01
-7.718917727470397949e-02
-2.944509126245975494e-02
2.382712066173553467e-01
-2.666063904762268066e-01
-1.752567291259765625e-01
-1.290613040328025818e-02
9.382390417158603668e-03
2.700711227953433990e-02
1.341705396771430969e-02
-8.524233475327491760e-03
3.051355853676795959e-02
-1.025745272636413574e-01
-4.057415127754211426e-01
-1.046736538410186768e-01
-7.422033697366714478e-02
-2.178642898797988892e-04
1.131807686761021614e-03
-7.737378776073455811e-02
8.573350496590137482e-03
-1.774442940950393677e-01
-3.097564913332462311e-02
4.560414329171180725e-02
4.886940494179725647e-02
-1.374125853180885315e-02
-7.312557101249694824e-02
1.131167709827423096e-01
-8.645250461995601654e-03
-2.658453285694122314e-01
3.332114592194557190e-02
1.412428319454193115e-01
2.432665675878524780e-01
1.758925467729568481e-01
5.949268117547035217e-02
1.408746652305126190e-02
-8.230780065059661865e-02
8.582023531198501587e-02
-1.731652766466140747e-01
4.584875702857971191e-02
8.159339427947998047e-02
1.026189029216766357e-01
5.185713991522789001e-02
1.083100028336048126e-02
-1.576422303915023804e-01
2.684235945343971252e-02
1.793020516633987427e-01
-1.574611067771911621e-01
3.451546654105186462e-02
9.473811089992523193e-02
-8.125375211238861084e-02
1.005504373461008072e-02
-9.018539637327194214e-02
2.500675022602081299e-01
1.116506829857826233e-01
-1.230589747428894043e-01
-2.388242185115814209e-01
8.870053291320800781e-02
-1.694824099540710449e-01
-1.367204636335372925e-01
-2.722477540373802185e-03
-1.628772169351577759e-01
-1.671768128871917725e-01
-3.339493274688720703e-01
-1.279004476964473724e-02
3.620430529117584229e-01
1.418455839157104492e-01
-1.765908151865005493e-01
3.148128837347030640e-02
6.186876446008682251e-02
4.710799548774957657e-03
1.679511070251464844e-01
1.937062591314315796e-01
7.206328213214874268e-03
-1.979813911020755768e-03
-1.128980666399002075e-01
-4.074739664793014526e-02
2.263747453689575195e-01
-6.193365156650543213e-02
-1.770400814712047577e-02
2.203250080347061157e-01
-5.190033093094825745e-02
5.611957237124443054e-02
2.446787804365158081e-02
4.349154606461524963e-02
-8.822739869356155396e-02
7.994952797889709473e-02
-1.298175305128097534e-01
1.833123341202735901e-02
-4.060181975364685059e-02
-5.159562081098556519e-02
-3.048203140497207642e-02
1.072267070412635803e-01
-1.460162252187728882e-01
9.934724867343902588e-02
-4.354695230722427368e-02
4.836168885231018066e-02
-1.175805367529392242e-02
2.153343521058559418e-02
-4.218332469463348389e-02
-7.138100266456604004e-02
1.044908538460731506e-01
-2.324469685554504395e-01
2.020733356475830078e-01
2.362170666456222534e-01
6.668762117624282837e-02
1.407409608364105225e-01
1.241629198193550110e-01
5.293932929635047913e-02
-2.201320603489875793e-03
-6.846694275736808777e-03
-2.546228468418121338e-01
-4.619450867176055908e-02
6.647615134716033936e-02
-1.117403060197830200e-01
1.173300892114639282e-01
2.576149627566337585e-02
