-1.139736250042915344e-01
5.676586180925369263e-02
6.079941242933273315e-02
-1.596793234348297119e-01
-1.206085234880447388e-01
-6.241308897733688354e-02
-5.106222629547119141e-02
-1.618555784225463867e-01
1.816520541906356812e-01
-1.649255454540252686e-01
2.697165012359619141e-01
-1.418098062276840210e-01
-2.250711619853973389e-01
-7.321125268936157227e-02
-2.546658925712108612e-02
2.544350922107696533e-01
-1.851819455623626709e-01
-1.307834684848785400e-01
-3.905758634209632874e-02
-4.817760363221168518e-02
2.952066436409950256e-02
2.116668270900845528e-03
5.145920813083648682e-02
7.104256749153137207e-02
-7.783967256546020508e-02
-4.196466207504272461e-01
-1.181650683283805847e-01
-5.770095810294151306e-02
2.709827385842800140e-03
1.762335887178778648e-03
-6.178188323974609375e-02
8.933228254318237305e-02
-2.704362273216247559e-01
-3.101995959877967834e-02
5.513202026486396790e-02
1.388892829418182373e-01
-4.363943263888359070e-02
-7.971172034740447998e-02
1.021856665611267090e-01
2.502347342669963837e-03
-2.363935410976409912e-01
-4.889369755983352661e-02
9.602170437574386597e-02
1.901725530624389648e-01
1.393703520298004150e-01
2.384645491838455200e-02
1.516132615506649017e-02
-1.013259738683700562e-01
9.853142499923706055e-02
-1.754657775163650513e-01
4.126807302236557007e-02
6.802016496658325195e-02
1.144893020391464233e-01
1.752272807061672211e-02
4.034306481480598450e-02
-1.514603346586227417e-01
5.984735488891601562e-02
1.916532069444656372e-01
-2.364786118268966675e-01
-4.251752980053424835e-03
1.179953664541244507e-01
-1.153531074523925781e-01
-8.511022478342056274e-02
-1.009503602981567383e-01
2.855083048343658447e-01
2.244350016117095947e-01
-1.300034224987030029e-01
-2.059002518653869629e-01
1.271879076957702637e-01
-1.139650866389274597e-01
-1.125891879200935364e-02
3.103697299957275391e-02
-1.615180671215057373e-01
-1.614529788494110107e-01
-3.181438148021697998e-01
-3.221027553081512451e-03
3.804205060005187988e-01
8.444020897150039673e-02
-1.361223161220550537e-01
1.775304600596427917e-02
6.015391554683446884e-03
3.892750293016433716e-02
8.746350556612014771e-02
1.232723221182823181e-01
-8.291454613208770752e-02
5.408776551485061646e-02
-8.212409913539886475e-02
3.516706824302673340e-02
1.565392464399337769e-01
-7.838273793458938599e-02
-1.162648573517799377e-02
1.974380910396575928e-01
-1.160873100161552429e-01
7.053677737712860107e-02
-3.052835911512374878e-02
-1.759987883269786835e-02
-1.286258548498153687e-01
3.688053414225578308e-02
-1.235634386539459229e-01
-1.806199550628662109e-02
-2.369562163949012756e-02
-5.102752521634101868e-02
-1.587862893939018250e-02
8.489810675382614136e-02
-1.798742264509201050e-01
8.027774840593338013e-02
-4.361596703529357910e-02
-1.893803477287292480e-02
-2.807468920946121216e-02
-1.502087060362100601e-02
-5.362663790583610535e-02
-6.613317131996154785e-02
6.969139724969863892e-02
-2.451286315917968750e-01
2.123587429523468018e-01
1.753899455070495605e-01
4.893662035465240479e-02
1.695355474948883057e-01
8.433476090431213379e-02
6.027400493621826172e-02
6.884255446493625641e-03
-2.450248040258884430e-02
-1.904580146074295044e-01
-4.581294953823089600e-03
1.303359419107437134e-01
-6.699256598949432373e-02
1.032273098826408386e-01
-1.422801893204450607e-02
