-1.016878485679626465e-01
4.196466505527496338e-02
4.770997539162635803e-02
-9.472505003213882446e-02
-1.400020718574523926e-01
-2.482236549258232117e-02
-4.441625624895095825e-02
-1.898704916238784790e-01
1.210499703884124756e-01
-1.761836707592010498e-01
2.072300016880035400e-01
-1.199491918087005615e-01
-2.107723802328109741e-01
-1.012003645300865173e-01
-8.741426467895507812e-02
2.519726455211639404e-01
-2.115355283021926880e-01
-1.413870602846145630e-01
-9.550653398036956787e-03
1.564273424446582794e-02
9.033589810132980347e-02
-3.521024808287620544e-02
3.304933430626988411e-03
6.139026954770088196e-02
-9.309583157300949097e-02
-3.430489003658294678e-01
-1.000872179865837097e-01
-5.003171786665916443e-02
-6.986586749553680420e-02
-1.173900999128818512e-02
-7.387384772300720215e-02
1.260741949081420898e-01
-1.642467975616455078e-01
-6.806710734963417053e-03
3.202379867434501648e-02
1.095980405807495117e-01
3.220562823116779327e-03
-5.954281613230705261e-02
6.970646977424621582e-02
-2.687401138246059418e-02
-2.823742032051086426e-01
-4.277689754962921143e-02
1.686598956584930420e-01
1.732447594404220581e-01
1.343592852354049683e-01
3.994081541895866394e-02
-9.027726948261260986e-03
-9.899124503135681152e-02
8.933711051940917969e-02
-2.011771649122238159e-01
-2.596691809594631195e-02
1.011314541101455688e-01
5.537468940019607544e-02
4.636439681053161621e-02
2.946228347718715668e-02
-1.500813961029052734e-01
4.992942512035369873e-02
1.069387421011924744e-01
-1.327226608991622925e-01
2.664835192263126373e-03
1.112799420952796936e-01
-1.131201237440109253e-01
-6.220043450593948364e-02
-1.081328690052032471e-01
2.386932075023651123e-01
1.873776018619537354e-01
-1.167458668351173401e-01
-2.036330550909042358e-01
1.261740624904632568e-01
-1.442719548940658569e-01
-1.157736033201217651e-01
1.154811587184667587e-02
-1.502642780542373657e-01
-1.732545047998428345e-01
-2.579405903816223145e-01
-6.061533465981483459e-02
3.618649840354919434e-01
1.283051669597625732e-01
-1.557700335979461670e-01
3.518166020512580872e-02
-2.065414376556873322e-02
3.399797528982162476e-02
1.413189768791198730e-01
1.544917523860931396e-01
2.222491614520549774e-02
5.604120716452598572e-02
-8.043371140956878662e-02
-4.133507609367370605e-02
1.922774314880371094e-01
-9.332625567913055420e-02
2.086427062749862671e-02
2.120389789342880249e-01
-4.664000123739242554e-02
3.865298628807067871e-02
-8.919388055801391602e-03
-2.139249257743358612e-02
-7.827211916446685791e-02
9.571976959705352783e-02
-1.611255258321762085e-01
-2.564672380685806274e-02
1.238759607076644897e-03
-5.958543345332145691e-02
-3.955464344471693039e-04
6.917209178209304810e-02
-1.469761580228805542e-01
8.019961416721343994e-02
-1.425947807729244232e-02
3.601010143756866455e-02
2.239904552698135376e-02
-1.944045303389430046e-03
-9.399550408124923706e-02
-4.006607085466384888e-02
8.901427686214447021e-02
-2.072165012359619141e-01
2.135550826787948608e-01
1.822473108768463135e-01
6.558362394571304321e-02
1.168778613209724426e-01
1.348492354154586792e-01
1.167151480913162231e-01
1.747624948620796204e-02
-4.544445872306823730e-02
-1.691740900278091431e-01
-3.404172509908676147e-02
1.308361589908599854e-01
-1.066454723477363586e-01
4.186370968818664551e-02
-2.822985500097274780e-02
