-1.363552063703536987e-01
8.693858236074447632e-02
4.579868167638778687e-02
-1.494260728359222412e-01
-9.934249520301818848e-02
-7.388729602098464966e-02
-6.658145040273666382e-02
-1.518755853176116943e-01
1.202339082956314087e-01
-1.288746595382690430e-01
3.200601935386657715e-01
-7.928616553544998169e-02
-1.791913956403732300e-01
-1.031168475747108459e-01
-5.492151156067848206e-02
2.024759799242019653e-01
-2.636769711971282959e-01
-1.071985438466072083e-01
-2.268545329570770264e-02
2.877224981784820557e-02
9.918680787086486816e-02
-1.134374272078275681e-02
7.469792664051055908e-02
3.968833759427070618e-02
-9.949248284101486206e-02
-4.103967249393463135e-01
-8.042958378791809082e-02
-5.851231515407562256e-02
3.573023527860641479e-02
1.798813976347446442e-02
-2.272325567901134491e-03
7.059525698423385620e-03
-2.209845036268234253e-01
1.241944730281829834e-03
1.439983118325471878e-02
5.236345902085304260e-02
9.074143134057521820e-03
-7.277488708496093750e-02
1.579095721244812012e-01
-1.063608936965465546e-02
-2.444050312042236328e-01
-3.496107645332813263e-03
5.643414333462715149e-02
2.162491232156753540e-01
1.683994680643081665e-01
2.680886164307594299e-02
5.847341567277908325e-02
-1.334707587957382202e-01
1.016560643911361694e-01
-1.501377522945404053e-01
-1.593022421002388000e-02
1.048444807529449463e-01
4.099759832024574280e-02
5.555852781981229782e-03
-8.790967985987663269e-04
-7.660444825887680054e-02
4.625468701124191284e-02
1.946457326412200928e-01
-1.621115058660507202e-01
3.336354391649365425e-03
1.269836425781250000e-01
-5.029131099581718445e-02
-2.728800103068351746e-02
-1.437809169292449951e-01
2.429156452417373657e-01
6.603815406560897827e-02
-1.786037832498550415e-01
-1.366497278213500977e-01
6.182403489947319031e-02
-9.697629511356353760e-02
-6.229216977953910828e-02
1.974968239665031433e-02
-1.679370850324630737e-01
-2.046009004116058350e-01
-2.923050820827484131e-01
-4.018748179078102112e-03
3.391750454902648926e-01
1.142733097076416016e-01
-1.457478404045104980e-01
1.497083622962236404e-02
-7.308129221200942993e-03
2.826467528939247131e-02
1.373891085386276245e-01
1.503141969442367554e-01
-2.247477881610393524e-02
3.795227780938148499e-02
-7.822556793689727783e-02
1.665720716118812561e-02
1.981741786003112793e-01
-6.118714064359664917e-02
2.006482146680355072e-02
2.524282932281494141e-01
-6.758248060941696167e-02
6.072212383151054382e-02
-5.007434636354446411e-02
2.326702885329723358e-02
-8.448652178049087524e-02
8.835911005735397339e-02
-8.050382137298583984e-02
6.558081507682800293e-02
-8.585933595895767212e-03
-4.644517600536346436e-02
7.012938614934682846e-03
6.919621676206588745e-02
-1.621591299772262573e-01
8.731052279472351074e-02
-3.395442292094230652e-02
4.554148018360137939e-02
2.320120111107826233e-02
-2.548902295529842377e-02
-3.318453952670097351e-02
-7.979034632444381714e-02
6.024213135242462158e-02
-2.046250551939010620e-01
2.092323750257492065e-01
2.397544533014297485e-01
1.062356904149055481e-01
1.426694244146347046e-01
1.117979958653450012e-01
4.140560701489448547e-02
-1.751478388905525208e-02
2.249708026647567749e-02
-1.939937621355056763e-01
-2.356901066377758980e-03
8.595272898674011230e-02
-7.988543808460235596e-02
1.166323125362396240e-01
-4.037816822528839111e-02
