-8.725859969854354858e-02
-1.915281452238559723e-02
1.246378757059574127e-03
-1.333668529987335205e-01
-1.446237415075302124e-01
1.317508518695831299e-02
-1.188032701611518860e-01
-1.256996691226959229e-01
1.498713791370391846e-01
-2.129929810762405396e-01
2.267369180917739868e-01
-1.564839296042919159e-02
-1.854305267333984375e-01
-1.033370271325111389e-01
-3.928180783987045288e-02
2.464904189109802246e-01
-2.554489970207214355e-01
-1.906998157501220703e-01
-4.735628515481948853e-02
-1.547800377011299133e-03
5.527260154485702515e-02
4.104025661945343018e-03
5.448648240417242050e-03
4.289936274290084839e-02
-1.121880933642387390e-01
-3.905349969863891602e-01
-1.030682921409606934e-01
-7.908476889133453369e-02
-7.528775371611118317e-03
-6.192169152200222015e-03
-8.828299492597579956e-02
1.581671275198459625e-02
-2.086065113544464111e-01
-8.359711617231369019e-03
2.627511322498321533e-02
1.204176545143127441e-01
2.514057047665119171e-02
-1.045575141906738281e-01
8.482252806425094604e-02
-2.350383251905441284e-02
-2.653460204601287842e-01
-7.476429454982280731e-03
1.020291298627853394e-01
1.640421003103256226e-01
1.745674610137939453e-01
7.557250559329986572e-02
-3.127623349428176880e-04
-6.350339949131011963e-02
1.211233809590339661e-01
-2.569163739681243896e-01
2.987047284841537476e-02
5.139690265059471130e-02
4.446117952466011047e-02
2.986359409987926483e-02
3.961950913071632385e-02
-1.561705172061920166e-01
6.686761975288391113e-02
1.643881499767303467e-01
-2.180949598550796509e-01
1.169448439031839371e-02
4.120065271854400635e-02
-7.411673665046691895e-02
1.212829630821943283e-02
-7.751315832138061523e-02
2.733606398105621338e-01
1.937016546726226807e-01
-1.126490086317062378e-01
-1.947776973247528076e-01
1.569770574569702148e-01
-1.810922026634216309e-01
-7.019795477390289307e-02
1.552371028810739517e-02
-1.397918164730072021e-01
-1.931712329387664795e-01
-3.268261253833770752e-01
-6.698545813560485840e-02
4.074240028858184814e-01
1.649875044822692871e-01
-1.511972248554229736e-01
1.375303789973258972e-02
3.292952477931976318e-02
1.419387571513652802e-02
1.800509691238403320e-01
1.032001301646232605e-01
2.621765434741973877e-02
1.481632143259048462e-02
-1.312396973371505737e-01
-1.065021473914384842e-02
2.697315514087677002e-01
-3.062578290700912476e-02
-1.616545952856540680e-02
2.290355563163757324e-01
-3.002148121595382690e-02
4.918625950813293457e-02
3.426831215620040894e-02
7.187096774578094482e-02
-4.869080707430839539e-02
4.035184532403945923e-02
-1.486941277980804443e-01
4.421582072973251343e-02
-3.737939149141311646e-02
-9.914948605000972748e-03
-1.766799017786979675e-02
9.307122230529785156e-02
-6.607180833816528320e-02
6.363183259963989258e-02
-5.082894489169120789e-02
6.950167939066886902e-03
-4.768138006329536438e-02
1.090980414301156998e-02
-9.419428557157516479e-02
-8.261273056268692017e-02
8.931344002485275269e-02
-2.152481824159622192e-01
1.925126910209655762e-01
2.221148312091827393e-01
7.870679348707199097e-02
1.618712991476058960e-01
6.085630506277084351e-02
6.496270000934600830e-02
-3.407257050275802612e-02
-7.183483242988586426e-02
-2.472181022167205811e-01
-6.162998825311660767e-02
5.762100219726562500e-02
-9.107754379510879517e-02
1.112911626696586609e-01
4.549532756209373474e-02
