-7.910332083702087402e-02
2.962872385978698730e-04
-1.095040608197450638e-02
-1.223715320229530334e-01
-9.793765097856521606e-02
-2.774355188012123108e-02
-6.662409752607345581e-03
-6.026291847229003906e-02
2.110085040330886841e-01
-1.461407691240310669e-01
2.389953285455703735e-01
-5.935863405466079712e-02
-2.046307772397994995e-01
-7.665795087814331055e-02
-3.503083437681198120e-02
1.927417218685150146e-01
-2.056632637977600098e-01
-1.003071293234825134e-01
-3.578437119722366333e-02
5.433466285467147827e-02
1.007702648639678955e-01
1.723978552035987377e-03
4.435928910970687866e-02
1.210838630795478821e-01
-1.149912923574447632e-01
-4.410931468009948730e-01
-1.010188534855842590e-01
-5.628559738397598267e-02
-8.757846802473068237e-02
-1.356414984911680222e-02
-3.996014595031738281e-02
5.548074096441268921e-02
-2.214497178792953491e-01
-3.304245322942733765e-02
-1.351721026003360748e-02
8.265820890665054321e-02
-4.210318997502326965e-02
-8.200233429670333862e-02
1.214378103613853455e-01
5.269794911146163940e-02
-2.781105637550354004e-01
1.721523143351078033e-02
2.901113778352737427e-02
2.459594458341598511e-01
1.525518447160720825e-01
-7.819993188604712486e-04
6.874856539070606232e-03
-8.708236366510391235e-02
1.244926899671554565e-01
-2.063374966382980347e-01
-4.338220134377479553e-02
1.029146984219551086e-01
3.509007766842842102e-02
8.470376953482627869e-03
1.680997572839260101e-02
-9.793474338948726654e-03
5.433196574449539185e-02
1.568474322557449341e-01
-2.259244173765182495e-01
-3.764159232378005981e-02
2.942679636180400848e-02
-6.971506029367446899e-02
-3.149376064538955688e-02
-1.203777790069580078e-01
1.680393666028976440e-01
1.397521346807479858e-01
-1.085875332355499268e-01
-1.982035636901855469e-01
9.177847951650619507e-02
-1.934107095003128052e-01
-7.419976592063903809e-02
5.433825403451919556e-02
-1.475841403007507324e-01
-2.437839806079864502e-01
-3.071485161781311035e-01
-1.155913807451725006e-03
3.734074234962463379e-01
1.207031607627868652e-01
-1.192093715071678162e-01
3.538315370678901672e-02
-3.072134219110012054e-03
-3.255684394389390945e-03
1.419641524553298950e-01
1.551821082830429077e-01
3.447280079126358032e-02
6.261381506919860840e-02
-9.309052675962448120e-02
6.268063187599182129e-02
1.939463168382644653e-01
-7.384395599365234375e-02
-5.348081700503826141e-03
2.504171431064605713e-01
-1.419284380972385406e-02
5.246041715145111084e-02
1.629174873232841492e-02
3.880967944860458374e-02
-5.835601687431335449e-02
1.274175345897674561e-01
-1.464299708604812622e-01
8.824848383665084839e-02
1.644581928849220276e-02
-1.497118268162012100e-02
5.823716055601835251e-03
4.114966094493865967e-02
-1.414419859647750854e-01
9.132888168096542358e-02
-1.160706300288438797e-02
-2.481254190206527710e-02
4.141246154904365540e-02
4.114380106329917908e-03
-1.209051385521888733e-01
-1.114320680499076843e-01
5.108374729752540588e-02
-2.500479221343994141e-01
1.451210528612136841e-01
1.895386576652526855e-01
6.039029732346534729e-02
1.234114393591880798e-01
2.602135017514228821e-02
4.220784455537796021e-02
-3.410569950938224792e-02
-2.331507951021194458e-02
-2.234495878219604492e-01
3.510966198518872261e-03
1.068126484751701355e-01
-1.319497264921665192e-02
5.552409216761589050e-02
-6.635555624961853027e-02
