-1.466950774192810059e-01
1.310095787048339844e-01
4.910805076360702515e-02
-1.037112921476364136e-01
-1.683155894279479980e-01
3.896558657288551331e-02
-3.344067931175231934e-02
-1.517326235771179199e-01
1.826094239950180054e-01
-1.831193715333938599e-01
3.145136833190917969e-01
-6.585784256458282471e-02
-2.033967375755310059e-01
-7.978315651416778564e-02
-1.928993687033653259e-02
1.988748610019683838e-01
-2.283001691102981567e-01
-1.603909432888031006e-01
-4.517861455678939819e-02
-8.418658375740051270e-02
4.946668446063995361e-02
3.620433062314987183e-02
-4.150888696312904358e-02
1.506941579282283783e-02
-1.345483809709548950e-01
-3.944184482097625732e-01
-8.266274631023406982e-02
-8.612012118101119995e-02
5.971180647611618042e-02
-5.315380170941352844e-02
-2.943584509193897247e-02
7.171303778886795044e-02
-1.980058252811431885e-01
-3.480685502290725708e-02
-9.657518006861209869e-03
1.144252568483352661e-01
2.174388989806175232e-02
-2.919459342956542969e-02
9.284025430679321289e-02
-1.369087584316730499e-02
-2.385535091161727905e-01
6.479138135910034180e-02
9.225719422101974487e-02
2.568667531013488770e-01
1.307194381952285767e-01
-4.803935997188091278e-03
1.122749876230955124e-02
-7.489959150552749634e-02
7.392652332782745361e-02
-1.536325216293334961e-01
8.868888951838016510e-03
1.275856345891952515e-01
8.230090141296386719e-02
5.948798358440399170e-02
3.229113668203353882e-02
-7.495684176683425903e-02
1.415466610342264175e-02
1.062532961368560791e-01
-1.663607060909271240e-01
-6.124202162027359009e-03
1.507836729288101196e-01
-8.562901616096496582e-02
-3.438226506114006042e-02
-6.938772648572921753e-02
2.217126786708831787e-01
1.397266834974288940e-01
-7.175678014755249023e-02
-1.732522547245025635e-01
1.258502900600433350e-01
-1.215101778507232666e-01
-1.315542012453079224e-01
4.385398328304290771e-02
-1.637838184833526611e-01
-1.150429397821426392e-01
-2.768885195255279541e-01
4.063560813665390015e-02
4.885528385639190674e-01
1.105164363980293274e-01
-1.710152477025985718e-01
1.791354827582836151e-02
-1.847074739634990692e-02
-2.105346508324146271e-02
1.600749045610427856e-01
1.225043684244155884e-01
9.032150730490684509e-03
-2.054086141288280487e-02
-8.727981895208358765e-02
7.826080918312072754e-02
2.217282652854919434e-01
-2.344175800681114197e-02
-1.327579561620950699e-02
1.850790083408355713e-01
2.306108176708221436e-02
2.657849900424480438e-02
2.627648785710334778e-02
6.701419502496719360e-02
-7.213782519102096558e-02
1.986795105040073395e-03
-1.114477068185806274e-01
-2.972375601530075073e-02
-1.240251213312149048e-02
-3.430059552192687988e-02
-5.345662310719490051e-02
9.776400029659271240e-02
-1.559326052665710449e-01
1.765257418155670166e-01
2.028417959809303284e-02
4.275562241673469543e-04
-9.318459779024124146e-03
5.119165405631065369e-02
4.120663926005363464e-02
-1.920693740248680115e-02
9.827008098363876343e-02
-2.188680917024612427e-01
1.948489844799041748e-01
1.895854026079177856e-01
8.726749569177627563e-03
1.487553864717483521e-01
3.495283424854278564e-02
6.496345996856689453e-02
-3.458295017480850220e-02
-3.790876641869544983e-02
-1.781048923730850220e-01
-1.190197095274925232e-01
3.730992972850799561e-02
-7.455567270517349243e-02
8.108486235141754150e-02
2.359022852033376694e-03
