-1.729117482900619507e-01
8.024641126394271851e-02
5.240149050951004028e-02
-1.286731660366058350e-01
-1.244432181119918823e-01
-8.353885263204574585e-03
-1.230392828583717346e-01
-1.456757038831710815e-01
1.708577722311019897e-01
-1.923284232616424561e-01
2.561790943145751953e-01
-8.460194617509841919e-02
-2.018583118915557861e-01
-1.118853986263275146e-01
-3.131168708205223083e-02
2.356722205877304077e-01
-1.948496401309967041e-01
-1.791018992662429810e-01
2.097050659358501434e-03
1.289807353168725967e-02
6.265659630298614502e-02
-2.756752073764801025e-03
1.235207263380289078e-02
6.831932067871093750e-02
-1.473855376243591309e-01
-4.043489396572113037e-01
-8.297884464263916016e-02
-6.050659716129302979e-02
-2.628130652010440826e-02
-3.118604421615600586e-02
-4.594951122999191284e-02
6.326207518577575684e-02
-2.518573105335235596e-01
1.486066728830337524e-03
5.928183905780315399e-03
1.354957371950149536e-01
2.397761493921279907e-02
-2.974950149655342102e-02
1.525317430496215820e-01
-1.100842095911502838e-02
-2.713859379291534424e-01
4.234897904098033905e-03
1.107656806707382202e-01
1.499729752540588379e-01
1.178451254963874817e-01
2.785727754235267639e-02
1.290835998952388763e-02
-1.563565880060195923e-01
1.422935426235198975e-01
-1.548021286725997925e-01
3.774454817175865173e-02
1.211995258927345276e-01
6.352981925010681152e-02
3.164019063115119934e-02
3.673877194523811340e-02
-1.483021378517150879e-01
4.139543324708938599e-02
1.239755898714065552e-01
-1.736996918916702271e-01
-2.639480307698249817e-02
6.187290698289871216e-02
-4.940427094697952271e-02
-8.116427063941955566e-02
-1.138341203331947327e-01
2.418515980243682861e-01
1.855486929416656494e-01
-6.477856636047363281e-02
-2.720790505409240723e-01
1.442872732877731323e-01
-1.158092394471168518e-01
-9.872534126043319702e-02
7.818342000246047974e-02
-1.335737705230712891e-01
-1.275123357772827148e-01
-3.099432885646820068e-01
-1.352996565401554108e-02
3.112784922122955322e-01
6.594952940940856934e-02
-1.665093600749969482e-01
9.981876611709594727e-02
2.144350111484527588e-02
-6.278891116380691528e-02
5.621013045310974121e-02
1.334283947944641113e-01
-3.475008532404899597e-02
5.537670105695724487e-02
-4.342577233910560608e-02
1.436245255172252655e-02
2.162078469991683960e-01
-1.910535059869289398e-02
5.855314806103706360e-02
1.922432780265808105e-01
-2.299101836979389191e-02
9.017697721719741821e-02
2.226893045008182526e-02
-2.457330236211419106e-03
-1.303804069757461548e-01
4.936036840081214905e-02
-1.304881274700164795e-01
-3.693678230047225952e-02
1.607986725866794586e-02
1.039126701653003693e-02
-3.874026471748948097e-03
9.367840737104415894e-02
-1.897526979446411133e-01
1.299623399972915649e-01
-4.575413465499877930e-02
-1.378595642745494843e-02
3.822796512395143509e-03
4.761748760938644409e-02
-3.532642498612403870e-02
-6.248702481389045715e-02
7.401065528392791748e-02
-2.022116482257843018e-01
2.309697419404983521e-01
1.161488443613052368e-01
6.076189503073692322e-02
1.280508637428283691e-01
1.335694789886474609e-01
1.050584241747856140e-01
-2.382835373282432556e-02
4.135058075189590454e-02
-2.182205468416213989e-01
-2.862807735800743103e-02
1.281012743711471558e-01
-1.187992468476295471e-01
8.448521047830581665e-02
9.387304075062274933e-03
