-8.284637331962585449e-02
5.575060844421386719e-02
4.098135977983474731e-03
-1.946942508220672607e-01
-1.364200264215469360e-01
-5.229341238737106323e-02
-8.749786764383316040e-02
-7.507584989070892334e-02
1.838458478450775146e-01
-1.981508135795593262e-01
1.940854787826538086e-01
-2.533323690295219421e-02
-1.726094633340835571e-01
-1.048395223915576935e-02
-7.931329309940338135e-03
2.259342819452285767e-01
-2.637946009635925293e-01
-1.394954323768615723e-01
-1.034161075949668884e-02
9.551318362355232239e-03
9.714926779270172119e-02
6.887229532003402710e-02
2.204823493957519531e-02
1.301246583461761475e-01
-1.239710748195648193e-01
-4.070988297462463379e-01
-9.606742858886718750e-02
-2.438878640532493591e-02
-3.378888592123985291e-02
-2.128764241933822632e-02
3.245496004819869995e-02
3.331875056028366089e-02
-2.092301547527313232e-01
2.595672756433486938e-02
2.888353727757930756e-02
1.071446835994720459e-01
-2.653520368039608002e-02
-1.231232210993766785e-01
1.920704990625381470e-01
8.421289920806884766e-02
-3.025619685649871826e-01
8.111274801194667816e-03
5.497426539659500122e-02
2.358895987272262573e-01
1.617812812328338623e-01
-1.774173974990844727e-02
3.112312965095043182e-02
-5.312258750200271606e-02
1.338444352149963379e-01
-2.759161889553070068e-01
1.078888215124607086e-02
1.268584281206130981e-01
3.607375547289848328e-02
-3.149094991385936737e-03
5.372054874897003174e-02
-7.598789036273956299e-02
7.114700227975845337e-02
1.556349992752075195e-01
-2.765237390995025635e-01
-7.062932848930358887e-02
7.846237719058990479e-02
-9.398916363716125488e-02
1.296085491776466370e-02
-1.066435575485229492e-01
2.174636870622634888e-01
1.417403519153594971e-01
-1.318845152854919434e-01
-1.531831026077270508e-01
1.386489421129226685e-01
-1.658056974411010742e-01
-6.988827139139175415e-02
2.403064444661140442e-02
-1.051067858934402466e-01
-1.984222531318664551e-01
-2.773792445659637451e-01
-1.547895930707454681e-02
3.612569272518157959e-01
1.535880416631698608e-01
-9.681962430477142334e-02
1.037067919969558716e-01
7.889475673437118530e-03
-4.534149914979934692e-02
7.528585195541381836e-02
1.680618375539779663e-01
3.262201696634292603e-02
4.151852056384086609e-02
-3.637771308422088623e-02
8.785185217857360840e-02
1.749409139156341553e-01
-3.255161270499229431e-02
3.002711758017539978e-02
2.572229802608489990e-01
-3.500422462821006775e-03
2.960642427206039429e-02
2.801158279180526733e-02
4.580500349402427673e-02
-1.059967428445816040e-01
5.301689356565475464e-02
-8.771523088216781616e-02
9.862652420997619629e-02
-5.460745096206665039e-02
-1.753109320998191833e-02
7.630924228578805923e-04
8.928603678941726685e-02
-1.871874928474426270e-01
1.748438328504562378e-01
-5.092242732644081116e-02
-8.938980102539062500e-02
-3.999706730246543884e-02
2.165532857179641724e-02
-6.172505021095275879e-02
-8.382862806320190430e-02
4.976193979382514954e-02
-2.538264393806457520e-01
1.454570442438125610e-01
1.762512475252151489e-01
-5.572583526372909546e-03
1.951404660940170288e-01
1.761168986558914185e-02
6.692047417163848877e-02
-1.203932333737611771e-02
-4.987906292080879211e-02
-2.243677079677581787e-01
-6.331624835729598999e-02
6.406667828559875488e-02
-5.950192734599113464e-02
8.626404404640197754e-02
-1.536623574793338776e-03
