-1.538106203079223633e-01
1.775215417146682739e-01
6.044999510049819946e-02
-1.011559441685676575e-01
-4.834732040762901306e-02
-4.031919687986373901e-02
-1.132170036435127258e-01
-8.924660831689834595e-02
1.817192882299423218e-01
-1.807375103235244751e-01
2.097015827894210815e-01
-9.504212439060211182e-02
-2.455746233463287354e-01
-7.982407510280609131e-02
-7.554316520690917969e-02
2.589869499206542969e-01
-2.115270495414733887e-01
-1.613843739032745361e-01
-3.742204606533050537e-02
1.342872157692909241e-02
1.214561387896537781e-01
-1.782482257112860680e-03
-3.361278772354125977e-02
7.542187720537185669e-02
-1.526672095060348511e-01
-4.007516801357269287e-01
-5.850824341177940369e-02
-9.028073400259017944e-02
-3.712925314903259277e-02
-1.001341417431831360e-01
-1.644951105117797852e-02
-1.095327921211719513e-02
-2.274093925952911377e-01
-1.866273581981658936e-03
-1.682542078197002411e-02
1.288703978061676025e-01
3.937553986907005310e-02
-3.622649610042572021e-02
1.170778125524520874e-01
2.385041117668151855e-02
-3.295443952083587646e-01
-3.460209071636199951e-02
1.014315858483314514e-01
1.888932287693023682e-01
1.338130831718444824e-01
2.568779885768890381e-02
2.925447560846805573e-02
-1.208836436271667480e-01
1.478968858718872070e-01
-1.748279631137847900e-01
-4.792719334363937378e-02
1.180902048945426941e-01
9.186141192913055420e-02
7.522761821746826172e-02
7.334867119789123535e-02
-1.212484836578369141e-01
3.981671854853630066e-02
1.457398682832717896e-01
-2.294372022151947021e-01
-1.007202174514532089e-02
4.284579679369926453e-02
-9.712503850460052490e-02
-3.083466924726963043e-02
-5.292234197258949280e-02
2.372380644083023071e-01
1.055410429835319519e-01
-1.188986003398895264e-01
-1.755391210317611694e-01
2.096236944198608398e-01
-1.612308323383331299e-01
-3.978262096643447876e-02
1.153638809919357300e-01
-7.193893194198608398e-02
-1.775248199701309204e-01
-3.360678255558013916e-01
-2.187366224825382233e-02
3.519635498523712158e-01
1.228501945734024048e-01
-1.121664121747016907e-01
8.959318697452545166e-02
-1.744564250111579895e-02
-4.229546338319778442e-02
5.024847015738487244e-02
1.813805401325225830e-01
-6.765316240489482880e-03
1.049705669283866882e-01
-1.774563454091548920e-02
3.170855343341827393e-02
2.220995128154754639e-01
-1.768087595701217651e-02
4.220852255821228027e-02
1.658647358417510986e-01
-5.767044425010681152e-02
5.300039798021316528e-02
-2.792116254568099976e-02
1.087383460253477097e-02
-1.500027477741241455e-01
-1.230299286544322968e-02
-8.557114005088806152e-02
-3.805594146251678467e-02
-3.136560320854187012e-02
-2.917760983109474182e-02
-2.885478548705577850e-02
6.659014523029327393e-02
-1.575314700603485107e-01
6.340245902538299561e-02
-6.554711144417524338e-03
-4.466859251260757446e-02
-4.755145683884620667e-02
1.104852780699729919e-01
-3.179941326379776001e-02
-7.888224720954895020e-02
8.827438205480575562e-02
-2.323549389839172363e-01
2.408197224140167236e-01
1.927951276302337646e-01
-5.057933274656534195e-03
9.731110185384750366e-02
9.381246566772460938e-02
7.785949856042861938e-02
-6.064362823963165283e-04
-5.056221783161163330e-02
-1.528932601213455200e-01
-8.816250413656234741e-02
9.742697328329086304e-02
-9.335478395223617554e-02
1.091257259249687195e-01
-7.080256938934326172e-02
