-4.671566933393478394e-02
5.228826403617858887e-02
3.451251983642578125e-02
-7.851797342300415039e-02
-2.079785168170928955e-01
-1.383496262133121490e-02
-8.721035718917846680e-02
-8.905398100614547729e-02
1.412258744239807129e-01
-1.475194692611694336e-01
2.556873559951782227e-01
-8.645873516798019409e-02
-2.198653966188430786e-01
-6.831666827201843262e-02
-8.742915838956832886e-02
2.398213595151901245e-01
-1.877250969409942627e-01
-1.135336235165596008e-01
-1.046627573668956757e-02
1.807732507586479187e-02
5.349219590425491333e-02
6.325192749500274658e-03
-1.527799479663372040e-02
2.090086042881011963e-02
-9.440872073173522949e-02
-3.826747834682464600e-01
-7.185879349708557129e-02
-7.139607518911361694e-02
-3.571818023920059204e-02
-4.405964538455009460e-02
-1.250197589397430420e-01
8.141404390335083008e-02
-1.497432440519332886e-01
-4.815458506345748901e-02
6.934054195880889893e-02
7.427050918340682983e-02
-2.944115735590457916e-02
-9.211239963769912720e-02
8.126392960548400879e-02
-1.855511032044887543e-02
-2.578637599945068359e-01
-2.259901911020278931e-02
1.089316308498382568e-01
1.955483108758926392e-01
1.591846644878387451e-01
1.820425689220428467e-02
1.567886210978031158e-02
-1.741570681333541870e-01
1.656771749258041382e-01
-2.042529284954071045e-01
1.750549301505088806e-03
1.091692745685577393e-01
6.868165731430053711e-02
4.334834963083267212e-02
5.000162124633789062e-02
-9.563396871089935303e-02
7.330563664436340332e-02
1.924283504486083984e-01
-1.783536672592163086e-01
6.893253885209560394e-03
9.849657118320465088e-02
-6.354215741157531738e-02
-2.788184955716133118e-02
-1.279808729887008667e-01
2.511337697505950928e-01
1.378258019685745239e-01
-9.572961926460266113e-02
-1.994775235652923584e-01
1.201929077506065369e-01
-1.298086047172546387e-01
-1.069131642580032349e-01
1.138027384877204895e-02
-1.456007957458496094e-01
-2.176910638809204102e-01
-2.779717445373535156e-01
-2.110349200665950775e-02
3.749698102474212646e-01
1.558529585599899292e-01
-1.618547737598419189e-01
5.558012798428535461e-02
1.247180532664060593e-02
-1.755474507808685303e-02
1.626921594142913818e-01
1.468378901481628418e-01
6.092904135584831238e-03
-7.846529595553874969e-03
-9.434678405523300171e-02
5.935681983828544617e-04
2.471661865711212158e-01
-1.259272992610931396e-01
5.304425954818725586e-02
2.096440047025680542e-01
-5.403688549995422363e-02
7.069810479879379272e-02
1.026872545480728149e-03
7.957521826028823853e-03
-1.238974556326866150e-01
1.122917532920837402e-01
-1.241829693317413330e-01
-7.664868608117103577e-03
3.843478113412857056e-02
-7.159829884767532349e-02
1.073066890239715576e-02
9.226112812757492065e-02
-1.457061320543289185e-01
5.624333769083023071e-02
-4.891696572303771973e-02
3.769256174564361572e-02
4.951359331607818604e-02
-7.401923835277557373e-02
-3.953671455383300781e-02
-5.989389866590499878e-02
1.051352545619010925e-01
-1.946740746498107910e-01
2.355805039405822754e-01
1.332668513059616089e-01
9.395341575145721436e-02
1.287676393985748291e-01
9.869495779275894165e-02
5.633145570755004883e-02
6.787380203604698181e-03
-8.341864496469497681e-02
-2.120010256767272949e-01
-5.890867905691266060e-04
1.113366112112998962e-01
-9.891574829816818237e-02
3.826630488038063049e-02
-3.689705580472946167e-02
