-9.993068873882293701e-02
1.102063804864883423e-01
5.968157574534416199e-02
-8.191219717264175415e-02
-1.791432648897171021e-01
-5.629742518067359924e-04
-7.526852190494537354e-02
-1.150033622980117798e-01
1.772311776876449585e-01
-1.709715425968170166e-01
2.293072938919067383e-01
-1.028302758932113647e-01
-1.953256726264953613e-01
-1.198024116456508636e-02
-6.311292201280593872e-02
2.387134879827499390e-01
-2.012380212545394897e-01
-1.553059816360473633e-01
2.869634889066219330e-03
-1.251797750592231750e-02
1.032090783119201660e-01
8.613573014736175537e-02
-2.829148992896080017e-02
8.956008590757846832e-03
-1.763343364000320435e-01
-3.304544985294342041e-01
-7.847229391336441040e-02
-6.240068376064300537e-02
-3.179436177015304565e-02
-8.749392628669738770e-02
-4.533793777227401733e-02
5.061127617955207825e-02
-1.206877231597900391e-01
1.257447525858879089e-03
5.662199854850769043e-02
8.725629746913909912e-02
2.715100534260272980e-02
-7.438815385103225708e-02
1.539484858512878418e-01
-3.845040686428546906e-03
-3.020486235618591309e-01
1.534986309707164764e-02
1.427529752254486084e-01
1.972698867321014404e-01
1.025367677211761475e-01
-3.277333825826644897e-02
-1.428882032632827759e-02
-1.484004706144332886e-01
1.254784464836120605e-01
-1.324881315231323242e-01
-6.722807884216308594e-02
1.293193399906158447e-01
6.290012970566749573e-05
9.158299118280410767e-02
4.032941535115242004e-03
-9.614076465368270874e-02
3.903012722730636597e-02
1.126980036497116089e-01
-1.378691941499710083e-01
-2.073556743562221527e-02
1.429693847894668579e-01
-8.608295023441314697e-02
-3.705434501171112061e-02
-8.807884901762008667e-02
1.608162075281143188e-01
7.023479789495468140e-02
-7.501006126403808594e-02
-2.540490925312042236e-01
4.487270116806030273e-02
-1.616024374961853027e-01
-1.680570542812347412e-01
6.366424262523651123e-02
-1.460000872611999512e-01
-1.516875624656677246e-01
-2.799081206321716309e-01
-7.753070443868637085e-02
3.418284654617309570e-01
1.031219363212585449e-01
-1.523414701223373413e-01
8.450575172901153564e-02
4.785829409956932068e-02
-1.837060973048210144e-02
1.366528719663619995e-01
1.745963394641876221e-01
3.622010350227355957e-02
9.912542998790740967e-02
-6.429850310087203979e-02
3.969619795680046082e-02
2.399960309267044067e-01
-8.030606806278228760e-02
4.361033067107200623e-02
2.239431589841842651e-01
8.504595607519149780e-04
1.292807012796401978e-01
1.196440495550632477e-02
4.497877135872840881e-02
-9.243373572826385498e-02
4.775940999388694763e-02
-9.676355868577957153e-02
-9.426347911357879639e-03
3.483038023114204407e-02
2.182325348258018494e-03
2.481007017195224762e-02
1.125307381153106689e-01
-1.594714820384979248e-01
1.538366824388504028e-01
-2.064267173409461975e-02
4.758282378315925598e-02
-1.208537630736827850e-02
5.367682874202728271e-02
-1.322510652244091034e-03
-3.025426529347896576e-02
1.219063103199005127e-01
-1.650169193744659424e-01
1.574524044990539551e-01
1.735374778509140015e-01
2.112375013530254364e-02
8.784224092960357666e-02
1.214219182729721069e-01
5.836524069309234619e-02
-4.100637137889862061e-02
1.524173561483621597e-02
-2.111586928367614746e-01
-2.447940967977046967e-02
4.417142271995544434e-02
-8.713807165622711182e-02
7.270382344722747803e-02
-1.394101604819297791e-02
