-8.407444506883621216e-02
2.586828917264938354e-02
-3.768713679164648056e-03
-1.176232695579528809e-01
-1.470362246036529541e-01
-1.213355734944343567e-02
-6.098992004990577698e-02
-1.200143545866012573e-01
1.846866458654403687e-01
-1.852696090936660767e-01
2.781610190868377686e-01
-7.050875574350357056e-02
-1.768101304769515991e-01
-6.042192131280899048e-02
-3.940206393599510193e-02
2.359680980443954468e-01
-2.903946042060852051e-01
-1.199299916625022888e-01
-1.080617867410182953e-02
4.233420826494693756e-03
4.487976431846618652e-02
7.268480025231838226e-03
2.656188979744911194e-02
5.449111387133598328e-02
-1.332208663225173950e-01
-4.003995954990386963e-01
-8.032236993312835693e-02
-9.180176258087158203e-02
7.069168612360954285e-03
4.252151586115360260e-03
-3.848140686750411987e-02
8.167848736047744751e-02
-1.776026636362075806e-01
-6.324617192149162292e-03
5.105631425976753235e-02
9.715725481510162354e-02
-1.750710653141140938e-03
-6.974871456623077393e-02
1.253280490636825562e-01
-2.041513659060001373e-02
-2.441689819097518921e-01
-5.587093159556388855e-02
8.886560797691345215e-02
2.416205257177352905e-01
1.094280928373336792e-01
2.672518044710159302e-02
1.869897544384002686e-02
-1.072230264544487000e-01
1.131630092859268188e-01
-1.937902122735977173e-01
-1.042414456605911255e-03
6.246158480644226074e-02
5.365744233131408691e-02
3.215013444423675537e-02
2.516395598649978638e-02
-1.286647915840148926e-01
6.968783587217330933e-02
1.587504744529724121e-01
-1.681466996669769287e-01
1.034842152148485184e-02
8.633370697498321533e-02
-8.919531106948852539e-02
-1.449127588421106339e-02
-1.178031712770462036e-01
2.924015223979949951e-01
1.219848021864891052e-01
-1.226509064435958862e-01
-1.765546053647994995e-01
9.080698341131210327e-02
-1.277376562356948853e-01
-9.859354048967361450e-02
-5.470539443194866180e-03
-1.540936976671218872e-01
-2.016143202781677246e-01
-3.332370817661285400e-01
-7.186932861804962158e-02
3.469449877738952637e-01
1.112531498074531555e-01
-1.492334157228469849e-01
4.797297716140747070e-02
3.667607530951499939e-02
4.149187356233596802e-03
1.714519858360290527e-01
1.871814876794815063e-01
1.152518950402736664e-02
4.237429797649383545e-02
-8.132443577051162720e-02
1.670937240123748779e-02
2.284520119428634644e-01
-1.140323504805564880e-01
1.086849998682737350e-02
2.084757983684539795e-01
-6.892766058444976807e-02
4.370294883847236633e-02
-1.476736553013324738e-02
-4.018671344965696335e-03
-7.440859079360961914e-02
9.459339827299118042e-02
-1.091797500848770142e-01
5.631863325834274292e-02
1.435771398246288300e-02
-3.288593888282775879e-02
-5.133007187396287918e-03
7.639520615339279175e-02
-1.749335825443267822e-01
7.842753082513809204e-02
-1.752002164721488953e-02
6.418567150831222534e-03
4.252450540661811829e-02
-1.120009645819664001e-02
-8.164813369512557983e-02
-9.797562658786773682e-02
1.175305768847465515e-01
-2.420846372842788696e-01
2.143728882074356079e-01
2.221124321222305298e-01
8.196270465850830078e-02
1.822642087936401367e-01
6.197528168559074402e-02
5.880213901400566101e-02
-2.218412235379219055e-02
3.644441254436969757e-03
-2.282624244689941406e-01
-5.542442668229341507e-04
8.352322876453399658e-02
-9.506300091743469238e-02
5.370080471038818359e-02
-1.486625336110591888e-02
