-1.280315220355987549e-01
9.739552438259124756e-02
5.917704850435256958e-02
-1.234114542603492737e-01
-1.855017095804214478e-01
5.067044496536254883e-02
-1.183457151055335999e-01
-9.184346348047256470e-02
1.454551666975021362e-01
-2.011721134185791016e-01
2.231947183609008789e-01
-6.431666016578674316e-02
-1.752821952104568481e-01
-2.724105678498744965e-02
-2.657467871904373169e-02
2.323085069656372070e-01
-1.966521590948104858e-01
-1.910391151905059814e-01
-6.265944242477416992e-02
-5.166470073163509369e-03
7.077463716268539429e-02
5.356533452868461609e-02
-1.223192643374204636e-02
7.453627139329910278e-02
-1.878525316715240479e-01
-3.878465890884399414e-01
-5.104876309633255005e-02
-8.289462327957153320e-02
-7.303462177515029907e-02
-7.515218108892440796e-02
-4.480237513780593872e-02
2.720232494175434113e-02
-2.244046777486801147e-01
3.793757408857345581e-02
-1.491863373667001724e-02
9.955027699470520020e-02
2.783106639981269836e-02
-9.814040362834930420e-02
1.306102871894836426e-01
2.612717822194099426e-02
-3.180431425571441650e-01
8.093657344579696655e-02
5.231104791164398193e-02
1.959909796714782715e-01
1.392210125923156738e-01
-3.759447857737541199e-02
9.667601436376571655e-03
-1.101504936814308167e-01
1.397650539875030518e-01
-1.828831285238265991e-01
-7.271891459822654724e-03
1.354582011699676514e-01
1.880949735641479492e-02
2.223882824182510376e-02
4.157993942499160767e-02
-3.195548802614212036e-02
4.095997661352157593e-02
1.406754702329635620e-01
-1.952627599239349365e-01
-2.177845872938632965e-02
8.846122026443481445e-02
-7.809680700302124023e-02
-5.823189858347177505e-03
-1.724271625280380249e-01
1.880152672529220581e-01
1.660779118537902832e-01
-5.238266661763191223e-02
-2.249873876571655273e-01
9.790620207786560059e-02
-1.268864274024963379e-01
-1.295638680458068848e-01
8.321391791105270386e-02
-1.480893790721893311e-01
-1.927658319473266602e-01
-2.693382501602172852e-01
2.557603269815444946e-02
3.692528903484344482e-01
1.777100861072540283e-01
-2.011400759220123291e-01
4.486352950334548950e-02
4.712712392210960388e-02
-3.489220142364501953e-02
1.301929503679275513e-01
1.545740664005279541e-01
4.505291581153869629e-02
4.181826487183570862e-02
-4.950819164514541626e-02
8.527302742004394531e-02
2.760929167270660400e-01
-3.811446204781532288e-02
1.469462644308805466e-02
2.264414131641387939e-01
3.991161473095417023e-03
1.365296542644500732e-03
3.088088147342205048e-02
2.300065755844116211e-02
-1.025638356804847717e-01
4.044908285140991211e-02
-1.303453296422958374e-01
1.405355893075466156e-02
-1.757934130728244781e-02
2.361927926540374756e-02
-2.736579068005084991e-02
7.434901595115661621e-02
-1.065246462821960449e-01
1.132075935602188110e-01
-6.910080462694168091e-02
-6.234224140644073486e-02
-5.605319142341613770e-02
4.361340776085853577e-02
-4.142792150378227234e-02
-5.749763175845146179e-02
9.400574862957000732e-02
-1.712000817060470581e-01
1.765268146991729736e-01
1.391969025135040283e-01
3.345381841063499451e-02
1.208005994558334351e-01
7.860267907381057739e-02
9.300173819065093994e-02
-5.347909033298492432e-02
6.107212044298648834e-03
-1.939211636781692505e-01
-7.808583974838256836e-02
1.510795801877975464e-01
-4.994045197963714600e-02
1.309090852737426758e-01
-2.551388554275035858e-02
