-7.595834881067276001e-02
3.831118717789649963e-02
3.140258416533470154e-02
-1.151293739676475525e-01
-1.246410310268402100e-01
-1.121762469410896301e-01
-3.174327313899993896e-02
-1.637453138828277588e-01
1.571689993143081665e-01
-1.937509477138519287e-01
2.109289318323135376e-01
-1.069205626845359802e-01
-2.125585675239562988e-01
-4.603531956672668457e-02
-9.524718672037124634e-02
2.527869641780853271e-01
-2.276270389556884766e-01
-1.295787096023559570e-01
-5.004234239459037781e-02
3.331884741783142090e-03
7.255413383245468140e-02
-1.539924647659063339e-02
3.880947455763816833e-02
7.452886551618576050e-02
-7.633249461650848389e-02
-3.656509220600128174e-01
-1.584064066410064697e-01
-5.167620256543159485e-02
-3.383476287126541138e-02
-2.366588078439235687e-02
-1.046876795589923859e-02
8.671936392784118652e-02
-2.083269059658050537e-01
-2.195880934596061707e-02
1.547187101095914841e-02
6.206887960433959961e-02
2.776494435966014862e-02
-1.042327284812927246e-01
1.036007329821586609e-01
-1.207841467112302780e-02
-2.502078413963317871e-01
-4.349242150783538818e-02
1.024260520935058594e-01
2.312292158603668213e-01
1.725002229213714600e-01
-1.272005867213010788e-02
4.171676933765411377e-02
-1.304975301027297974e-01
9.099527448415756226e-02
-1.884735077619552612e-01
-8.580794930458068848e-02
7.954785227775573730e-02
2.029882743954658508e-04
1.080186665058135986e-02
2.217790111899375916e-02
-7.525468617677688599e-02
9.892817586660385132e-02
1.489651203155517578e-01
-1.730455458164215088e-01
-5.541662685573101044e-04
1.408696919679641724e-01
-1.177271232008934021e-01
-5.744372308254241943e-02
-6.977581232786178589e-02
2.753531634807586670e-01
1.015495881438255310e-01
-1.478630006313323975e-01
-1.612716168165206909e-01
1.523769795894622803e-01
-1.787482500076293945e-01
-3.486049175262451172e-02
-2.655925415456295013e-02
-1.617834419012069702e-01
-1.831703782081604004e-01
-3.086124956607818604e-01
-5.550916492938995361e-02
4.057270884513854980e-01
1.136649474501609802e-01
-1.219195351004600525e-01
1.177737787365913391e-01
-3.391949832439422607e-02
5.626574903726577759e-02
1.547386646270751953e-01
1.964471936225891113e-01
6.519524380564689636e-03
6.902425736188888550e-02
-1.188616380095481873e-01
7.043421268463134766e-02
2.030902504920959473e-01
-1.060881018638610840e-01
4.024269804358482361e-02
2.220323830842971802e-01
-6.927670538425445557e-02
2.605392783880233765e-02
5.710897967219352722e-03
9.269416332244873047e-03
-1.089070737361907959e-01
5.341073870658874512e-02
-1.332800984382629395e-01
6.892201304435729980e-02
1.697735860943794250e-02
-3.008417412638664246e-02
-9.630920365452766418e-03
8.358950167894363403e-02
-8.137063682079315186e-02
5.789489671587944031e-02
-3.916638344526290894e-02
-2.621332183480262756e-03
-1.551427412778139114e-02
-4.379623755812644958e-02
-7.323291897773742676e-02
-8.894781768321990967e-02
7.330661267042160034e-02
-1.817403584718704224e-01
1.700105518102645874e-01
1.751488596200942993e-01
5.208377726376056671e-03
1.182122677564620972e-01
7.579176127910614014e-02
1.145695596933364868e-01
-2.141254022717475891e-02
-1.916828751564025879e-02
-1.851729899644851685e-01
1.694025355391204357e-03
9.104847162961959839e-02
-7.313073426485061646e-02
8.308450877666473389e-02
-6.287331879138946533e-02
