-5.334599688649177551e-02
6.142756715416908264e-02
7.184509187936782837e-02
-1.247568055987358093e-01
-1.331255882978439331e-01
2.802503108978271484e-02
-1.664155423641204834e-01
-1.464531272649765015e-01
1.787439137697219849e-01
-2.120072841644287109e-01
2.065199166536331177e-01
-5.065861716866493225e-02
-2.104061692953109741e-01
-9.361758828163146973e-02
3.325126133859157562e-03
2.617826163768768311e-01
-2.281832993030548096e-01
-2.280171066522598267e-01
-2.039765194058418274e-02
-1.482273917645215988e-02
-2.688537910580635071e-02
9.552124887704849243e-03
3.201943263411521912e-02
4.014422744512557983e-02
-1.349786520004272461e-01
-4.218812882900238037e-01
-1.058747321367263794e-01
-6.405895203351974487e-02
-3.798954933881759644e-02
-3.042784892022609711e-02
-1.043191403150558472e-01
5.663629248738288879e-02
-2.136877924203872681e-01
2.281671389937400818e-02
2.972818538546562195e-02
1.055335626006126404e-01
5.462935566902160645e-02
-1.106361001729965210e-01
1.165109723806381226e-01
3.922425210475921631e-02
-2.810295820236206055e-01
-3.520402684807777405e-02
8.255880326032638550e-02
2.050408124923706055e-01
1.615084409713745117e-01
1.014754734933376312e-02
1.139519270509481430e-02
-8.187117427587509155e-02
1.705116778612136841e-01
-2.011044621467590332e-01
5.410791188478469849e-02
1.030802428722381592e-01
9.611497819423675537e-02
2.284669689834117889e-02
5.352841317653656006e-02
-1.106376200914382935e-01
5.302758142352104187e-02
1.295986771583557129e-01
-1.471349596977233887e-01
-3.026588261127471924e-02
8.993005752563476562e-02
-3.412832692265510559e-02
-1.918219961225986481e-02
-1.393693238496780396e-01
2.882411777973175049e-01
1.810822486877441406e-01
-7.736895978450775146e-02
-2.248299270868301392e-01
9.298703819513320923e-02
-1.138077601790428162e-01
-1.138312295079231262e-01
5.033456254750490189e-03
-1.615554094314575195e-01
-1.400182247161865234e-01
-3.018461763858795166e-01
-5.203077197074890137e-02
3.540742993354797363e-01
1.406853348016738892e-01
-2.201767265796661377e-01
5.942225828766822815e-02
6.334383506327867508e-03
-4.284743964672088623e-02
8.876218646764755249e-02
1.495245397090911865e-01
-2.061357349157333374e-02
1.132063269615173340e-01
-8.161088824272155762e-02
-4.811350256204605103e-03
2.868709266185760498e-01
-6.466293334960937500e-02
3.564152866601943970e-02
2.346959710121154785e-01
-4.701652005314826965e-02
7.792173326015472412e-02
1.828736811876296997e-02
-2.897316217422485352e-02
-9.172142297029495239e-02
5.415547266602516174e-02
-1.609860062599182129e-01
-3.816621378064155579e-02
-9.501321241259574890e-03
2.773728780448436737e-02
-1.297782268375158310e-02
8.453612774610519409e-02
-1.812849789857864380e-01
1.244971156120300293e-01
-1.756706833839416504e-02
1.876680180430412292e-04
1.632305420935153961e-02
4.872421920299530029e-02
-6.442574411630630493e-02
-1.209419220685958862e-01
1.170207113027572632e-01
-2.047837376594543457e-01
1.271390616893768311e-01
1.599115133285522461e-01
8.245433121919631958e-02
1.346145570278167725e-01
8.372344076633453369e-02
1.147717311978340149e-01
-4.226352646946907043e-02
-7.974297739565372467e-03
-1.844782382249832153e-01
-4.502201452851295471e-02
1.225304678082466125e-01
-8.415558189153671265e-02
7.469180226325988770e-02
3.680057451128959656e-02
