-8.133559674024581909e-02
1.648098602890968323e-02
-8.013185113668441772e-03
-1.105466037988662720e-01
-8.821695297956466675e-02
-1.096189720556139946e-03
-2.089374512434005737e-02
-7.189368456602096558e-02
1.720142215490341187e-01
-1.665435582399368286e-01
2.137423306703567505e-01
-9.646835178136825562e-02
-2.006031125783920288e-01
-5.524578690528869629e-02
-2.694000862538814545e-02
2.046906203031539917e-01
-2.002564221620559692e-01
-1.451768279075622559e-01
7.185390219092369080e-03
5.772021040320396423e-02
9.071087837219238281e-02
-4.919476434588432312e-02
-3.507593646645545959e-02
1.287061423063278198e-01
-1.377625614404678345e-01
-3.900954127311706543e-01
-7.825761288404464722e-02
-6.610833108425140381e-02
-6.489676237106323242e-02
-1.115824058651924133e-01
1.041086856275796890e-02
1.448559165000915527e-01
-2.236829847097396851e-01
-1.124593615531921387e-02
-4.794528335332870483e-02
9.852445125579833984e-02
3.074027225375175476e-02
-9.814149886369705200e-02
1.357273906469345093e-01
1.970735378563404083e-02
-3.357934951782226562e-01
-3.428955376148223877e-02
6.641132384538650513e-02
2.460862994194030762e-01
1.024320647120475769e-01
-3.292932733893394470e-02
1.714948192238807678e-02
-7.946462929248809814e-02
7.586396485567092896e-02
-1.985722929239273071e-01
-4.537329077720642090e-02
9.223734587430953979e-02
4.441767930984497070e-02
-8.309500291943550110e-03
4.340755753219127655e-03
-9.875457733869552612e-02
2.992319688200950623e-02
9.210259467363357544e-02
-1.291641294956207275e-01
5.236823111772537231e-03
7.394927740097045898e-02
-1.003024056553840637e-01
2.939254045486450195e-02
-1.423651576042175293e-01
2.286286354064941406e-01
9.559233486652374268e-02
-8.800949156284332275e-02
-1.341676712036132812e-01
1.599441319704055786e-01
-1.089074686169624329e-01
-6.539604067802429199e-02
6.799249351024627686e-02
-1.337324976921081543e-01
-2.168329805135726929e-01
-2.815887928009033203e-01
-3.205501474440097809e-03
3.112508058547973633e-01
9.632833302021026611e-02
-1.317648738622665405e-01
7.517676800489425659e-02
-2.591889537870883942e-02
-4.398630000650882721e-03
1.344389170408248901e-01
2.164605855941772461e-01
7.984723895788192749e-02
4.302944242954254150e-02
-3.906223550438880920e-02
7.541874051094055176e-02
2.600228786468505859e-01
-4.521534964442253113e-02
2.707565948367118835e-02
1.680997163057327271e-01
-7.217801362276077271e-02
-3.723985049873590469e-03
-1.627946458756923676e-02
5.734641570597887039e-03
-6.498254835605621338e-02
1.185781136155128479e-01
-1.247196346521377563e-01
8.294952660799026489e-02
1.102459337562322617e-02
-2.668979577720165253e-02
-1.821557246148586273e-02
1.308909952640533447e-01
-1.501820385456085205e-01
4.442101716995239258e-02
5.920663010329008102e-03
-3.976368904113769531e-02
6.454411894083023071e-02
5.001690983772277832e-02
-8.778896927833557129e-02
-9.600509703159332275e-02
8.784820139408111572e-02
-2.192595005035400391e-01
1.849263459444046021e-01
1.649126112461090088e-01
2.886539138853549957e-02
8.642107248306274414e-02
6.563614308834075928e-02
1.200528889894485474e-01
-1.423113513737916946e-03
-5.084031820297241211e-02
-2.579302787780761719e-01
1.752219349145889282e-02
1.461353003978729248e-01
-6.158327683806419373e-02
3.203069791197776794e-02
-6.812052428722381592e-02
