-1.207729354500770569e-01
3.712659329175949097e-02
7.231475412845611572e-02
-9.920153021812438965e-02
-1.692799925804138184e-01
-3.173854947090148926e-02
-7.245256006717681885e-02
-1.338312029838562012e-01
1.439950615167617798e-01
-1.435124129056930542e-01
2.510456144809722900e-01
-1.175988167524337769e-01
-1.792511790990829468e-01
-7.264901697635650635e-02
-8.048891276121139526e-02
2.532532811164855957e-01
-2.249378114938735962e-01
-1.526269316673278809e-01
-3.492026403546333313e-02
-3.168565779924392700e-02
3.165054321289062500e-02
2.442828007042407990e-02
7.195787876844406128e-02
3.497721254825592041e-02
-1.348707973957061768e-01
-4.157276451587677002e-01
-6.975954025983810425e-02
-4.534960910677909851e-02
2.374379150569438934e-02
-2.851915545761585236e-02
-1.980708725750446320e-02
1.029684469103813171e-01
-2.333876043558120728e-01
-6.843801587820053101e-03
4.834496229887008667e-02
1.763564497232437134e-01
4.004799574613571167e-02
-1.186104565858840942e-01
9.994907677173614502e-02
-2.970920875668525696e-02
-3.085339963436126709e-01
-2.747989073395729065e-02
7.945715636014938354e-02
2.641327977180480957e-01
1.269839555025100708e-01
2.359576057642698288e-03
9.338988922536373138e-03
-1.039464101195335388e-01
1.178385764360427856e-01
-1.558921933174133301e-01
-3.184939548373222351e-02
7.807247340679168701e-02
-1.890477538108825684e-02
-2.565726451575756073e-02
6.788278464227914810e-03
-9.035491943359375000e-02
8.252188563346862793e-02
1.431983858346939087e-01
-1.637491881847381592e-01
-6.375125795602798462e-02
1.363757848739624023e-01
-1.007661074399948120e-01
1.552140619605779648e-02
-1.674892604351043701e-01
2.532261312007904053e-01
8.546070754528045654e-02
-1.104666143655776978e-01
-1.833592802286148071e-01
9.702441096305847168e-02
-1.182227060198783875e-01
-2.452185936272144318e-02
4.875943809747695923e-02
-1.579885035753250122e-01
-1.473622918128967285e-01
-3.555357158184051514e-01
-4.434117674827575684e-02
4.320484697818756104e-01
7.185083627700805664e-02
-1.082639619708061218e-01
5.027360469102859497e-02
2.188963256776332855e-02
3.953970596194267273e-02
1.257931292057037354e-01
1.831811070442199707e-01
-1.226194575428962708e-02
1.164802610874176025e-01
-1.269414424896240234e-01
4.517371207475662231e-02
2.487269788980484009e-01
-8.592507243156433105e-02
-5.201583262532949448e-03
1.787717044353485107e-01
-6.535372138023376465e-02
1.847358234226703644e-02
8.612094447016716003e-03
2.996456064283847809e-02
-1.185074076056480408e-01
8.087430149316787720e-02
-1.303376108407974243e-01
5.164160579442977905e-02
7.442476227879524231e-03
-5.109035596251487732e-02
3.656869754195213318e-03
8.576247841119766235e-02
-1.439170688390731812e-01
7.455662637948989868e-02
-2.514597401022911072e-02
5.749166011810302734e-04
6.715561263263225555e-03
-1.635169424116611481e-02
-6.384214758872985840e-02
-8.473968505859375000e-02
1.105773001909255981e-01
-2.325058579444885254e-01
1.672075688838958740e-01
2.072994261980056763e-01
9.870017319917678833e-02
1.661628186702728271e-01
1.071252226829528809e-01
8.629491180181503296e-02
-6.112611293792724609e-02
1.785974018275737762e-02
-1.638019829988479614e-01
-2.994137816131114960e-02
7.313646376132965088e-02
-9.282873570919036865e-02
1.148136407136917114e-01
1.636586617678403854e-03
