-1.376841068267822266e-01
2.768611535429954529e-02
2.127162739634513855e-02
-1.303766220808029175e-01
-1.138475760817527771e-01
-6.030314788222312927e-02
-6.253974139690399170e-02
-1.529943197965621948e-01
1.631701588630676270e-01
-1.555645763874053955e-01
2.666928768157958984e-01
-1.972993835806846619e-02
-1.360170692205429077e-01
-1.144703403115272522e-01
-5.096738785505294800e-02
1.763129234313964844e-01
-2.654212415218353271e-01
-1.333105564117431641e-01
-2.281573601067066193e-03
-1.882845349609851837e-02
6.955418735742568970e-02
-3.234217688441276550e-02
7.455198466777801514e-02
6.913080811500549316e-02
-1.633644402027130127e-01
-3.697152435779571533e-01
-1.306126713752746582e-01
-1.188119649887084961e-01
3.544805943965911865e-02
-7.505826652050018311e-03
-2.155063115060329437e-02
-2.746803313493728638e-02
-2.310056686401367188e-01
-1.701256260275840759e-02
-2.061645686626434326e-02
6.091592460870742798e-02
2.352016046643257141e-02
-9.666620939970016479e-02
1.462352573871612549e-01
3.020007535815238953e-02
-2.281100451946258545e-01
3.631350025534629822e-02
7.808959111571311951e-03
1.952156275510787964e-01
1.204341650009155273e-01
7.401852309703826904e-02
3.337612003087997437e-02
-1.367524862289428711e-01
1.295209228992462158e-01
-1.401217877864837646e-01
2.645699493587017059e-02
8.920295536518096924e-02
1.181280426681041718e-02
-7.274545729160308838e-03
-2.469436824321746826e-02
-1.075021624565124512e-01
9.150132536888122559e-02
1.313752830028533936e-01
-1.999214291572570801e-01
-6.023389287292957306e-03
4.757007583975791931e-02
-5.316436290740966797e-02
4.000066779553890228e-03
-6.442873924970626831e-02
2.555434107780456543e-01
1.242729797959327698e-01
-1.145016551017761230e-01
-1.380741894245147705e-01
1.054573357105255127e-01
-1.287147402763366699e-01
-5.238597840070724487e-02
2.780696377158164978e-02
-1.352583765983581543e-01
-1.882519572973251343e-01
-2.854043245315551758e-01
1.854780316352844238e-02
4.348968267440795898e-01
1.099337041378021240e-01
-1.570982933044433594e-01
2.375691756606101990e-02
-7.491946965456008911e-02
-1.206661574542522430e-02
1.502750217914581299e-01
1.652681827545166016e-01
-2.471294999122619629e-02
2.110715024173259735e-02
-1.087941899895668030e-01
-1.662741601467132568e-02
2.196763306856155396e-01
-5.362513661384582520e-02
-4.502805415540933609e-03
2.347132265567779541e-01
-1.179627142846584320e-02
8.808644860982894897e-02
1.022148877382278442e-02
2.325189486145973206e-02
-1.317618042230606079e-01
8.986517786979675293e-02
-4.044359177350997925e-02
2.987591922283172607e-02
2.492438629269599915e-02
-1.337706763297319412e-02
-2.272224240005016327e-02
6.890226155519485474e-02
-1.676927506923675537e-01
1.104978173971176147e-01
-5.465648137032985687e-03
-5.222717672586441040e-02
4.812972154468297958e-03
2.127573592588305473e-03
-5.275693163275718689e-02
-1.164647787809371948e-01
6.199319660663604736e-02
-2.400353103876113892e-01
2.155577391386032104e-01
2.426508367061614990e-01
9.217318892478942871e-02
2.073962688446044922e-01
9.249978512525558472e-02
6.317032873630523682e-02
-4.933713376522064209e-02
2.082617767155170441e-02
-1.818218231201171875e-01
-1.132632512599229813e-02
9.178227931261062622e-02
-8.365637063980102539e-02
1.171340495347976685e-01
-1.504560001194477081e-02
