-1.018169373273849487e-01
5.687848664820194244e-03
1.299467496573925018e-02
-9.127956628799438477e-02
-1.279843151569366455e-01
-5.556018278002738953e-02
-3.435435146093368530e-02
-1.384624838829040527e-01
1.707080751657485962e-01
-1.327171921730041504e-01
2.693170905113220215e-01
-1.080377399921417236e-01
-2.229922711849212646e-01
-7.319406419992446899e-02
-6.841498613357543945e-02
2.106468677520751953e-01
-1.981423348188400269e-01
-1.368018239736557007e-01
-5.116748809814453125e-02
1.471805851906538010e-02
9.572949260473251343e-02
-3.545105084776878357e-02
3.339509665966033936e-02
4.188686981797218323e-02
-8.238450437784194946e-02
-4.126442372798919678e-01
-1.372286081314086914e-01
-8.829896897077560425e-02
-4.174477979540824890e-02
-1.636388339102268219e-02
-5.687145888805389404e-02
4.826494306325912476e-02
-2.015452086925506592e-01
-5.563931912183761597e-02
4.333760589361190796e-02
7.669591903686523438e-02
-2.102072723209857941e-02
-1.145316809415817261e-01
1.351464241743087769e-01
-5.444686114788055420e-02
-2.440023273229598999e-01
-3.879144042730331421e-02
1.067286506295204163e-01
1.848352104425430298e-01
1.530275642871856689e-01
2.513312734663486481e-02
4.052419215440750122e-02
-1.632858663797378540e-01
1.149817258119583130e-01
-1.247076615691184998e-01
-1.692467369139194489e-02
9.812880307435989380e-02
7.088308781385421753e-02
4.418780654668807983e-02
3.398935776203870773e-03
-9.165798127651214600e-02
5.725677311420440674e-02
1.509254872798919678e-01
-1.507962495088577271e-01
-1.350551098585128784e-02
1.114254593849182129e-01
-1.070055738091468811e-01
-7.414647936820983887e-02
-1.147040873765945435e-01
2.809583544731140137e-01
1.217615753412246704e-01
-1.252921372652053833e-01
-2.020833045244216919e-01
1.553958058357238770e-01
-1.242977082729339600e-01
-6.946633756160736084e-02
1.705389842391014099e-02
-2.099025100469589233e-01
-2.087631374597549438e-01
-2.944674491882324219e-01
-3.536052256822586060e-02
3.842730224132537842e-01
5.769546702504158020e-02
-1.563879847526550293e-01
5.164540186524391174e-02
-3.563751280307769775e-02
5.664250999689102173e-02
1.369780302047729492e-01
1.685212552547454834e-01
8.034586906433105469e-03
6.732830405235290527e-02
-1.241591125726699829e-01
3.436963260173797607e-02
2.468122243881225586e-01
-1.287205815315246582e-01
-8.493802510201931000e-03
1.850061118602752686e-01
-5.241722241044044495e-02
6.705123186111450195e-02
2.959922701120376587e-02
1.782513782382011414e-02
-5.967029184103012085e-02
6.440841406583786011e-02
-1.597269922494888306e-01
3.503308445215225220e-02
4.339593648910522461e-02
-5.177374929189682007e-03
-1.373300887644290924e-02
5.923024192452430725e-02
-8.448418229818344116e-02
3.012588992714881897e-02
-1.307704020291566849e-02
2.362789958715438843e-02
-5.714277271181344986e-03
-8.797006309032440186e-02
-8.034168928861618042e-02
-8.692322671413421631e-02
9.291146695613861084e-02
-2.052571624517440796e-01
2.049105167388916016e-01
1.472279280424118042e-01
9.228192269802093506e-02
1.367465555667877197e-01
7.866112887859344482e-02
7.981830835342407227e-02
-2.246580459177494049e-02
-3.319929167628288269e-02
-2.412485629320144653e-01
2.889043465256690979e-02
1.168033182621002197e-01
-7.045497186481952667e-04
8.956655859947204590e-02
-3.669260069727897644e-02
