-1.536245048046112061e-01
3.757381066679954529e-02
5.815405771136283875e-02
-1.610070317983627319e-01
-1.103225648403167725e-01
-6.478378176689147949e-02
-1.895155571401119232e-02
-1.896521896123886108e-01
1.619725227355957031e-01
-1.356108784675598145e-01
3.290581405162811279e-01
-6.277529895305633545e-02
-1.938842386007308960e-01
-9.051944315433502197e-02
-1.657840237021446228e-02
2.151741385459899902e-01
-2.198643535375595093e-01
-9.897162020206451416e-02
-4.532764852046966553e-02
-6.225389987230300903e-02
-2.435140497982501984e-02
-3.131470829248428345e-02
7.679611444473266602e-02
1.017233803868293762e-01
-6.525450199842453003e-02
-4.168268442153930664e-01
-1.040741503238677979e-01
-7.228413969278335571e-02
3.234992548823356628e-02
3.605849668383598328e-02
-5.647243000566959381e-03
9.957448393106460571e-02
-2.266882807016372681e-01
-2.877103723585605621e-02
4.816167987883090973e-03
6.382714211940765381e-02
1.235793344676494598e-03
-7.647593319416046143e-02
1.293765008449554443e-01
-2.188247628509998322e-02
-2.113656699657440186e-01
-2.951193228363990784e-02
8.294110745191574097e-02
2.289650887250900269e-01
1.810827404260635376e-01
1.702234847471117973e-03
3.718996047973632812e-02
-6.842418760061264038e-02
7.320374250411987305e-02
-1.707866489887237549e-01
1.538677513599395752e-02
8.222423493862152100e-02
5.856193974614143372e-02
-4.650942236185073853e-02
7.349824532866477966e-03
-9.979963302612304688e-02
3.514265269041061401e-02
1.496807932853698730e-01
-2.090933322906494141e-01
-4.798432812094688416e-03
1.352317780256271362e-01
-5.169316381216049194e-02
-4.899952933192253113e-02
-9.816325455904006958e-02
2.642216384410858154e-01
1.827173382043838501e-01
-1.692738085985183716e-01
-9.716933220624923706e-02
1.531878113746643066e-01
-1.031522154808044434e-01
1.640152744948863983e-02
-1.162284612655639648e-02
-1.989911645650863647e-01
-1.822539865970611572e-01
-2.712140083312988281e-01
9.275831282138824463e-03
4.071269333362579346e-01
8.844976127147674561e-02
-1.228406652808189392e-01
-2.532349154353141785e-02
-7.622826844453811646e-02
2.126903645694255829e-02
9.711763262748718262e-02
9.813240170478820801e-02
-4.531044512987136841e-02
-5.859086662530899048e-02
-8.005429804325103760e-02
3.439515084028244019e-02
1.656701713800430298e-01
2.294739708304405212e-03
5.238085053861141205e-03
2.535293698310852051e-01
-5.311919003725051880e-02
-2.026460692286491394e-02
-2.519276738166809082e-02
7.327578961849212646e-02
-1.014286354184150696e-01
4.383737221360206604e-02
-1.313399970531463623e-01
5.586810782551765442e-02
-6.674110144376754761e-02
-6.591279804706573486e-02
5.081051960587501526e-03
8.933176845312118530e-02
-1.935711503028869629e-01
1.107215732336044312e-01
7.112928200513124466e-03
2.281574904918670654e-02
3.472220152616500854e-02
1.140485797077417374e-02
-3.781808912754058838e-02
-1.026174947619438171e-01
7.492636144161224365e-02
-1.910331845283508301e-01
1.643424183130264282e-01
1.922803819179534912e-01
9.070950746536254883e-02
1.620131731033325195e-01
3.743146359920501709e-02
6.408359110355377197e-02
-2.074339427053928375e-02
-3.726750612258911133e-02
-1.676839143037796021e-01
-1.371379382908344269e-02
5.395759269595146179e-02
-1.146962270140647888e-01
7.942628115415573120e-02
1.959937438368797302e-02
