-1.162571758031845093e-01
7.991365343332290649e-02
4.900879412889480591e-02
-7.074747234582901001e-02
-1.487814635038375854e-01
9.656231850385665894e-03
-9.241149574518203735e-02
-1.146207004785537720e-01
1.842155158519744873e-01
-1.984311193227767944e-01
2.612267434597015381e-01
-5.590255931019783020e-02
-2.439468801021575928e-01
-7.608780264854431152e-02
-2.828954532742500305e-02
2.286787182092666626e-01
-2.284970581531524658e-01
-1.915030032396316528e-01
-3.438482433557510376e-02
-3.450353816151618958e-02
7.792417705059051514e-02
4.879854619503021240e-02
-2.165337651968002319e-02
-2.165996842086315155e-02
-1.353112310171127319e-01
-4.183985888957977295e-01
-1.161508783698081970e-01
-1.045673862099647522e-01
1.391599327325820923e-02
-5.793660134077072144e-02
-5.560355260968208313e-02
1.797485351562500000e-02
-1.546688079833984375e-01
-2.307575754821300507e-02
3.649038821458816528e-02
1.129460483789443970e-01
2.786414325237274170e-02
-1.134694665670394897e-01
5.931137502193450928e-02
1.145494449883699417e-02
-2.513481676578521729e-01
-1.840406563133001328e-03
5.592994391918182373e-02
2.167485952377319336e-01
1.680567413568496704e-01
-1.720479689538478851e-02
1.194621250033378601e-02
-1.674392670392990112e-01
1.234097778797149658e-01
-1.314919441938400269e-01
-3.122279047966003418e-02
9.712123870849609375e-02
3.406575322151184082e-02
9.544576704502105713e-02
3.415301442146301270e-02
-8.678618073463439941e-02
7.247252017259597778e-02
1.467055529356002808e-01
-1.884699463844299316e-01
-1.791716739535331726e-02
1.357551962137222290e-01
-8.327322453260421753e-02
-2.139230445027351379e-02
-7.354567199945449829e-02
2.356365323066711426e-01
1.058497950434684753e-01
-9.905940294265747070e-02
-2.606117427349090576e-01
1.054301857948303223e-01
-1.608353406190872192e-01
-1.218150332570075989e-01
5.378989875316619873e-02
-1.697386801242828369e-01
-1.460820883512496948e-01
-2.813740968704223633e-01
-2.537354454398155212e-02
4.295145869255065918e-01
9.690109640359878540e-02
-1.761977672576904297e-01
3.482603281736373901e-02
-1.547373831272125244e-02
-7.099441252648830414e-03
1.793092489242553711e-01
1.604654192924499512e-01
4.064936935901641846e-02
8.016855455935001373e-03
-1.284300684928894043e-01
-9.784226305782794952e-03
2.705537378787994385e-01
-6.036530435085296631e-02
-6.902060005813837051e-03
1.994206905364990234e-01
-3.768907114863395691e-02
8.273457735776901245e-02
6.565199047327041626e-02
4.496968910098075867e-02
-1.148727759718894958e-01
4.086709395051002502e-02
-1.107359007000923157e-01
-5.841287225484848022e-02
-2.257820218801498413e-02
-3.929791972041130066e-02
-4.774755984544754028e-02
7.242814451456069946e-02
-6.003917381167411804e-02
1.222041547298431396e-01
-4.799980204552412033e-03
5.881088227033615112e-02
3.127509262412786484e-03
-2.313894778490066528e-02
-4.223233833909034729e-02
-6.201021000742912292e-02
1.267999708652496338e-01
-2.093359380960464478e-01
1.931101530790328979e-01
1.774007976055145264e-01
9.242409467697143555e-02
1.309936195611953735e-01
8.837133646011352539e-02
8.617359399795532227e-02
-7.874839007854461670e-02
-2.685124240815639496e-02
-2.275820672512054443e-01
-1.831533573567867279e-02
3.457573801279067993e-02
-4.876321926712989807e-02
5.906373634934425354e-02
-4.048322886228561401e-02
