-1.263484954833984375e-01
8.084472268819808960e-02
2.460529468953609467e-02
-1.275519728660583496e-01
-1.161433979868888855e-01
-1.420853938907384872e-02
-5.309998989105224609e-03
-1.025417000055313110e-01
2.281783670186996460e-01
-1.770924031734466553e-01
3.129200339317321777e-01
-7.049815356731414795e-02
-1.869131624698638916e-01
-1.375409662723541260e-01
-3.213166818022727966e-02
2.266616672277450562e-01
-2.591142058372497559e-01
-1.658761054277420044e-01
-3.048129752278327942e-02
-1.167540811002254486e-02
9.397435933351516724e-02
-1.846206188201904297e-02
1.371156983077526093e-02
9.511559456586837769e-02
-1.200912520289421082e-01
-4.409642219543457031e-01
-1.038086712360382080e-01
-1.116614341735839844e-01
3.621736541390419006e-02
-7.151393592357635498e-02
-4.246451705694198608e-02
7.682043313980102539e-02
-2.495536804199218750e-01
-4.368158802390098572e-02
-7.422011345624923706e-03
9.297652542591094971e-02
1.920000882819294930e-03
-5.571796372532844543e-02
1.161255463957786560e-01
-2.639687061309814453e-02
-2.567307651042938232e-01
-1.496211811900138855e-02
9.641697257757186890e-02
2.084361314773559570e-01
1.093899980187416077e-01
4.266437888145446777e-02
3.994656726717948914e-03
-1.013787239789962769e-01
1.082005202770233154e-01
-1.279209256172180176e-01
1.210161764174699783e-02
8.492541313171386719e-02
1.320210993289947510e-01
-2.046744339168071747e-03
4.780181497335433960e-02
-1.581831127405166626e-01
-1.888521015644073486e-03
1.360830664634704590e-01
-2.060732543468475342e-01
1.371664181351661682e-02
2.916868589818477631e-02
-9.443681687116622925e-02
-5.992324277758598328e-02
-1.248183473944664001e-01
2.743769884109497070e-01
1.312404423952102661e-01
-1.253703683614730835e-01
-1.631628572940826416e-01
1.956350505352020264e-01
-1.034864038228988647e-01
-2.039538137614727020e-02
6.281964480876922607e-02
-1.516373604536056519e-01
-1.814943999052047729e-01
-2.888566255569458008e-01
6.195847876369953156e-03
4.249055087566375732e-01
6.413644552230834961e-02
-1.389389783143997192e-01
4.100622236728668213e-02
-1.773235760629177094e-02
-2.338174544274806976e-02
5.104302987456321716e-02
1.745992302894592285e-01
-7.781393826007843018e-02
6.401374936103820801e-02
-8.454548567533493042e-02
6.129806116223335266e-02
1.639334261417388916e-01
-3.103431127965450287e-02
1.086439564824104309e-02
2.016070187091827393e-01
-8.158442378044128418e-02
7.359815388917922974e-02
-9.128033183515071869e-03
-3.453230857849121094e-02
-1.062223091721534729e-01
5.737536773085594177e-02
-1.212100908160209656e-01
9.631303139030933380e-03
-2.345827594399452209e-02
-7.583774626255035400e-02
-5.842706933617591858e-02
7.586945593357086182e-02
-1.319905370473861694e-01
2.389356121420860291e-02
6.394312717020511627e-03
-1.876306720077991486e-02
-1.953570358455181122e-02
5.305298417806625366e-02
-8.925867825746536255e-02
-1.061055883765220642e-01
7.965090125799179077e-02
-2.593677043914794922e-01
2.101833671331405640e-01
1.792217344045639038e-01
6.220720708370208740e-02
1.718897074460983276e-01
8.483418077230453491e-02
8.587397634983062744e-02
-1.838739961385726929e-03
-5.565334856510162354e-02
-2.286697328090667725e-01
1.097978278994560242e-02
1.548809409141540527e-01
-1.199739500880241394e-01
1.027631983160972595e-01
-3.423814848065376282e-02
