-9.631679207086563110e-02
5.920075625181198120e-02
9.866696596145629883e-02
-1.514618694782257080e-01
-1.033373549580574036e-01
-4.014400392770767212e-02
-5.079784989356994629e-02
-1.052307486534118652e-01
1.414589434862136841e-01
-1.413890421390533447e-01
2.584918439388275146e-01
-8.676602691411972046e-02
-2.032195180654525757e-01
-9.765294939279556274e-02
-4.226932674646377563e-02
2.416873276233673096e-01
-2.143087536096572876e-01
-1.544223874807357788e-01
2.326152101159095764e-02
3.528535366058349609e-02
6.282468885183334351e-02
-4.589133709669113159e-02
2.957668527960777283e-02
8.458717912435531616e-02
-1.274928897619247437e-01
-3.863461315631866455e-01
-7.609207183122634888e-02
-5.853125080466270447e-02
-4.410804435610771179e-02
-5.734039470553398132e-03
-2.298206835985183716e-02
1.012793183326721191e-01
-2.830136120319366455e-01
3.058134205639362335e-02
-1.440451480448246002e-03
1.114790886640548706e-01
2.232749387621879578e-02
-1.099708601832389832e-01
1.015940308570861816e-01
1.120926905423402786e-02
-2.625592052936553955e-01
-9.435816109180450439e-02
6.696151196956634521e-02
1.774344444274902344e-01
8.239810168743133545e-02
-4.008017852902412415e-02
4.300338774919509888e-02
-7.205277681350708008e-02
6.420078873634338379e-02
-1.913116872310638428e-01
-8.461147546768188477e-03
1.096654981374740601e-01
5.426821485161781311e-02
1.197840087115764618e-03
2.754384186118841171e-03
-1.270392388105392456e-01
6.505334377288818359e-02
1.737412214279174805e-01
-1.948941498994827271e-01
-1.152591779828071594e-02
3.532110154628753662e-02
-8.700734376907348633e-02
-6.397534161806106567e-02
-1.513344794511795044e-01
3.012797236442565918e-01
1.803967952728271484e-01
-1.295620948076248169e-01
-1.943535953760147095e-01
1.413020491600036621e-01
-5.338776484131813049e-02
-3.569188714027404785e-02
4.550369083881378174e-02
-1.732483804225921631e-01
-1.652918010950088501e-01
-2.836076021194458008e-01
7.686041761189699173e-03
3.118349611759185791e-01
8.398792892694473267e-02
-1.652716100215911865e-01
6.159669533371925354e-02
-7.481208443641662598e-02
1.364902593195438385e-02
4.370822384953498840e-02
1.634739935398101807e-01
4.701731726527214050e-03
1.026772484183311462e-01
-7.710672169923782349e-02
3.820855915546417236e-02
1.762128174304962158e-01
-8.815670758485794067e-02
3.290719538927078247e-02
1.923833191394805908e-01
-1.056616678833961487e-01
4.995717667043209076e-03
-5.453854426741600037e-02
-5.253010988235473633e-02
-1.059850230813026428e-01
8.178474754095077515e-02
-1.169732213020324707e-01
-1.839287206530570984e-02
5.584085360169410706e-03
-2.981235831975936890e-02
-3.276738896965980530e-02
1.179265603423118591e-01
-1.884704381227493286e-01
9.711137972772121429e-03
-1.599032245576381683e-02
-5.413271859288215637e-02
3.632615506649017334e-02
-3.679179586470127106e-03
-6.627479195594787598e-02
-1.354756653308868408e-01
5.767215043306350708e-02
-2.282506972551345825e-01
2.176395952701568604e-01
1.671842783689498901e-01
5.282470583915710449e-02
1.294281184673309326e-01
8.572979271411895752e-02
1.046263724565505981e-01
-6.331320852041244507e-03
-4.043789207935333252e-02
-1.580749899148941040e-01
1.868623495101928711e-02
1.575001180171966553e-01
-8.202603459358215332e-02
4.842592775821685791e-02
-5.891184136271476746e-02
