-1.139963120222091675e-01
7.564442604780197144e-02
2.411435730755329132e-02
-1.781107038259506226e-01
-1.381332725286483765e-01
-1.139411143958568573e-02
-8.349418640136718750e-02
-1.653194576501846313e-01
2.068676352500915527e-01
-1.838704794645309448e-01
1.971764862537384033e-01
-5.886182188987731934e-02
-2.016690075397491455e-01
-7.968506962060928345e-02
-2.899269387125968933e-02
2.437273412942886353e-01
-2.097613811492919922e-01
-2.203986942768096924e-01
-3.264753893017768860e-02
-1.573286019265651703e-03
5.594664439558982849e-02
-1.019581779837608337e-02
1.002501230686903000e-02
8.608050644397735596e-02
-1.377534866333007812e-01
-3.262367248535156250e-01
-8.340758085250854492e-02
-8.680076897144317627e-02
-8.986082673072814941e-02
-8.050469309091567993e-02
3.839536011219024658e-02
6.501321494579315186e-02
-2.617750167846679688e-01
2.096750587224960327e-02
-4.565221071243286133e-02
1.307357251644134521e-01
4.150505177676677704e-03
-9.638448804616928101e-02
1.245419532060623169e-01
3.235018998384475708e-02
-3.520249724388122559e-01
4.111640527844429016e-02
1.153568774461746216e-01
1.906835883855819702e-01
1.614169180393218994e-01
4.521592520177364349e-03
-3.695262968540191650e-02
-1.100772246718406677e-01
1.203215569257736206e-01
-2.111798375844955444e-01
2.943292260169982910e-03
8.750153332948684692e-02
2.159767784178256989e-02
-1.665231212973594666e-02
6.233749538660049438e-02
-1.593437641859054565e-01
9.935075789690017700e-02
8.372654020786285400e-02
-1.811262667179107666e-01
-2.371487207710742950e-02
9.753075987100601196e-02
-1.058491170406341553e-01
-3.047897666692733765e-02
-1.142253354191780090e-01
2.720217704772949219e-01
1.788814067840576172e-01
-6.434500217437744141e-02
-2.197718769311904907e-01
1.089348569512367249e-01
-1.241084784269332886e-01
-1.465830802917480469e-01
1.138968244194984436e-01
-1.400052309036254883e-01
-1.390496939420700073e-01
-3.319023549556732178e-01
-3.467544913291931152e-02
4.043321013450622559e-01
9.287282824516296387e-02
-1.608298867940902710e-01
1.049224436283111572e-01
-5.432376638054847717e-03
-1.087634451687335968e-02
9.068012982606887817e-02
1.693906486034393311e-01
6.863040849566459656e-03
5.319879576563835144e-02
-1.130120605230331421e-01
-9.136531502008438110e-03
2.549878656864166260e-01
-3.286857530474662781e-02
-1.845487859100103378e-03
2.123530656099319458e-01
-4.900964722037315369e-02
3.981887921690940857e-02
-1.587201096117496490e-02
-3.063047491014003754e-02
-1.190701797604560852e-01
5.867877602577209473e-02
-1.513877063989639282e-01
-8.224178850650787354e-02
2.096801251173019409e-02
1.181782968342304230e-02
-4.775557667016983032e-02
1.043312847614288330e-01
-1.921392977237701416e-01
9.889588505029678345e-02
-1.053309533745050430e-02
-3.756751492619514465e-02
-2.480099909007549286e-02
4.816718026995658875e-02
-4.920532926917076111e-02
-2.146815322339534760e-02
1.010171920061111450e-01
-2.193465679883956909e-01
2.363891899585723877e-01
1.484758853912353516e-01
6.561145931482315063e-02
8.861231058835983276e-02
1.464573442935943604e-01
8.803970366716384888e-02
-5.924903228878974915e-02
1.667428761720657349e-02
-2.316852658987045288e-01
-2.706439979374408722e-02
1.209665909409523010e-01
-8.583522588014602661e-02
1.477130651473999023e-01
3.334566578269004822e-02
