-1.252622604370117188e-01
8.732155710458755493e-02
2.402931824326515198e-02
-1.062006279826164246e-01
-1.483433991670608521e-01
-8.451011031866073608e-03
-7.319331169128417969e-02
-1.215680018067359924e-01
1.641535311937332153e-01
-2.109609097242355347e-01
1.974265426397323608e-01
-7.659327983856201172e-02
-2.452512532472610474e-01
-8.983679115772247314e-02
-2.014708518981933594e-02
3.020556867122650146e-01
-2.573255002498626709e-01
-2.512514293193817139e-01
-4.101275280117988586e-02
1.687179505825042725e-02
6.016781181097030640e-02
1.944508962333202362e-02
-2.393874339759349823e-02
3.148471191525459290e-02
-1.121821105480194092e-01
-4.213466644287109375e-01
-1.071199774742126465e-01
-6.300891190767288208e-02
-6.522916257381439209e-02
-5.433383584022521973e-02
-1.191205624490976334e-02
3.331372514367103577e-02
-1.832002997398376465e-01
3.054682351648807526e-02
1.734553277492523193e-02
8.679447323083877563e-02
5.058375373482704163e-02
-1.084927767515182495e-01
9.637083113193511963e-02
3.457942046225070953e-03
-3.442478179931640625e-01
4.245603457093238831e-03
1.327429860830307007e-01
2.255302667617797852e-01
1.409144550561904907e-01
8.114635013043880463e-03
-1.462899148464202881e-02
-1.262455433607101440e-01
1.301627308130264282e-01
-1.484477967023849487e-01
-1.886065863072872162e-02
8.310674875974655151e-02
3.937922790646553040e-02
4.270312562584877014e-02
5.340135842561721802e-02
-1.356677561998367310e-01
8.477891236543655396e-02
1.314710378646850586e-01
-1.813729554414749146e-01
-6.885166466236114502e-02
1.118075847625732422e-01
-5.647276341915130615e-02
-2.618204802274703979e-03
-1.071297675371170044e-01
2.468281984329223633e-01
1.091046407818794250e-01
-8.189301937818527222e-02
-2.594414055347442627e-01
1.192260608077049255e-01
-1.476060897111892700e-01
-1.012649685144424438e-01
4.480614513158798218e-02
-1.587878465652465820e-01
-1.542875170707702637e-01
-2.997896969318389893e-01
-5.516234785318374634e-02
3.354983925819396973e-01
8.632334321737289429e-02
-1.544849723577499390e-01
5.627487972378730774e-02
4.727176949381828308e-02
-3.098451998084783554e-03
1.514804065227508545e-01
1.697230786085128784e-01
2.570173703134059906e-02
2.967149764299392700e-02
-1.328712701797485352e-01
-7.003712467849254608e-03
2.632206976413726807e-01
-5.806047469377517700e-02
3.233822062611579895e-02
1.969868540763854980e-01
-3.039811179041862488e-02
1.472672633826732635e-02
6.790652871131896973e-03
8.568032644689083099e-03
-1.053270250558853149e-01
1.028402671217918396e-01
-1.355229467153549194e-01
-5.254792049527168274e-03
-1.442579831928014755e-02
3.871014341711997986e-04
-5.365440994501113892e-02
8.819653838872909546e-02
-1.085499972105026245e-01
7.873752713203430176e-02
-6.657890044152736664e-03
3.154700994491577148e-02
-4.754897579550743103e-02
2.842856757342815399e-02
-6.597618758678436279e-02
-7.028221338987350464e-02
7.522909343242645264e-02
-1.934349834918975830e-01
1.960569024085998535e-01
1.814315468072891235e-01
4.244097322225570679e-02
9.563522785902023315e-02
8.543244749307632446e-02
9.394468367099761963e-02
-6.820988655090332031e-02
-2.838237583637237549e-02
-2.631959617137908936e-01
-1.413866970688104630e-02
1.204838678240776062e-01
-8.606594800949096680e-02
7.859075814485549927e-02
-1.349285710602998734e-03
