-1.275372803211212158e-01
1.215094625949859619e-01
4.595246165990829468e-02
-1.092734336853027344e-01
-1.506098657846450806e-01
-2.976917475461959839e-02
-5.609044432640075684e-02
-1.339694559574127197e-01
1.614670455455780029e-01
-9.884700924158096313e-02
3.219094276428222656e-01
-8.777020871639251709e-02
-1.949789673089981079e-01
-1.147961094975471497e-01
-4.591314122080802917e-02
2.221713513135910034e-01
-2.006525844335556030e-01
-1.281722486019134521e-01
-2.254636026918888092e-02
3.189973160624504089e-02
8.579459786415100098e-02
-4.442254453897476196e-02
1.173625215888023376e-01
6.023320928215980530e-02
-8.242413401603698730e-02
-4.279758930206298828e-01
-7.105658203363418579e-02
-3.595474362373352051e-02
1.389166247099637985e-02
-4.891351610422134399e-02
-6.123697757720947266e-02
1.511811278760433197e-02
-2.778713405132293701e-01
-5.536093935370445251e-02
7.830008864402770996e-03
1.325059086084365845e-01
-2.798786200582981110e-02
-9.901273995637893677e-02
1.585690081119537354e-01
-4.802513122558593750e-02
-2.619770765304565430e-01
-2.391527593135833740e-02
7.140352576971054077e-02
2.237271666526794434e-01
1.443895697593688965e-01
1.120663341134786606e-02
3.140381351113319397e-02
-1.063022166490554810e-01
8.929295092821121216e-02
-1.381278932094573975e-01
2.696434035897254944e-02
9.850569814443588257e-02
6.290032714605331421e-02
-5.365062505006790161e-03
-2.337177656590938568e-02
-1.062181666493415833e-01
5.175738409161567688e-02
1.908596009016036987e-01
-1.564589142799377441e-01
-4.050564765930175781e-02
1.272554844617843628e-01
-6.111014634370803833e-02
-6.504814326763153076e-02
-1.490672826766967773e-01
2.627096474170684814e-01
1.520640552043914795e-01
-1.077746376395225525e-01
-2.489614188671112061e-01
7.250667363405227661e-02
-8.274468034505844116e-02
-6.053192541003227234e-02
5.501841008663177490e-02
-1.774006038904190063e-01
-1.846143305301666260e-01
-3.063073158264160156e-01
1.003341749310493469e-04
3.600429296493530273e-01
6.243857368826866150e-02
-1.793842762708663940e-01
-4.471430554986000061e-03
-1.632381230592727661e-02
2.807395160198211670e-02
9.667497128248214722e-02
1.300465464591979980e-01
-9.712815284729003906e-03
7.616199553012847900e-02
-1.672338843345642090e-01
2.093325182795524597e-02
2.059624046087265015e-01
-9.824973344802856445e-02
-1.858901232481002808e-02
1.936067491769790649e-01
-4.057440534234046936e-02
5.047742277383804321e-02
-1.409039646387100220e-02
2.863243967294692993e-02
-1.049458757042884827e-01
1.416468918323516846e-01
-1.690492480993270874e-01
3.212878853082656860e-02
1.841900870203971863e-02
-4.002600535750389099e-02
-4.236532747745513916e-02
8.017960935831069946e-02
-1.758388280868530273e-01
7.487373799085617065e-02
-1.925868168473243713e-02
1.761124283075332642e-02
7.136501837521791458e-03
-4.726720601320266724e-02
-9.131869673728942871e-02
-9.185209125280380249e-02
8.091023564338684082e-02
-2.315705269575119019e-01
2.283704727888107300e-01
2.098588347434997559e-01
1.035619229078292847e-01
1.460527181625366211e-01
1.299666166305541992e-01
7.929270714521408081e-02
1.841603964567184448e-02
2.351693436503410339e-02
-2.138621509075164795e-01
-4.676177166402339935e-03
9.605555236339569092e-02
-7.285093516111373901e-02
9.847603738307952881e-02
-3.991658333688974380e-03
