-6.431055814027786255e-02
4.184135049581527710e-02
1.591728068888187408e-02
-1.489566117525100708e-01
-1.547375470399856567e-01
-6.955434568226337433e-03
-9.471356868743896484e-02
-1.834409683942794800e-01
1.768136918544769287e-01
-2.094627916812896729e-01
2.530646622180938721e-01
-1.210398301482200623e-01
-1.870522946119308472e-01
-8.593568950891494751e-02
-5.435783043503761292e-02
1.951182037591934204e-01
-2.077252268791198730e-01
-1.479433029890060425e-01
-4.761630296707153320e-02
-4.239943344146013260e-03
4.819279536604881287e-02
-3.430098667740821838e-02
6.654088944196701050e-02
5.313799530267715454e-02
-7.324387133121490479e-02
-3.865104615688323975e-01
-8.470994979143142700e-02
-1.023748815059661865e-01
3.140007704496383667e-02
-6.880926340818405151e-02
-3.941482678055763245e-02
7.276702672243118286e-03
-2.352262884378433228e-01
-4.057930409908294678e-02
-2.775280922651290894e-02
1.152111664414405823e-01
-2.089788764715194702e-02
-8.360596746206283569e-02
1.405596137046813965e-01
-2.200243994593620300e-02
-2.738897800445556641e-01
-2.916177362203598022e-02
3.867124021053314209e-02
1.902201324701309204e-01
1.440008878707885742e-01
3.745469450950622559e-02
1.369428262114524841e-02
-1.356194466352462769e-01
1.389159411191940308e-01
-1.969240307807922363e-01
1.926285773515701294e-02
7.049492001533508301e-02
7.420252077281475067e-04
-1.063311845064163208e-02
2.310565114021301270e-02
-9.684586524963378906e-02
6.156219542026519775e-02
1.650943160057067871e-01
-1.847332864999771118e-01
5.976936593651771545e-02
1.590023338794708252e-01
-8.066911995410919189e-02
-5.225125327706336975e-02
-1.008372157812118530e-01
2.700313329696655273e-01
1.698431372642517090e-01
-6.952968239784240723e-02
-2.142481952905654907e-01
1.341964155435562134e-01
-1.435627341270446777e-01
-8.398315310478210449e-02
6.179347634315490723e-02
-1.412348151206970215e-01
-1.738942414522171021e-01
-2.847940325736999512e-01
-5.259685590863227844e-02
4.003795385360717773e-01
9.392388910055160522e-02
-1.151961684226989746e-01
8.336868137121200562e-03
3.022043965756893158e-03
1.678436435759067535e-02
1.804699301719665527e-01
1.178051233291625977e-01
1.676897890865802765e-02
5.288685858249664307e-02
-9.440982341766357422e-02
4.263396933674812317e-02
2.500162124633789062e-01
-9.771064668893814087e-02
-1.180484145879745483e-02
2.026500254869461060e-01
-7.839909195899963379e-02
5.979037284851074219e-02
5.600980017334222794e-03
1.386208087205886841e-02
-8.615795522928237915e-02
9.807498753070831299e-02
-1.803128421306610107e-01
2.674363926053047180e-02
4.662542417645454407e-02
-2.469946444034576416e-02
-3.545327344909310341e-03
4.595711827278137207e-02
-1.241152659058570862e-01
7.663077861070632935e-02
-4.143727943301200867e-02
-1.644238084554672241e-02
6.806399207562208176e-03
-5.344579741358757019e-02
-1.006313264369964600e-01
-4.390864819288253784e-02
1.662629693746566772e-01
-1.974733769893646240e-01
2.452611923217773438e-01
1.990631669759750366e-01
1.389398425817489624e-01
1.168064475059509277e-01
1.169591993093490601e-01
4.341300949454307556e-02
1.734180375933647156e-02
-2.802200615406036377e-02
-2.399588674306869507e-01
-1.480398420244455338e-02
7.767545431852340698e-02
-6.278676539659500122e-02
9.571667760610580444e-02
-1.273177191615104675e-02
