-9.868499636650085449e-02
6.506350636482238770e-02
4.348611831665039062e-02
-1.323664039373397827e-01
-1.428809612989425659e-01
3.045213222503662109e-02
-1.333973854780197144e-01
-9.113755822181701660e-02
1.565098911523818970e-01
-1.772355288267135620e-01
2.849340736865997314e-01
2.437189035117626190e-02
-2.012290954589843750e-01
-1.075682118535041809e-01
-3.058461844921112061e-02
2.011020630598068237e-01
-1.638989448547363281e-01
-1.761675477027893066e-01
-1.869485154747962952e-02
2.175086922943592072e-02
2.806432731449604034e-02
-4.666053503751754761e-02
4.987883567810058594e-02
2.626904100179672241e-02
-1.046762317419052124e-01
-4.181467890739440918e-01
-4.261811077594757080e-02
-5.145347490906715393e-02
-1.426599733531475067e-02
-6.386931054294109344e-03
1.711518503725528717e-03
7.598304003477096558e-02
-2.281381636857986450e-01
5.168803408741950989e-02
-4.732850939035415649e-02
1.134877353906631470e-01
-3.043738938868045807e-02
-2.107529714703559875e-02
1.959299296140670776e-01
3.093420714139938354e-02
-2.839169204235076904e-01
4.488503560423851013e-02
-2.494796738028526306e-02
1.991187781095504761e-01
1.763331592082977295e-01
2.808296680450439453e-02
6.555321812629699707e-02
-1.203372552990913391e-01
1.293780803680419922e-01
-2.111220210790634155e-01
6.889517605304718018e-02
1.420783400535583496e-01
7.697021961212158203e-02
-2.842074632644653320e-02
4.287364333868026733e-02
-1.094976887106895447e-01
3.262286260724067688e-02
1.608470976352691650e-01
-1.874404102563858032e-01
1.167393755167722702e-03
3.101453185081481934e-02
-4.496672004461288452e-02
-4.439558088779449463e-02
-1.758608520030975342e-01
2.577605843544006348e-01
1.745799183845520020e-01
-1.017948016524314880e-01
-2.223622053861618042e-01
1.452179104089736938e-01
-1.057446599006652832e-01
-1.149565577507019043e-01
8.994990587234497070e-02
-1.479303538799285889e-01
-2.000131160020828247e-01
-2.959547340869903564e-01
6.094995141029357910e-02
3.548068702220916748e-01
1.534317135810852051e-01
-1.926525235176086426e-01
5.614910274744033813e-02
3.203141689300537109e-02
-6.082110106945037842e-02
1.100325509905815125e-01
1.453537344932556152e-01
-1.480468921363353729e-02
-2.238311059772968292e-02
-7.677078992128372192e-02
-4.549784585833549500e-02
2.162590175867080688e-01
-3.969360515475273132e-02
-2.674129605293273926e-02
2.101398259401321411e-01
-2.479333057999610901e-02
8.685017377138137817e-02
-2.314494922757148743e-02
1.264087390154600143e-03
-9.112366288900375366e-02
1.145423054695129395e-01
-1.520960927009582520e-01
-2.165105007588863373e-02
-1.785764843225479126e-02
-9.823719039559364319e-03
-1.484802924096584320e-02
5.525555461645126343e-02
-1.188862323760986328e-01
1.230122447013854980e-01
-7.358688861131668091e-02
2.372154034674167633e-02
2.925250679254531860e-02
4.476080834865570068e-02
-7.799395173788070679e-02
-9.684086591005325317e-02
9.295468032360076904e-02
-2.273602783679962158e-01
2.417544424533843994e-01
1.640701442956924438e-01
9.755776822566986084e-02
1.388785392045974731e-01
1.907419711351394653e-01
1.050654947757720947e-01
4.256838001310825348e-03
1.601432077586650848e-02
-2.408618330955505371e-01
-3.261042758822441101e-02
1.122085973620414734e-01
-7.863287627696990967e-02
9.326242655515670776e-02
3.172736987471580505e-02
