-1.285663843154907227e-01
2.063033729791641235e-02
9.827940165996551514e-02
-1.176223680377006531e-01
-1.346470713615417480e-01
-3.883860260248184204e-02
-2.207939885556697845e-02
-5.911380052566528320e-02
1.424556523561477661e-01
-1.439473479986190796e-01
1.812191754579544067e-01
-6.822564452886581421e-02
-1.878238469362258911e-01
-3.509154543280601501e-02
-5.013317242264747620e-02
1.745354384183883667e-01
-1.554554700851440430e-01
-1.006073057651519775e-01
-8.176082372665405273e-02
-1.148860715329647064e-02
8.056082576513290405e-02
2.110197581350803375e-02
-1.821455731987953186e-02
7.128786295652389526e-02
-1.582250893115997314e-01
-3.648927807807922363e-01
-1.052965223789215088e-01
-7.758532464504241943e-02
-1.630963571369647980e-02
-7.563950866460800171e-02
-5.079564079642295837e-02
6.030692905187606812e-02
-1.241237595677375793e-01
-5.569997802376747131e-02
1.457247324287891388e-02
1.296516954898834229e-01
-7.711365818977355957e-03
-9.099592268466949463e-02
1.197209730744361877e-01
3.161996603012084961e-03
-3.243592977523803711e-01
9.068030864000320435e-02
3.737954795360565186e-02
2.596729993820190430e-01
1.672542691230773926e-01
-2.147221378982067108e-02
8.894387632608413696e-03
-9.674229472875595093e-02
1.850575506687164307e-01
-1.856718659400939941e-01
2.033254131674766541e-02
1.072611883282661438e-01
3.722400218248367310e-02
4.175857454538345337e-02
4.665951803326606750e-02
-9.381955862045288086e-02
4.327832162380218506e-02
1.840973794460296631e-01
-2.068018168210983276e-01
2.873205952346324921e-02
7.417143881320953369e-02
-7.506014406681060791e-02
2.306865900754928589e-02
-8.484718203544616699e-02
9.157918393611907959e-02
1.357210278511047363e-01
-1.240443661808967590e-01
-2.017834186553955078e-01
1.274493485689163208e-01
-1.376292705535888672e-01
-1.107614859938621521e-02
9.926006197929382324e-02
-1.861414611339569092e-01
-1.798589825630187988e-01
-2.284687310457229614e-01
2.128836326301097870e-02
4.532132744789123535e-01
1.221780478954315186e-01
-1.425814181566238403e-01
-2.235503494739532471e-02
-7.460612058639526367e-02
-1.861704140901565552e-02
1.248218566179275513e-01
1.288484334945678711e-01
1.189729198813438416e-02
1.579175144433975220e-02
-5.306075513362884521e-02
7.854700088500976562e-02
2.091846317052841187e-01
-2.044389024376869202e-02
-2.690018154680728912e-02
2.207523584365844727e-01
1.379661075770854950e-02
5.779320746660232544e-02
3.052632790058851242e-03
5.500084161758422852e-02
-1.472713500261306763e-01
8.422556519508361816e-02
-1.304254829883575439e-01
8.389820344746112823e-03
4.560935869812965393e-02
-7.064007967710494995e-02
1.912599056959152222e-02
9.997017681598663330e-02
-1.471436023712158203e-01
1.949041634798049927e-01
1.707210578024387360e-02
6.007893383502960205e-02
1.821161061525344849e-02
4.096551239490509033e-02
-9.024789929389953613e-02
-1.743007451295852661e-03
1.484330743551254272e-01
-1.794407963752746582e-01
1.940823495388031006e-01
1.989378631114959717e-01
9.013763815164566040e-02
7.588970661163330078e-02
1.113855391740798950e-01
-1.357430033385753632e-02
1.082340162247419357e-02
-4.726697131991386414e-02
-2.085850089788436890e-01
9.429628960788249969e-03
1.011077985167503357e-01
-6.491435319185256958e-02
9.662989526987075806e-02
-2.105208300054073334e-02
