-1.359382718801498413e-01
1.154990419745445251e-01
4.745576530694961548e-02
-1.699954420328140259e-01
-1.160817667841911316e-01
-2.357890829443931580e-02
-5.934708192944526672e-02
-1.348008215427398682e-01
1.565925627946853638e-01
-1.897413581609725952e-01
2.469914257526397705e-01
-1.360162943601608276e-01
-2.156691104173660278e-01
-4.434932768344879150e-02
-6.580874323844909668e-02
2.497168332338333130e-01
-2.408709973096847534e-01
-1.703586578369140625e-01
-2.914359234273433685e-02
2.761225588619709015e-02
9.356302022933959961e-02
6.744978949427604675e-03
1.323704328387975693e-02
6.356958299875259399e-02
-1.389520764350891113e-01
-3.535391092300415039e-01
-9.268679469823837280e-02
-2.702873572707176208e-02
-9.852786548435688019e-03
-5.850810930132865906e-02
8.096187375485897064e-03
8.673471212387084961e-02
-2.690961360931396484e-01
-2.570958063006401062e-02
-1.010757964104413986e-02
1.224738582968711853e-01
5.557271093130111694e-02
-8.824395388364791870e-02
1.286209225654602051e-01
-2.011457085609436035e-02
-3.065493106842041016e-01
-2.594586927443742752e-03
1.030242517590522766e-01
2.294211685657501221e-01
7.894828170537948608e-02
-4.261848051100969315e-03
1.765794306993484497e-02
-1.299385279417037964e-01
7.378248125314712524e-02
-1.738584935665130615e-01
-2.240231074392795563e-02
8.728128671646118164e-02
2.183560095727443695e-02
-8.884415961802005768e-03
6.076633464545011520e-03
-1.305864900350570679e-01
9.706290066242218018e-02
1.580831408500671387e-01
-1.922670006752014160e-01
-3.551448695361614227e-03
1.355557292699813843e-01
-1.229210644960403442e-01
8.857687935233116150e-04
-1.049010828137397766e-01
2.353341430425643921e-01
1.284886896610260010e-01
-7.022491097450256348e-02
-2.402588427066802979e-01
1.534909307956695557e-01
-7.522021234035491943e-02
-6.856992095708847046e-02
6.616458296775817871e-02
-1.374518126249313354e-01
-1.364224106073379517e-01
-3.447049260139465332e-01
-4.058092087507247925e-02
3.367205262184143066e-01
5.946613475680351257e-02
-1.236376166343688965e-01
1.090459525585174561e-01
2.359217591583728790e-02
2.611619420349597931e-03
1.230114623904228210e-01
1.941465437412261963e-01
5.314176902174949646e-03
5.712403357028961182e-02
-9.998390823602676392e-02
8.858318626880645752e-02
2.301985621452331543e-01
-6.308948248624801636e-02
5.539880134165287018e-03
1.572430431842803955e-01
-5.394291505217552185e-02
-5.952082574367523193e-03
-6.123180035501718521e-03
3.103546239435672760e-02
-1.395208835601806641e-01
8.469917625188827515e-02
-1.262320280075073242e-01
5.829356610774993896e-02
2.196034789085388184e-02
2.655999734997749329e-03
-5.296880751848220825e-02
1.572528928518295288e-01
-1.343777626752853394e-01
6.778778135776519775e-02
-5.175995826721191406e-02
-5.983078852295875549e-02
-4.217771440744400024e-02
-9.528273716568946838e-03
-1.288045663386583328e-02
-5.387644097208976746e-02
6.648272275924682617e-02
-2.017174512147903442e-01
2.006625235080718994e-01
1.798758655786514282e-01
5.151834338903427124e-03
1.050109937787055969e-01
1.081605851650238037e-01
8.899084478616714478e-02
1.104245800524950027e-02
2.973876520991325378e-02
-2.515383362770080566e-01
-4.684865102171897888e-02
1.310301423072814941e-01
-9.942959249019622803e-02
1.163998916745185852e-01
-1.603329926729202271e-02
