-1.428450196981430054e-01
4.314795881509780884e-02
6.171397119760513306e-02
-1.381497681140899658e-01
-1.173917800188064575e-01
1.523014530539512634e-02
-6.811194866895675659e-02
-1.463174372911453247e-01
2.025275379419326782e-01
-2.731928825378417969e-01
1.965207010507583618e-01
-1.026765629649162292e-01
-2.155961096286773682e-01
-4.676262289285659790e-02
-6.828106194734573364e-02
2.419412881135940552e-01
-1.353929638862609863e-01
-2.017259597778320312e-01
-3.530881553888320923e-02
1.043491065502166748e-02
7.384698837995529175e-04
-6.766442209482192993e-03
1.456355862319469452e-02
3.100582771003246307e-02
-6.735710799694061279e-02
-4.096770584583282471e-01
-8.540175110101699829e-02
-2.706280723214149475e-02
-9.045731276273727417e-03
-2.966211549937725067e-02
-7.164642214775085449e-02
-1.320066046901047230e-03
-2.628633975982666016e-01
-2.873351238667964935e-02
-2.104368247091770172e-02
1.362589001655578613e-01
-1.427823444828391075e-03
-7.587388157844543457e-02
9.458115696907043457e-02
3.819028846919536591e-03
-2.704593241214752197e-01
-3.431375324726104736e-02
7.476399093866348267e-02
2.101138830184936523e-01
1.281924992799758911e-01
6.555230356752872467e-04
1.479840744286775589e-02
-1.607157737016677856e-01
1.573376655578613281e-01
-2.103750556707382202e-01
-6.965886801481246948e-03
3.267892450094223022e-02
5.938440561294555664e-02
2.249707467854022980e-03
3.064994141459465027e-02
-9.657867252826690674e-02
8.324509114027023315e-02
1.768422126770019531e-01
-1.619068235158920288e-01
4.738833010196685791e-02
1.262632161378860474e-01
-5.555342882871627808e-02
-3.845315799117088318e-02
-7.049003243446350098e-02
2.660642266273498535e-01
1.338640898466110229e-01
-6.633320450782775879e-02
-2.309771776199340820e-01
1.584023833274841309e-01
-1.224602162837982178e-01
-2.900684624910354614e-02
4.830120131373405457e-03
-1.039923354983329773e-01
-1.542461514472961426e-01
-2.881774902343750000e-01
-1.914391480386257172e-02
3.773286342620849609e-01
1.074752733111381531e-01
-7.495062053203582764e-02
1.092986837029457092e-01
-2.441027574241161346e-02
1.335298828780651093e-02
8.716703951358795166e-02
1.245990842580795288e-01
-3.855710104107856750e-02
5.314283818006515503e-02
-8.079509437084197998e-02
4.653389006853103638e-02
2.529993057250976562e-01
-4.552755504846572876e-02
3.990098834037780762e-02
1.614651232957839966e-01
-8.046105504035949707e-02
4.525081813335418701e-02
-4.860393702983856201e-03
1.593219675123691559e-02
-1.735491305589675903e-01
9.458559006452560425e-02
-1.502097696065902710e-01
-1.527753658592700958e-02
1.152458973228931427e-02
-3.317024186253547668e-02
4.425102472305297852e-02
9.829516708850860596e-02
-1.953593492507934570e-01
1.301387846469879150e-01
-7.777033746242523193e-02
5.646061152219772339e-03
6.353739649057388306e-02
2.296934463083744049e-02
-3.836389631032943726e-02
-5.057282000780105591e-02
7.115150243043899536e-02
-1.786214709281921387e-01
1.839640587568283081e-01
1.586209535598754883e-01
9.501840174198150635e-02
1.381334513425827026e-01
1.339357197284698486e-01
6.375632435083389282e-02
2.678531408309936523e-02
5.173046514391899109e-02
-2.334084063768386841e-01
-2.521969377994537354e-02
7.614833861589431763e-02
-8.315693587064743042e-02
9.491498023271560669e-02
3.376584500074386597e-02
