-1.573470234870910645e-01
1.992218941450119019e-02
-3.020377643406391144e-02
-1.324132829904556274e-01
-1.569434851408004761e-01
3.385736793279647827e-02
-1.141734421253204346e-01
-1.279257088899612427e-01
1.893069595098495483e-01
-1.769533455371856689e-01
2.119770944118499756e-01
-9.957186877727508545e-02
-1.673131287097930908e-01
-5.359418317675590515e-02
-8.892075717449188232e-02
2.153069227933883667e-01
-2.525296211242675781e-01
-1.506988853216171265e-01
1.485553011298179626e-02
6.499662064015865326e-03
7.074663043022155762e-02
-1.482566818594932556e-02
2.145935036242008209e-02
6.666488945484161377e-02
-1.297837793827056885e-01
-4.100709855556488037e-01
-1.134725362062454224e-01
-9.972697496414184570e-02
-1.416372880339622498e-02
-4.390152171254158020e-02
-4.081313684582710266e-02
2.211697958409786224e-02
-1.641515344381332397e-01
6.130859255790710449e-04
1.999692991375923157e-03
1.038024276494979858e-01
1.190392300486564636e-03
-1.275339573621749878e-01
1.138135641813278198e-01
-2.344059944152832031e-02
-2.828671634197235107e-01
-1.085737533867359161e-02
7.887500524520874023e-02
2.092281430959701538e-01
1.593498438596725464e-01
2.079127542674541473e-02
-4.206733778119087219e-03
-1.517879664897918701e-01
1.280034035444259644e-01
-1.565726101398468018e-01
-3.166045993566513062e-03
7.599118351936340332e-02
4.838002473115921021e-02
-6.723473779857158661e-03
2.615610323846340179e-02
-1.082645207643508911e-01
3.648649156093597412e-02
1.670391112565994263e-01
-1.186612248420715332e-01
1.589187886565923691e-03
4.725663363933563232e-02
-4.952134191989898682e-02
5.448425933718681335e-02
-1.182207614183425903e-01
2.744866609573364258e-01
1.535814404487609863e-01
-1.072968319058418274e-01
-1.879707127809524536e-01
1.389298588037490845e-01
-1.001381576061248779e-01
-8.441899716854095459e-02
3.625291585922241211e-02
-1.578024774789810181e-01
-2.308429181575775146e-01
-2.930485606193542480e-01
-4.267576336860656738e-02
3.882660269737243652e-01
1.026592999696731567e-01
-1.309263557195663452e-01
3.560851514339447021e-02
-1.735966070555150509e-03
-1.162995956838130951e-02
1.444223821163177490e-01
2.075840234756469727e-01
-1.060789171606302261e-02
-6.356405094265937805e-03
-8.182853460311889648e-02
-1.246173866093158722e-03
2.869834601879119873e-01
-7.595130801200866699e-02
-3.050198778510093689e-02
1.851158440113067627e-01
-5.855491757392883301e-02
7.328490167856216431e-02
-3.108347766101360321e-03
3.067935816943645477e-02
-1.084950119256973267e-01
1.126054301857948303e-01
-1.159493923187255859e-01
9.300030767917633057e-03
1.710666902363300323e-02
-9.834691882133483887e-04
-2.337877871468663216e-03
1.213209182024002075e-01
-1.255915462970733643e-01
5.951779708266258240e-02
-4.486288875341415405e-03
-2.880613319575786591e-03
1.096363738179206848e-02
-9.092713706195354462e-03
-6.547228991985321045e-02
-4.640587419271469116e-02
1.279122382402420044e-01
-2.114175707101821899e-01
1.975558251142501831e-01
1.807349026203155518e-01
1.444020122289657593e-01
1.758473217487335205e-01
1.278081387281417847e-01
4.004227370023727417e-02
4.770253784954547882e-03
-1.012486405670642853e-02
-2.380013316869735718e-01
4.257394000887870789e-02
9.624288976192474365e-02
-7.039948552846908569e-02
8.537145704030990601e-02
1.075023412704467773e-02
