-8.018973469734191895e-02
2.553771436214447021e-02
4.169489443302154541e-02
-1.094963103532791138e-01
-9.535951167345046997e-02
-5.771825090050697327e-02
-6.880910694599151611e-02
-1.038978546857833862e-01
1.636119782924652100e-01
-1.693304181098937988e-01
2.832708954811096191e-01
-7.108920812606811523e-02
-1.729453504085540771e-01
-1.030145883560180664e-01
-5.655902251601219177e-02
1.706448644399642944e-01
-2.308178842067718506e-01
-1.330202072858810425e-01
-2.318272739648818970e-02
5.988600477576255798e-02
1.128882244229316711e-01
-3.846113756299018860e-02
1.523410715162754059e-02
3.399153053760528564e-02
-1.655792742967605591e-01
-4.020169675350189209e-01
-1.096605435013771057e-01
-5.059163644909858704e-02
-6.007122993469238281e-02
-2.131294272840023041e-02
2.915205433964729309e-03
4.853728786110877991e-02
-2.031236141920089722e-01
-9.961258620023727417e-04
8.517469279468059540e-03
6.931958347558975220e-02
-8.255545049905776978e-03
-8.151159435510635376e-02
1.468284279108047485e-01
-9.453948587179183960e-05
-2.740656733512878418e-01
-2.920946478843688965e-02
6.009526550769805908e-02
2.098442018032073975e-01
1.213617771863937378e-01
-7.496048696339130402e-03
3.538783639669418335e-02
-9.889918565750122070e-02
1.225122064352035522e-01
-1.615969836711883545e-01
-4.220578819513320923e-02
1.102395653724670410e-01
4.396890103816986084e-02
4.397704079747200012e-02
2.076081186532974243e-02
-7.107151299715042114e-02
6.717171519994735718e-02
1.692741364240646362e-01
-1.475943773984909058e-01
-8.188276551663875580e-03
4.259089007973670959e-02
-1.032870635390281677e-01
-5.558155849575996399e-02
-9.372072666883468628e-02
2.104773521423339844e-01
1.200049370527267456e-01
-1.136022508144378662e-01
-2.431228756904602051e-01
8.933946490287780762e-02
-1.482283920049667358e-01
-1.017268449068069458e-01
6.248242035508155823e-02
-1.598372161388397217e-01
-1.996185332536697388e-01
-3.130182921886444092e-01
-3.979165107011795044e-02
3.437467813491821289e-01
7.094261795282363892e-02
-1.643425673246383667e-01
5.264141038060188293e-02
1.630929671227931976e-02
4.325304180383682251e-04
1.416793465614318848e-01
1.906353682279586792e-01
1.346851140260696411e-02
1.080128103494644165e-01
-8.834769576787948608e-02
2.045494690537452698e-02
2.350980490446090698e-01
-8.247376233339309692e-02
-5.451775155961513519e-03
2.175871729850769043e-01
-4.115530475974082947e-02
7.139442861080169678e-02
1.193326339125633240e-02
-4.294509813189506531e-02
-4.902104660868644714e-02
1.053032279014587402e-01
-1.067980229854583740e-01
6.311160326004028320e-02
5.298551917076110840e-02
-6.671619601547718048e-03
-2.099599502980709076e-02
6.696408241987228394e-02
-1.234486252069473267e-01
7.017435878515243530e-02
-1.586220785975456238e-02
1.853708922863006592e-02
3.384134173393249512e-02
-1.119619887322187424e-02
-8.996456116437911987e-02
-1.123599261045455933e-01
7.134100049734115601e-02
-2.388327717781066895e-01
1.785081028938293457e-01
1.944489479064941406e-01
9.807766228914260864e-02
1.110558062791824341e-01
1.017102450132369995e-01
3.788821026682853699e-02
-5.701730959117412567e-03
3.254146873950958252e-02
-2.093810886144638062e-01
2.108291164040565491e-02
7.458763569593429565e-02
-5.273515358567237854e-02
5.411135405302047729e-02
-8.072483539581298828e-02
