-1.184572055935859680e-01
4.128195345401763916e-02
3.160580247640609741e-02
-7.113797217607498169e-02
-1.257316023111343384e-01
-2.663222886621952057e-02
1.955628581345081329e-02
-1.601410806179046631e-01
1.279683411121368408e-01
-1.342042237520217896e-01
2.938334047794342041e-01
-8.866485953330993652e-02
-2.414978891611099243e-01
-7.297979295253753662e-02
-4.169130325317382812e-02
1.980466693639755249e-01
-1.870995163917541504e-01
-1.323960125446319580e-01
-1.025609299540519714e-02
2.664063125848770142e-02
8.723204582929611206e-02
3.037000447511672974e-02
-9.809013456106185913e-03
5.185406282544136047e-02
-1.299065947532653809e-01
-3.649671673774719238e-01
-1.091385036706924438e-01
-7.375092804431915283e-02
-4.629558697342872620e-02
-1.391320303082466125e-02
-5.614358000457286835e-03
9.238293766975402832e-02
-2.006621807813644409e-01
-1.397181116044521332e-02
3.463904932141304016e-02
9.308135509490966797e-02
-1.251198258250951767e-02
-6.460656225681304932e-02
1.470362097024917603e-01
-4.209975898265838623e-02
-2.809492945671081543e-01
-6.301046162843704224e-02
9.233826398849487305e-02
2.234952300786972046e-01
8.731242269277572632e-02
-4.152356088161468506e-02
-6.136123090982437134e-03
-8.807609230279922485e-02
5.122631415724754333e-02
-1.672118753194808960e-01
-7.769598066806793213e-02
1.395254731178283691e-01
3.319973871111869812e-02
1.295244693756103516e-02
-2.530385181307792664e-02
-1.151444390416145325e-01
2.782228775322437286e-02
1.103368774056434631e-01
-1.398286819458007812e-01
-5.573029443621635437e-02
7.157891988754272461e-02
-1.071412861347198486e-01
-5.126715824007987976e-02
-1.150992289185523987e-01
2.384215444326400757e-01
4.089047759771347046e-02
-1.478809565305709839e-01
-1.513602882623672485e-01
1.039434596896171570e-01
-1.297916471958160400e-01
-5.902471393346786499e-02
4.398645088076591492e-02
-2.093711346387863159e-01
-2.184788584709167480e-01
-3.149047791957855225e-01
-1.344084087759256363e-02
3.832933306694030762e-01
3.632269054651260376e-02
-1.372130811214447021e-01
9.951338917016983032e-02
-4.504805058240890503e-02
4.587499052286148071e-02
1.182086467742919922e-01
1.521287709474563599e-01
4.399759322404861450e-02
1.012694835662841797e-01
-9.785079956054687500e-02
5.416201055049896240e-02
1.975710988044738770e-01
-1.224321499466896057e-01
2.654999494552612305e-02
2.198631912469863892e-01
-7.545451074838638306e-02
6.084989011287689209e-02
3.055259957909584045e-02
2.444822154939174652e-02
-1.875835098326206207e-02
2.701881155371665955e-02
-9.974594414234161377e-02
6.788552552461624146e-02
4.738296195864677429e-02
-6.957311183214187622e-02
4.078668542206287384e-03
1.205869317054748535e-01
-1.628959327936172485e-01
6.086877733469009399e-02
1.645873114466667175e-02
3.375462442636489868e-02
5.789152160286903381e-02
-2.526942268013954163e-02
-9.308513998985290527e-02
-1.156636252999305725e-01
1.199797764420509338e-01
-2.358046621084213257e-01
1.839766204357147217e-01
1.749237477779388428e-01
-2.582494169473648071e-02
1.170481145381927490e-01
8.984042704105377197e-02
7.507510483264923096e-02
-7.231160998344421387e-02
-5.950374528765678406e-03
-2.358198612928390503e-01
8.017180953174829483e-04
1.223583966493606567e-01
-7.326469570398330688e-02
3.992344066500663757e-02
-7.058392465114593506e-02
