-1.003559678792953491e-01
8.551602810621261597e-02
1.916337758302688599e-02
-1.223727017641067505e-01
-9.167313575744628906e-02
-7.086168229579925537e-02
-6.372338533401489258e-02
-1.378208696842193604e-01
2.006535679101943970e-01
-1.163650751113891602e-01
2.930580079555511475e-01
-5.152073130011558533e-02
-2.257550060749053955e-01
-1.299156993627548218e-01
-2.852184884250164032e-02
1.825877279043197632e-01
-2.317411303520202637e-01
-1.011399924755096436e-01
-2.564296871423721313e-02
5.694662034511566162e-02
8.849313855171203613e-02
1.004584413021802902e-02
1.126468330621719360e-01
4.783845692873001099e-02
-1.517874449491500854e-01
-3.727440237998962402e-01
-7.932732254266738892e-02
-9.516419470310211182e-02
-8.327920921146869659e-03
-4.961353167891502380e-02
-6.380269303917884827e-03
2.156633883714675903e-02
-1.994853168725967407e-01
-4.141115024685859680e-02
2.940035983920097351e-02
1.220938637852668762e-01
-4.429720714688301086e-02
-6.042111292481422424e-02
1.563967019319534302e-01
-3.636199235916137695e-02
-2.731844186782836914e-01
-8.120156824588775635e-02
1.928211562335491180e-02
1.904644221067428589e-01
1.457134932279586792e-01
1.019551232457160950e-02
1.387751847505569458e-02
-1.672659814357757568e-01
1.259480416774749756e-01
-1.754254996776580811e-01
-1.764327473938465118e-02
9.426031261682510376e-02
2.437012083828449249e-02
1.871540024876594543e-02
1.308145094662904739e-02
-9.233960509300231934e-02
3.712218254804611206e-02
2.222877740859985352e-01
-1.864116340875625610e-01
-5.305344983935356140e-02
6.069448590278625488e-02
-7.013729959726333618e-02
-3.723733499646186829e-02
-9.433965384960174561e-02
2.465313076972961426e-01
1.082907393574714661e-01
-1.573590934276580811e-01
-1.640733927488327026e-01
1.008188202977180481e-01
-1.108053922653198242e-01
-6.300358474254608154e-02
9.845066070556640625e-02
-1.411991715431213379e-01
-2.007045298814773560e-01
-2.930807769298553467e-01
-6.085258349776268005e-02
3.546484708786010742e-01
2.211258374154567719e-02
-1.261063367128372192e-01
-9.241027757525444031e-03
-3.918401896953582764e-02
-1.262550055980682373e-02
7.341267168521881104e-02
1.394576579332351685e-01
-1.199125684797763824e-02
4.917215555906295776e-02
-9.757788479328155518e-02
2.913181297481060028e-02
2.096144706010818481e-01
-1.293697953224182129e-01
4.188397154211997986e-02
2.085064947605133057e-01
-5.485974997282028198e-02
1.197333559393882751e-01
-2.867652848362922668e-02
8.530039340257644653e-03
-1.004735231399536133e-01
1.165101304650306702e-01
-1.109332665801048279e-01
3.507239371538162231e-02
4.109743237495422363e-02
-1.116744149476289749e-02
1.052219048142433167e-02
9.173602610826492310e-02
-1.215402036905288696e-01
8.148337900638580322e-02
3.541616350412368774e-02
-1.425037160515785217e-03
7.161095738410949707e-02
-4.673244059085845947e-02
-5.305751413106918335e-02
-1.413501203060150146e-01
1.084389686584472656e-01
-2.188441455364227295e-01
2.413076609373092651e-01
1.829407215118408203e-01
8.163124322891235352e-02
1.219793483614921570e-01
6.646989285945892334e-02
5.127739161252975464e-02
-2.602497674524784088e-02
4.137728363275527954e-03
-2.206781059503555298e-01
4.620936885476112366e-02
1.029537245631217957e-01
-7.167423516511917114e-02
6.154631078243255615e-02
-8.357466757297515869e-02
