-1.118594631552696228e-01
7.958024740219116211e-02
4.674552008509635925e-02
-1.425034850835800171e-01
-1.436533778905868530e-01
-5.129458382725715637e-02
-7.714453339576721191e-02
-1.226423233747482300e-01
1.996337920427322388e-01
-1.703421175479888916e-01
2.380210161209106445e-01
-5.113615095615386963e-02
-1.604284346103668213e-01
-1.274408102035522461e-01
-3.466021269559860229e-02
2.105367928743362427e-01
-2.590445578098297119e-01
-1.548789143562316895e-01
-1.521198078989982605e-02
1.699661649763584137e-02
6.022389233112335205e-02
-2.450366504490375519e-03
6.891281157732009888e-02
5.588402971625328064e-02
-1.295125484466552734e-01
-4.063243269920349121e-01
-1.232356578111648560e-01
-8.938539028167724609e-02
-2.043624594807624817e-02
-5.375839397311210632e-02
-8.541978895664215088e-02
5.390888452529907227e-02
-2.181440144777297974e-01
-2.463027834892272949e-02
-2.507003396749496460e-02
9.242203086614608765e-02
7.300755474716424942e-03
-5.325441434979438782e-02
1.201150417327880859e-01
1.827847026288509369e-02
-2.420843094587326050e-01
5.558865610510110855e-03
3.627599403262138367e-02
2.338652163743972778e-01
1.314836144447326660e-01
-2.414398640394210815e-02
2.439312636852264404e-02
-1.038622483611106873e-01
1.444483697414398193e-01
-1.431564241647720337e-01
2.543171122670173645e-02
1.047021821141242981e-01
6.835709512233734131e-02
6.945336703211069107e-03
4.865378141403198242e-02
-5.354834720492362976e-02
7.042966783046722412e-02
1.517366319894790649e-01
-1.399004459381103516e-01
1.716209761798381805e-02
1.042274385690689087e-01
-7.039597630500793457e-02
-8.468820899724960327e-02
-9.564960747957229614e-02
2.215266823768615723e-01
1.411598920822143555e-01
-7.583606988191604614e-02
-2.252852022647857666e-01
7.408194988965988159e-02
-8.871406316757202148e-02
-1.077530905604362488e-01
3.824550285935401917e-02
-1.703711301088333130e-01
-1.554040610790252686e-01
-3.016685843467712402e-01
-2.727982588112354279e-02
3.612985312938690186e-01
7.971641421318054199e-02
-1.981403678655624390e-01
4.885548725724220276e-02
-2.825302444398403168e-02
-1.245359424501657486e-02
1.335858404636383057e-01
1.384660899639129639e-01
-5.356221273541450500e-02
1.106601431965827942e-01
-1.441312730312347412e-01
7.080172747373580933e-02
1.982665807008743286e-01
-8.468772470951080322e-02
1.364172622561454773e-02
2.212591469287872314e-01
-6.986948661506175995e-03
1.080356091260910034e-01
1.102958992123603821e-02
-2.298264205455780029e-02
-6.578837335109710693e-02
8.795045316219329834e-02
-1.438015550374984741e-01
2.515707351267337799e-02
9.056770801544189453e-02
-3.670443966984748840e-02
-7.393893599510192871e-02
5.731647461652755737e-02
-1.493550240993499756e-01
8.852175623178482056e-02
1.997128687798976898e-02
8.594991639256477356e-03
-1.286699436604976654e-03
-9.979997761547565460e-03
-9.979183226823806763e-02
-8.290369063615798950e-02
8.876699954271316528e-02
-2.041534930467605591e-01
1.836374402046203613e-01
1.922703236341476440e-01
6.635839492082595825e-02
1.164306029677391052e-01
8.767759799957275391e-02
4.098838940262794495e-02
-4.518811777234077454e-02
-1.461497694253921509e-02
-1.853249371051788330e-01
1.170324534177780151e-02
1.403849869966506958e-01
-5.455784127116203308e-02
6.790856271982192993e-02
-1.079021953046321869e-02
