-1.787388175725936890e-01
1.072662770748138428e-01
-2.289408445358276367e-02
-1.371018588542938232e-01
-8.155056834220886230e-02
-4.216211289167404175e-02
-7.409104704856872559e-02
-1.513595879077911377e-01
2.469930946826934814e-01
-1.751253753900527954e-01
1.871525049209594727e-01
-8.477377891540527344e-02
-1.191694289445877075e-01
-2.345131896436214447e-02
-4.644433036446571350e-02
1.584159731864929199e-01
-1.945957541465759277e-01
-1.338881105184555054e-01
-4.334709793329238892e-02
-9.487940371036529541e-02
3.586081787943840027e-02
-6.878968328237533569e-02
1.676518283784389496e-02
1.223324015736579895e-01
-1.436491012573242188e-01
-3.488827347755432129e-01
-9.788223356008529663e-02
-1.411400437355041504e-01
3.506074473261833191e-02
-4.423681646585464478e-02
7.533188909292221069e-02
3.682464361190795898e-02
-3.008993268013000488e-01
-4.173436388373374939e-02
-6.099328026175498962e-02
1.066453903913497925e-01
1.716277748346328735e-02
-2.774594537913799286e-02
1.076757460832595825e-01
-3.974577877670526505e-03
-1.938401460647583008e-01
-6.404229998588562012e-02
7.501146942377090454e-02
2.270713299512863159e-01
1.822457015514373779e-01
6.800407078117132187e-03
1.561440341174602509e-02
-7.977661490440368652e-02
1.471798717975616455e-01
-1.714986711740493774e-01
5.204614251852035522e-03
6.992867588996887207e-02
6.720180809497833252e-02
6.579262670129537582e-03
8.760537952184677124e-02
-1.203480958938598633e-01
6.374651193618774414e-02
1.192182153463363647e-01
-1.806845366954803467e-01
4.596730321645736694e-02
6.064976006746292114e-02
1.178612932562828064e-02
-7.958742231130599976e-02
-4.568498954176902771e-02
3.311005830764770508e-01
1.602979898452758789e-01
-1.083784848451614380e-01
-1.162444353103637695e-01
2.144672423601150513e-01
-8.480684459209442139e-02
4.135974869132041931e-02
8.125606924295425415e-02
-1.329028010368347168e-01
-1.800917387008666992e-01
-2.651890814304351807e-01
3.322665393352508545e-02
4.385366737842559814e-01
7.353650778532028198e-02
-6.672884523868560791e-02
9.600210934877395630e-02
-9.892643243074417114e-02
-2.589044906198978424e-02
1.547113712877035141e-02
9.916066378355026245e-02
-7.431338727474212646e-02
2.489786967635154724e-02
-1.024227309972047806e-02
1.007764562964439392e-01
1.895134449005126953e-01
4.348250105977058411e-03
-7.302382728084921837e-04
1.829819977283477783e-01
-1.127439960837364197e-01
-2.844534069299697876e-02
-4.522107169032096863e-02
1.811157539486885071e-02
-1.818189024925231934e-01
1.644133403897285461e-02
-1.214085668325424194e-01
-6.844224035739898682e-02
5.361074209213256836e-02
-1.977474428713321686e-02
-2.243890240788459778e-02
8.481033146381378174e-02
-2.160049676895141602e-01
8.463091403245925903e-02
-2.801819238811731339e-03
-2.189278975129127502e-02
-1.350852102041244507e-02
5.227203667163848877e-02
-8.862897753715515137e-02
-3.910860046744346619e-02
1.373322755098342896e-01
-2.131531983613967896e-01
2.106976509094238281e-01
1.158216446638107300e-01
2.039891295135021210e-02
1.456514298915863037e-01
8.103931695222854614e-02
4.941361770033836365e-02
3.416505455970764160e-02
1.362774800509214401e-02
-1.527441442012786865e-01
-4.078066442161798477e-03
7.055950164794921875e-02
-9.165289998054504395e-02
5.294739082455635071e-02
-9.470637887716293335e-03
