-7.769978791475296021e-02
4.028926044702529907e-02
5.955507978796958923e-03
-1.472208052873611450e-01
-1.539201885461807251e-01
-1.940205320715904236e-02
-1.118908599019050598e-01
-9.908588230609893799e-02
1.946219950914382935e-01
-1.927524209022521973e-01
2.055623084306716919e-01
-9.488550573587417603e-02
-1.699644029140472412e-01
-2.938992343842983246e-02
-8.361583948135375977e-02
2.191210240125656128e-01
-2.012154310941696167e-01
-1.487963199615478516e-01
2.939784526824951172e-02
4.993832670152187347e-03
7.110101729631423950e-02
5.477828532457351685e-02
1.282412000000476837e-02
7.527273148298263550e-02
-1.128771081566810608e-01
-3.838581442832946777e-01
-9.692814946174621582e-02
-6.357377022504806519e-02
4.103162139654159546e-02
-5.331860482692718506e-02
-2.952919155359268188e-02
8.509217947721481323e-02
-2.390102595090866089e-01
-2.741848677396774292e-02
5.521017313003540039e-02
1.496651917695999146e-01
4.634074494242668152e-02
-1.037008762359619141e-01
1.174795851111412048e-01
3.012247942388057709e-02
-3.386112749576568604e-01
-3.809278085827827454e-02
6.493017077445983887e-02
2.441857606172561646e-01
1.015971377491950989e-01
1.162722054868936539e-02
-1.303963921964168549e-02
-1.397181153297424316e-01
1.091685518622398376e-01
-1.728314608335494995e-01
-1.173267886042594910e-02
9.379299730062484741e-02
-2.630667015910148621e-02
1.911048218607902527e-02
-1.638120412826538086e-02
-1.194011420011520386e-01
1.238010674715042114e-01
1.383150964975357056e-01
-1.966666728258132935e-01
-5.611078813672065735e-03
1.386149227619171143e-01
-1.154827326536178589e-01
5.027240887284278870e-02
-6.660851836204528809e-02
2.342040389776229858e-01
1.041425094008445740e-01
-7.071043550968170166e-02
-2.293460667133331299e-01
9.315845370292663574e-02
-1.858950704336166382e-01
-4.315156862139701843e-02
1.001461446285247803e-01
-9.035475552082061768e-02
-1.640297174453735352e-01
-2.901312708854675293e-01
-5.442025139927864075e-02
3.727075755596160889e-01
1.240579113364219666e-01
-1.101148948073387146e-01
7.925137132406234741e-02
2.078611776232719421e-02
-7.906166836619377136e-03
2.048051208257675171e-01
1.908560693264007568e-01
3.054222650825977325e-02
7.771676033735275269e-02
-8.942062407732009888e-02
1.912076212465763092e-02
3.013711869716644287e-01
-6.016086786985397339e-02
2.585741877555847168e-02
2.153599262237548828e-01
-7.390930503606796265e-02
5.288665741682052612e-02
2.953945100307464600e-02
7.365865260362625122e-02
-1.288824230432510376e-01
8.474124968051910400e-02
-1.002200692892074585e-01
3.461031615734100342e-02
2.150027453899383545e-02
-4.628077894449234009e-02
-1.255216822028160095e-02
1.215816810727119446e-01
-1.882834285497665405e-01
9.098676592111587524e-02
-5.110983550548553467e-02
-3.944063186645507812e-02
1.591443270444869995e-02
-1.200360246002674103e-02
-3.267948329448699951e-02
-8.284065872430801392e-02
1.259067952632904053e-01
-2.025786638259887695e-01
2.235614955425262451e-01
1.883260160684585571e-01
7.871210575103759766e-02
1.613507270812988281e-01
1.138579845428466797e-01
7.890535891056060791e-02
-2.369062416255474091e-02
-8.114183694124221802e-02
-1.995186209678649902e-01
-3.257013112306594849e-02
6.440032273530960083e-02
-9.750314056873321533e-02
9.226628392934799194e-02
-5.347254872322082520e-02
