-3.927263617515563965e-02
3.863704577088356018e-02
1.220244821161031723e-02
-9.095834195613861084e-02
-1.294710785150527954e-01
-5.011651664972305298e-02
-7.239080220460891724e-02
-1.661521941423416138e-01
1.541003286838531494e-01
-8.067151904106140137e-02
2.595407962799072266e-01
-4.876710101962089539e-02
-2.190253734588623047e-01
-9.647061675786972046e-02
-3.192298486828804016e-02
2.002185881137847900e-01
-2.453423142433166504e-01
-1.683442741632461548e-01
2.064010314643383026e-02
5.972474813461303711e-03
6.507109850645065308e-02
1.517067290842533112e-02
8.169535547494888306e-02
7.326585054397583008e-02
-1.874500811100006104e-01
-3.760240674018859863e-01
-9.991821646690368652e-02
-1.190568655729293823e-01
-5.087051913142204285e-02
-1.655686832964420319e-02
-6.796840578317642212e-03
5.545896291732788086e-02
-2.283825278282165527e-01
1.338143646717071533e-02
7.228893786668777466e-02
5.511980131268501282e-02
-1.862251013517379761e-02
-1.113593876361846924e-01
1.852637529373168945e-01
-5.509313195943832397e-04
-2.856700420379638672e-01
-1.779291220009326935e-02
6.044752150774002075e-02
1.961848884820938110e-01
1.540886610746383667e-01
-3.175850585103034973e-02
2.191374264657497406e-02
-8.553852140903472900e-02
9.920316189527511597e-02
-1.793872267007827759e-01
1.824175566434860229e-02
1.115234270691871643e-01
5.908869951963424683e-02
2.060786634683609009e-02
-4.603306204080581665e-02
-1.258562356233596802e-01
-1.045393571257591248e-02
2.075370103120803833e-01
-2.099980413913726807e-01
-4.306898266077041626e-02
7.665883004665374756e-02
-7.645685970783233643e-02
-3.651142120361328125e-02
-1.179117038846015930e-01
2.329086959362030029e-01
1.384991854429244995e-01
-1.597347855567932129e-01
-1.715891361236572266e-01
6.006953492760658264e-02
-1.385241299867630005e-01
-5.528548359870910645e-02
7.449711859226226807e-02
-1.952655017375946045e-01
-2.371606677770614624e-01
-2.923098802566528320e-01
1.334949489682912827e-02
3.758360147476196289e-01
8.726289123296737671e-02
-1.441069096326828003e-01
-1.648847758769989014e-02
1.499987789429724216e-03
6.622440367937088013e-02
7.624525576829910278e-02
1.239446178078651428e-01
-1.772897318005561829e-03
7.296662777662277222e-02
-7.393757998943328857e-02
5.084117129445075989e-02
1.981274038553237915e-01
-9.955383092164993286e-02
-2.532156556844711304e-02
2.515331506729125977e-01
-8.009002357721328735e-02
1.003641933202743530e-01
-1.369431242346763611e-02
1.677937433123588562e-02
-2.789381518959999084e-02
8.036092668771743774e-02
-1.069257184863090515e-01
6.696502119302749634e-02
-2.630390226840972900e-02
2.922871336340904236e-02
3.901963680982589722e-02
1.010368168354034424e-01
-1.099312752485275269e-01
3.938432410359382629e-02
-5.211713723838329315e-03
-2.406277880072593689e-02
-5.303923506289720535e-03
7.483465597033500671e-04
-7.483521848917007446e-02
-1.439331620931625366e-01
8.351819962263107300e-02
-2.651681900024414062e-01
2.021631598472595215e-01
1.785141229629516602e-01
7.619924843311309814e-02
1.554741859436035156e-01
3.711669519543647766e-02
3.769806772470474243e-02
-4.371254146099090576e-02
-4.160510003566741943e-02
-2.023697346448898315e-01
4.250582680106163025e-02
1.534077376127243042e-01
-3.400546312332153320e-02
9.990511834621429443e-02
-6.533323973417282104e-02
