-7.908715307712554932e-02
5.891203507781028748e-02
3.771630302071571350e-02
-1.187911853194236755e-01
-1.609856784343719482e-01
-2.343427762389183044e-02
-8.694274723529815674e-02
-1.117601171135902405e-01
1.624099612236022949e-01
-1.364830136299133301e-01
1.731354296207427979e-01
-7.404019683599472046e-02
-2.760386168956756592e-01
-1.019720658659934998e-01
-6.785524636507034302e-02
2.482250034809112549e-01
-1.709897220134735107e-01
-1.853326410055160522e-01
-1.842054538428783417e-02
1.858759671449661255e-02
1.512122340500354767e-02
-2.623934857547283173e-02
9.640700370073318481e-02
5.255018547177314758e-02
-1.175515055656433105e-01
-4.610916078090667725e-01
-9.383356571197509766e-02
-2.676609344780445099e-02
-6.239708885550498962e-02
-4.159147664904594421e-02
-5.138755962252616882e-02
3.525462374091148376e-02
-1.882714778184890747e-01
-2.265932038426399231e-03
5.163643509149551392e-02
9.219823032617568970e-02
-1.503819786012172699e-02
-1.037763953208923340e-01
1.676979213953018188e-01
8.852887898683547974e-02
-3.368433117866516113e-01
3.419742919504642487e-03
4.643155261874198914e-02
2.743911445140838623e-01
2.120878845453262329e-01
-1.107727759517729282e-03
6.443151086568832397e-02
-1.170757040381431580e-01
1.688519567251205444e-01
-1.819851994514465332e-01
-3.357812762260437012e-02
1.417711824178695679e-01
5.164095759391784668e-02
-5.546299368143081665e-02
1.303941942751407623e-02
-7.090155780315399170e-02
4.023747146129608154e-02
1.837079077959060669e-01
-1.558904349803924561e-01
-3.952089324593544006e-02
1.290346235036849976e-01
-6.751462817192077637e-02
-6.559492647647857666e-02
-1.262304186820983887e-01
2.381587326526641846e-01
8.452454954385757446e-02
-1.668755561113357544e-01
-2.191647589206695557e-01
1.154542863368988037e-01
-1.543074101209640503e-01
-4.570147022604942322e-02
2.341702021658420563e-02
-1.723204851150512695e-01
-1.927124708890914917e-01
-3.010328710079193115e-01
-1.973205059766769409e-02
3.691331744194030762e-01
1.303462982177734375e-01
-1.602863520383834839e-01
4.858251661062240601e-02
-3.711992874741554260e-02
8.239740133285522461e-02
7.436629384756088257e-02
2.144574224948883057e-01
-3.579331189393997192e-02
1.090359091758728027e-01
-1.077701374888420105e-01
-4.327157884836196899e-02
1.983979195356369019e-01
-7.940902560949325562e-02
1.579038798809051514e-03
2.306832522153854370e-01
-1.298248209059238434e-02
1.019751653075218201e-01
1.174098066985607147e-02
-5.182925611734390259e-03
-1.594965159893035889e-01
6.197085231542587280e-02
-1.588763445615768433e-01
-1.893959008157253265e-02
-5.037829279899597168e-03
-3.727630525827407837e-02
5.335639044642448425e-02
7.994181662797927856e-02
-1.669973731040954590e-01
1.330855339765548706e-01
-4.779134318232536316e-02
3.325663879513740540e-02
2.513377740979194641e-02
1.499816030263900757e-02
-5.323534086346626282e-02
-1.115920096635818481e-01
6.832951307296752930e-02
-2.364362627267837524e-01
1.265366077423095703e-01
2.226094007492065430e-01
1.103522777557373047e-01
1.091215834021568298e-01
1.722005158662796021e-01
5.336742848157882690e-02
-1.568983308970928192e-02
4.391996189951896667e-02
-1.585959643125534058e-01
-1.862165704369544983e-02
5.918012186884880066e-02
-7.615704834461212158e-02
1.002073660492897034e-01
-3.979313001036643982e-02
