-8.078593760728836060e-02
1.056500244885683060e-02
3.427905589342117310e-02
-1.205968633294105530e-01
-7.491742074489593506e-02
-6.254196166992187500e-02
-5.640264600515365601e-02
-1.070662215352058411e-01
2.092493027448654175e-01
-1.187455132603645325e-01
2.623156905174255371e-01
-4.454157501459121704e-02
-2.065937668085098267e-01
-9.922492504119873047e-02
-2.920736558735370636e-02
2.243740707635879517e-01
-2.344078123569488525e-01
-1.431231349706649780e-01
-8.738562464714050293e-02
4.062860831618309021e-02
5.651882663369178772e-02
3.341901814565062523e-03
8.488634973764419556e-02
4.015037044882774353e-02
-1.485164016485214233e-01
-4.161493182182312012e-01
-1.134395077824592590e-01
-6.459835171699523926e-02
-3.406514413654804230e-03
-1.761871576309204102e-02
-4.233437776565551758e-02
3.969566524028778076e-02
-2.219617366790771484e-01
-2.564429305493831635e-02
4.666782170534133911e-02
1.301002651453018188e-01
1.454066205769777298e-02
-1.165713816881179810e-01
1.192688643932342529e-01
6.042050197720527649e-03
-3.146608173847198486e-01
-3.220152854919433594e-02
5.717700347304344177e-02
2.303926050662994385e-01
1.554758101701736450e-01
-9.481297805905342102e-03
4.366037994623184204e-02
-1.347931474447250366e-01
1.415230035781860352e-01
-1.834777444601058960e-01
-5.621764063835144043e-02
9.114768356084823608e-02
3.912247344851493835e-02
8.986868895590305328e-03
6.760152522474527359e-03
-6.900015473365783691e-02
5.067884549498558044e-02
1.981405168771743774e-01
-1.797255128622055054e-01
-3.644620254635810852e-02
8.530327677726745605e-02
-9.287208318710327148e-02
-3.614236414432525635e-02
-1.241669654846191406e-01
2.115080654621124268e-01
1.132258325815200806e-01
-1.595382094383239746e-01
-1.767009943723678589e-01
1.029886230826377869e-01
-1.342662870883941650e-01
-2.879583090543746948e-02
1.524532772600650787e-02
-1.630797386169433594e-01
-2.056185901165008545e-01
-3.436172902584075928e-01
-7.968609035015106201e-02
3.605461716651916504e-01
3.132315352559089661e-02
-1.417137533426284790e-01
5.815102159976959229e-02
-4.262404888868331909e-02
4.801014810800552368e-02
8.202293515205383301e-02
1.698100417852401733e-01
-1.487250253558158875e-02
1.381693035364151001e-01
-1.312285214662551880e-01
4.764803126454353333e-02
2.676064670085906982e-01
-1.391866803169250488e-01
9.041102230548858643e-02
2.215681523084640503e-01
-5.360572040081024170e-02
7.265260070562362671e-02
-1.374604925513267517e-02
4.314385354518890381e-02
-9.610190242528915405e-02
8.301439136266708374e-02
-1.467380076646804810e-01
8.478617668151855469e-02
1.209851168096065521e-02
-1.613893732428550720e-02
3.059870190918445587e-02
3.974807634949684143e-02
-1.301611363887786865e-01
5.249287188053131104e-02
4.061871021986007690e-02
-4.526543430984020233e-03
5.484429374337196350e-02
-2.987677976489067078e-02
-5.923122167587280273e-02
-1.707009077072143555e-01
8.870925009250640869e-02
-2.115592062473297119e-01
1.712504923343658447e-01
2.313715666532516479e-01
7.899957150220870972e-02
1.312432140111923218e-01
7.954645901918411255e-02
7.879741489887237549e-02
-5.666095018386840820e-02
1.049167290329933167e-02
-1.880489140748977661e-01
3.088837303221225739e-02
6.298816949129104614e-02
-3.076696395874023438e-02
3.164228051900863647e-02
-4.585854336619377136e-02
