-9.563086926937103271e-02
-1.397494692355394363e-02
-8.088163100183010101e-03
-1.156344711780548096e-01
-1.146505475044250488e-01
-6.699946522712707520e-02
-7.316019386053085327e-02
-9.064549952745437622e-02
2.000937610864639282e-01
-1.821570098400115967e-01
1.802649497985839844e-01
-6.026758626103401184e-02
-2.049101591110229492e-01
-2.890846319496631622e-02
-1.069405078887939453e-01
2.522913217544555664e-01
-2.566365897655487061e-01
-1.856543272733688354e-01
-9.125712327659130096e-03
-1.433606538921594620e-02
9.232677519321441650e-02
3.832940012216567993e-02
-1.392020937055349350e-02
5.082405358552932739e-02
-1.327299028635025024e-01
-3.818486630916595459e-01
-1.168518513441085815e-01
-6.044773012399673462e-02
-8.598561584949493408e-02
1.280456595122814178e-02
3.424977511167526245e-02
1.206225976347923279e-01
-1.903038620948791504e-01
3.710598498582839966e-02
5.801574140787124634e-02
6.874340027570724487e-02
4.128362238407135010e-02
-7.687468826770782471e-02
1.393367201089859009e-01
5.266888067126274109e-03
-2.794480323791503906e-01
-1.163637638092041016e-02
1.069353595376014709e-01
2.417714297771453857e-01
1.103771477937698364e-01
-4.833754152059555054e-03
-2.117655798792839050e-02
-1.144986972212791443e-01
1.351618915796279907e-01
-1.849174797534942627e-01
-5.396198481321334839e-02
1.189539059996604919e-01
2.562321163713932037e-02
1.894516684114933014e-02
5.340762063860893250e-02
-1.083960309624671936e-01
8.429405838251113892e-02
1.302556097507476807e-01
-1.694288402795791626e-01
-4.290807992219924927e-02
3.329209983348846436e-02
-1.048971563577651978e-01
-1.407294999808073044e-02
-1.376054137945175171e-01
2.346009612083435059e-01
7.072809338569641113e-02
-1.081881076097488403e-01
-2.181962728500366211e-01
1.252018958330154419e-01
-1.361133903264999390e-01
-6.844457238912582397e-02
4.239045828580856323e-02
-1.868851482868194580e-01
-2.024350613355636597e-01
-3.361769318580627441e-01
-3.199892491102218628e-02
3.614960014820098877e-01
1.047374755144119263e-01
-1.087771728634834290e-01
1.415112167596817017e-01
5.271668732166290283e-02
2.014207094907760620e-02
1.247932612895965576e-01
1.642328947782516479e-01
-1.178571674972772598e-02
7.527744770050048828e-02
-1.016900911927223206e-01
4.331071674823760986e-02
2.252687066793441772e-01
-8.950784057378768921e-02
-3.246393054723739624e-02
1.800584495067596436e-01
-7.286545634269714355e-02
6.543450802564620972e-02
-3.362590447068214417e-03
-2.204122021794319153e-02
-8.643148839473724365e-02
6.254613399505615234e-02
-1.525092720985412598e-01
3.477264568209648132e-02
3.093119338154792786e-02
3.752110898494720459e-02
-8.372116833925247192e-03
1.044660955667495728e-01
-6.963600963354110718e-02
1.711494475603103638e-02
-3.900107368826866150e-02
-2.310149744153022766e-02
-5.216112732887268066e-02
4.873659834265708923e-02
-1.163222119212150574e-01
-1.005412861704826355e-01
6.445959955453872681e-02
-1.910122483968734741e-01
1.955098509788513184e-01
1.466418057680130005e-01
6.373364478349685669e-02
1.362152993679046631e-01
8.045148104429244995e-02
5.084307491779327393e-02
-7.463436573743820190e-02
8.531518280506134033e-03
-2.084536403417587280e-01
1.242476748302578926e-03
1.405377089977264404e-01
-2.703498862683773041e-02
9.839090704917907715e-02
-4.001535102725028992e-02
