-4.150993376970291138e-02
7.433727383613586426e-02
6.504713743925094604e-02
-1.383700966835021973e-01
-1.423045843839645386e-01
-3.954062238335609436e-02
-7.311421632766723633e-02
-1.389825791120529175e-01
1.750654280185699463e-01
-1.235924065113067627e-01
2.770713567733764648e-01
-2.881545573472976685e-02
-2.259135544300079346e-01
-9.917606413364410400e-02
-6.588955968618392944e-02
2.455874085426330566e-01
-2.562324702739715576e-01
-1.835316121578216553e-01
-2.765116840600967407e-02
2.357069775462150574e-02
5.280858278274536133e-02
-1.546676619909703732e-03
8.469135314226150513e-02
1.373508572578430176e-02
-1.280589550733566284e-01
-4.103954136371612549e-01
-1.131993085145950317e-01
-5.201600492000579834e-02
1.373494695872068405e-02
-1.012008357793092728e-02
-1.992842182517051697e-02
3.234192728996276855e-02
-2.221051901578903198e-01
-2.411815524101257324e-02
3.663614392280578613e-02
8.223652839660644531e-02
2.724385634064674377e-02
-1.433358788490295410e-01
1.172012463212013245e-01
1.486459653824567795e-02
-3.265376985073089600e-01
1.113705337047576904e-02
6.153257936239242554e-02
2.192353904247283936e-01
1.878849267959594727e-01
8.448338136076927185e-03
7.392890751361846924e-02
-1.622645705938339233e-01
9.194532781839370728e-02
-1.381824463605880737e-01
2.154092676937580109e-02
7.940363138914108276e-02
6.712541729211807251e-02
-5.495418794453144073e-03
-1.889039948582649231e-02
-1.346308588981628418e-01
4.575380310416221619e-02
1.566739976406097412e-01
-1.646526902914047241e-01
-4.080187156796455383e-02
1.540483087301254272e-01
-6.059081852436065674e-02
1.214530039578676224e-02
-1.422873288393020630e-01
2.456419020891189575e-01
8.836096525192260742e-02
-1.525492519140243530e-01
-1.992479860782623291e-01
1.171990856528282166e-01
-1.353966295719146729e-01
-6.574872881174087524e-02
3.683785721659660339e-02
-1.763049513101577759e-01
-1.590946763753890991e-01
-3.481326997280120850e-01
-5.420289188623428345e-02
4.006459712982177734e-01
1.082870066165924072e-01
-1.652507483959197998e-01
8.653203956782817841e-03
-4.365542903542518616e-02
8.217143267393112183e-02
1.001243740320205688e-01
2.003790736198425293e-01
-1.147333346307277679e-02
9.765727072954177856e-02
-1.418014317750930786e-01
-8.803816512227058411e-03
2.383293658494949341e-01
-8.960062265396118164e-02
-2.661302499473094940e-02
2.354942262172698975e-01
-4.278457164764404297e-02
7.927010953426361084e-02
3.280082717537879944e-03
4.147734493017196655e-02
-1.021798327565193176e-01
9.430356323719024658e-02
-1.208361536264419556e-01
3.703311085700988770e-02
-4.033497720956802368e-02
-1.156326383352279663e-02
5.992649123072624207e-03
1.095948815345764160e-01
-1.011219546198844910e-01
8.265225589275360107e-02
-1.968573220074176788e-02
4.241617023944854736e-02
1.529006287455558777e-02
4.521226044744253159e-03
-2.931448817253112793e-02
-1.421678662300109863e-01
9.619444608688354492e-02
-2.170267701148986816e-01
1.670437306165695190e-01
2.212900072336196899e-01
9.462928026914596558e-02
1.346345543861389160e-01
1.269972622394561768e-01
1.139095574617385864e-01
-6.214509159326553345e-02
-2.617280930280685425e-02
-2.091089487075805664e-01
1.494616456329822540e-02
4.800595715641975403e-02
-8.810544759035110474e-02
1.458921134471893311e-01
1.221454143524169922e-02
