-1.042716726660728455e-01
3.319052979350090027e-02
4.301036242395639420e-03
-9.141629934310913086e-02
-1.568829864263534546e-01
-4.878313839435577393e-02
-4.439934715628623962e-02
-1.018178537487983704e-01
1.387280523777008057e-01
-1.303678303956985474e-01
2.521649301052093506e-01
-6.739711761474609375e-02
-1.783609986305236816e-01
-8.758736401796340942e-02
-8.130400627851486206e-02
2.224957793951034546e-01
-2.078223824501037598e-01
-1.249139681458473206e-01
3.706654533743858337e-03
-1.867088861763477325e-02
5.434551462531089783e-02
3.313349559903144836e-02
-4.911418538540601730e-03
5.962006375193595886e-02
-8.059199899435043335e-02
-3.485707640647888184e-01
-8.738649636507034302e-02
-1.014837175607681274e-01
1.962439902126789093e-02
-2.642030268907546997e-02
-2.299985848367214203e-03
9.219039231538772583e-02
-1.530481725931167603e-01
-4.299540072679519653e-02
5.414737015962600708e-02
6.016964837908744812e-02
-3.582148626446723938e-02
-4.035873338580131531e-02
1.235021576285362244e-01
-2.381381392478942871e-02
-2.703430950641632080e-01
-2.303601056337356567e-02
1.075505688786506653e-01
2.184667587280273438e-01
1.051852703094482422e-01
3.249064087867736816e-02
1.703135669231414795e-03
-1.298839300870895386e-01
1.065861210227012634e-01
-1.654471606016159058e-01
6.267803721129894257e-03
9.340006113052368164e-02
9.633857011795043945e-02
2.206907048821449280e-02
5.315547436475753784e-02
-8.469942212104797363e-02
3.840835392475128174e-02
1.186855733394622803e-01
-1.636573374271392822e-01
9.246845729649066925e-04
6.628592312335968018e-02
-5.390000343322753906e-02
-2.388047054409980774e-02
-1.270508766174316406e-01
2.125611007213592529e-01
7.817637920379638672e-02
-1.206871718168258667e-01
-1.491661220788955688e-01
1.367131620645523071e-01
-1.358154863119125366e-01
-1.189585253596305847e-01
8.174866437911987305e-02
-1.133323237299919128e-01
-1.888636052608489990e-01
-2.954960465431213379e-01
-2.040572464466094971e-02
3.925855755805969238e-01
1.113572046160697937e-01
-1.182842999696731567e-01
4.908353090286254883e-02
4.605555161833763123e-02
-2.758768014609813690e-02
1.216177120804786682e-01
1.722920686006546021e-01
-1.880600489675998688e-02
1.216926053166389465e-02
-4.497283697128295898e-02
5.108811892569065094e-03
1.753646284341812134e-01
-8.342969417572021484e-02
-1.923508755862712860e-02
1.643639057874679565e-01
-4.838110879063606262e-02
1.050839349627494812e-01
-9.322145953774452209e-03
4.291468486189842224e-02
-6.116525456309318542e-02
7.107037305831909180e-02
-9.714129567146301270e-02
1.164311543107032776e-02
3.868506848812103271e-02
-1.565700024366378784e-02
-4.547120071947574615e-03
8.139154314994812012e-02
-9.190076589584350586e-02
9.722656756639480591e-02
-2.767439465969800949e-03
1.957754418253898621e-02
1.095429528504610062e-02
3.689883649349212646e-02
-4.983254149556159973e-02
-4.865536466240882874e-02
8.550965040922164917e-02
-1.933989524841308594e-01
2.364525645971298218e-01
1.480713486671447754e-01
3.680251911282539368e-02
1.149284839630126953e-01
9.790882468223571777e-02
3.213711455464363098e-02
-1.915532350540161133e-02
-7.924546301364898682e-02
-2.053149342536926270e-01
-4.602866247296333313e-02
1.178594082593917847e-01
-1.137572973966598511e-01
7.825726270675659180e-02
-3.736903518438339233e-02
