-1.415212005376815796e-01
1.602483987808227539e-01
5.279389396309852600e-02
-7.160404324531555176e-02
-1.553116440773010254e-01
-2.504417113959789276e-02
-1.027075052261352539e-01
-1.382723450660705566e-01
1.391277909278869629e-01
-1.482681185007095337e-01
2.337612360715866089e-01
-7.250666618347167969e-02
-1.890549510717391968e-01
-1.174689903855323792e-01
-3.971748426556587219e-02
2.199087291955947876e-01
-2.439287900924682617e-01
-1.172807365655899048e-01
-3.155929967761039734e-02
2.536920085549354553e-02
9.380258619785308838e-02
2.410180866718292236e-02
1.926402747631072998e-02
4.933272674679756165e-02
-7.987805455923080444e-02
-3.934140801429748535e-01
-8.819665759801864624e-02
-7.105960696935653687e-02
6.185841560363769531e-02
-8.130075037479400635e-02
-7.567637413740158081e-02
-4.722250252962112427e-02
-2.100127786397933960e-01
-6.470905989408493042e-02
-1.713773980736732483e-02
9.623134136199951172e-02
-3.671514615416526794e-02
-8.195848017930984497e-02
1.101855188608169556e-01
-3.784972801804542542e-02
-2.326594740152359009e-01
1.850919611752033234e-02
4.163662344217300415e-02
2.134869396686553955e-01
1.429464519023895264e-01
3.940946236252784729e-02
3.410214930772781372e-02
-1.452272981405258179e-01
1.237991601228713989e-01
-1.459652632474899292e-01
-2.244781889021396637e-02
1.304054111242294312e-01
5.495359748601913452e-02
6.131466478109359741e-02
-1.701566390693187714e-03
-1.087346374988555908e-01
5.136254057288169861e-02
1.553861349821090698e-01
-1.751208901405334473e-01
2.334173768758773804e-02
1.179551929235458374e-01
-7.934814691543579102e-02
-2.179123461246490479e-02
-8.736921101808547974e-02
2.506398558616638184e-01
8.415582031011581421e-02
-1.131088659167289734e-01
-1.846399158239364624e-01
7.031673938035964966e-02
-1.497652679681777954e-01
-7.076478749513626099e-02
3.491861745715141296e-03
-1.043744087219238281e-01
-1.767944842576980591e-01
-2.962644398212432861e-01
-1.381205767393112183e-02
3.506048321723937988e-01
1.025917306542396545e-01
-1.706327795982360840e-01
5.154793709516525269e-02
-3.280931338667869568e-02
-1.641555130481719971e-02
1.237112730741500854e-01
1.696881353855133057e-01
-1.249856781214475632e-02
4.591910913586616516e-02
-8.355063199996948242e-02
2.332590520381927490e-02
2.020779997110366821e-01
-8.528439700603485107e-02
7.180422544479370117e-02
2.378839999437332153e-01
-5.628596991300582886e-03
7.343903928995132446e-02
6.470938678830862045e-03
4.893423058092594147e-03
-1.018410474061965942e-01
7.037338614463806152e-02
-4.171884804964065552e-02
5.438905954360961914e-02
2.655555307865142822e-02
-1.040481105446815491e-01
-3.057274501770734787e-03
4.231452941894531250e-02
-1.477560102939605713e-01
1.341554969549179077e-01
6.478491239249706268e-03
5.687984824180603027e-02
3.389848023653030396e-02
-2.281758189201354980e-02
-9.168671816587448120e-02
-8.404050767421722412e-02
1.387849748134613037e-01
-2.243659049272537231e-01
2.656188011169433594e-01
2.222405374050140381e-01
3.868529200553894043e-02
1.571841537952423096e-01
1.183774024248123169e-01
1.203355491161346436e-01
-2.362044714391231537e-02
4.126414656639099121e-03
-1.726887077093124390e-01
-2.309734746813774109e-02
9.526766836643218994e-02
-1.056729257106781006e-01
7.413328438997268677e-02
-1.045844331383705139e-02
