-1.016210839152336121e-01
7.628883421421051025e-02
3.640598803758621216e-02
-1.303841471672058105e-01
-1.839326322078704834e-01
-7.413017004728317261e-02
-6.440229713916778564e-02
-9.451335668563842773e-02
1.870492547750473022e-01
-1.440147459506988525e-01
2.871412336826324463e-01
-4.172778129577636719e-02
-2.064666301012039185e-01
-9.314896911382675171e-02
-5.319796130061149597e-02
2.013198882341384888e-01
-2.417494654655456543e-01
-1.588242501020431519e-01
8.456852287054061890e-03
3.149275481700897217e-02
9.819030016660690308e-02
-3.158594481647014618e-03
1.465146150439977646e-02
1.130230259150266647e-03
-1.240190118551254272e-01
-3.927832245826721191e-01
-1.134464442729949951e-01
-6.628709286451339722e-02
-3.933058120310306549e-03
-7.094211131334304810e-02
1.435736007988452911e-02
1.733051240444183350e-02
-2.248107790946960449e-01
-5.604282766580581665e-02
-9.320817887783050537e-03
1.034056544303894043e-01
-4.697129875421524048e-02
-7.127589732408523560e-02
1.314464509487152100e-01
-1.287303119897842407e-02
-3.130933046340942383e-01
-8.625676855444908142e-03
8.948139846324920654e-02
2.299133986234664917e-01
1.144014224410057068e-01
1.249393215402960777e-03
5.259427428245544434e-02
-1.413685381412506104e-01
9.288956224918365479e-02
-1.748860329389572144e-01
2.628430351614952087e-02
1.007819697260856628e-01
6.644535809755325317e-02
5.577285215258598328e-02
-9.634403511881828308e-03
-7.843679934740066528e-02
7.001534104347229004e-02
1.521498560905456543e-01
-1.904945075511932373e-01
5.453045945614576340e-03
1.849002987146377563e-01
-9.372307360172271729e-02
-5.703939497470855713e-02
-9.619621187448501587e-02
2.476382255554199219e-01
8.612708002328872681e-02
-1.347415000200271606e-01
-2.003383338451385498e-01
7.643916457891464233e-02
-1.586597561836242676e-01
-1.305304020643234253e-01
7.803225517272949219e-02
-1.228797733783721924e-01
-1.823632866144180298e-01
-3.638626039028167725e-01
-1.081218011677265167e-02
4.239361882209777832e-01
7.235276699066162109e-02
-1.101074144244194031e-01
4.907928034663200378e-02
-1.771512627601623535e-02
2.801017835736274719e-03
1.158211380243301392e-01
1.923532932996749878e-01
1.087549142539501190e-02
9.861673414707183838e-02
-1.223037019371986389e-01
6.111572310328483582e-02
2.172709852457046509e-01
-1.018183231353759766e-01
8.043098263442516327e-03
1.866289526224136353e-01
4.968012683093547821e-03
1.206002458930015564e-01
-2.428433857858181000e-03
7.390373945236206055e-02
-5.602669343352317810e-02
6.475607305765151978e-02
-8.658654987812042236e-02
7.026265561580657959e-02
1.964839175343513489e-02
-4.594871401786804199e-02
-4.371891170740127563e-02
5.816160142421722412e-02
-1.018262654542922974e-01
1.364113390445709229e-01
2.250098995864391327e-02
1.456688065081834793e-02
-8.424641564488410950e-03
-1.731979288160800934e-02
-2.583774551749229431e-02
-1.020603328943252563e-01
7.240224629640579224e-02
-2.453858107328414917e-01
2.208731174468994141e-01
1.987238973379135132e-01
6.629708409309387207e-02
1.457819938659667969e-01
1.022409200668334961e-01
6.755103915929794312e-02
-4.742532968521118164e-02
-5.031586810946464539e-02
-2.187305986881256104e-01
-8.044618181884288788e-03
3.337800502777099609e-02
-5.657081678509712219e-02
1.097895205020904541e-01
-2.906481269747018814e-03
