-1.367140561342239380e-01
1.200733035802841187e-01
4.654051363468170166e-02
-1.178954616189002991e-01
-1.124288216233253479e-01
-5.476027261465787888e-03
-1.134551614522933960e-01
-2.065952569246292114e-01
1.816953718662261963e-01
-1.959488242864608765e-01
2.861275374889373779e-01
-6.817178428173065186e-02
-2.193334102630615234e-01
-1.059005260467529297e-01
-6.565601378679275513e-02
2.197992652654647827e-01
-2.557312250137329102e-01
-1.476061344146728516e-01
-2.642865851521492004e-02
-5.956940352916717529e-02
1.521635800600051880e-02
-4.238156601786613464e-02
8.603096008300781250e-02
3.340188413858413696e-02
-8.851094543933868408e-02
-4.003596603870391846e-01
-1.062191277742385864e-01
-1.372916102409362793e-01
-3.937779925763607025e-03
-8.670621551573276520e-03
-3.044544905424118042e-02
-9.933859109878540039e-03
-2.012129575014114380e-01
-1.549161970615386963e-02
-3.382655233144760132e-02
5.256433784961700439e-02
-2.327664755284786224e-02
-6.382829695940017700e-02
1.709574013948440552e-01
-1.412783004343509674e-02
-1.529428064823150635e-01
-3.425960242748260498e-02
6.029494106769561768e-02
1.896944642066955566e-01
1.356299966573715210e-01
4.246446490287780762e-02
2.844893559813499451e-02
-1.752244532108306885e-01
1.220715194940567017e-01
-1.466465890407562256e-01
2.626115828752517700e-02
8.738525211811065674e-02
6.720581650733947754e-02
4.810413345694541931e-02
4.820776730775833130e-02
-1.101054251194000244e-01
5.929642915725708008e-02
1.314914524555206299e-01
-1.906969398260116577e-01
2.839511446654796600e-02
8.727031946182250977e-02
-2.157881669700145721e-02
-9.623143076896667480e-02
-1.162638217210769653e-01
3.440563082695007324e-01
2.067800164222717285e-01
-1.227316856384277344e-01
-1.923573613166809082e-01
1.265286207199096680e-01
-1.088268011808395386e-01
-9.901399165391921997e-02
4.696350544691085815e-02
-1.295703500509262085e-01
-1.681917011737823486e-01
-2.597959339618682861e-01
-1.524543389678001404e-02
3.882302343845367432e-01
1.084972769021987915e-01
-1.967474371194839478e-01
-4.153734445571899414e-02
-3.784233704209327698e-02
-7.538546621799468994e-02
1.294299513101577759e-01
1.306863427162170410e-01
-5.962714552879333496e-02
1.665446907281875610e-04
-6.598776578903198242e-02
-3.212947398424148560e-02
2.022368758916854858e-01
-5.647680908441543579e-02
-3.424390405416488647e-02
2.271603196859359741e-01
-3.048575669527053833e-02
8.159184455871582031e-02
3.634831868112087250e-03
3.763160668313503265e-03
-1.295707523822784424e-01
7.058291882276535034e-02
-1.562642753124237061e-01
-3.648692369461059570e-02
3.430892713367938995e-03
-2.146004512906074524e-02
-4.708541929721832275e-02
1.842243224382400513e-02
-1.161739081144332886e-01
1.004386469721794128e-01
-1.330288499593734741e-02
-2.261056564748287201e-02
-1.092982385307550430e-02
-1.908505521714687347e-02
-1.064178496599197388e-01
-6.955119222402572632e-02
1.563806235790252686e-01
-2.302976995706558228e-01
2.173528522253036499e-01
1.711550503969192505e-01
1.069286614656448364e-01
1.661437451839447021e-01
1.126590818166732788e-01
9.294420480728149414e-02
-3.501254320144653320e-02
5.575625225901603699e-03
-1.897245943546295166e-01
-2.364956587553024292e-02
1.096189320087432861e-01
-8.829277753829956055e-02
9.725305438041687012e-02
-9.585130959749221802e-03
