-8.983609825372695923e-02
1.162643432617187500e-01
8.945117145776748657e-02
-7.568082958459854126e-02
-1.654313653707504272e-01
2.450466528534889221e-02
-3.253407031297683716e-02
-1.165009140968322754e-01
1.580906063318252563e-01
-1.373606920242309570e-01
2.632141709327697754e-01
-2.285767160356044769e-02
-1.885910183191299438e-01
-8.936831355094909668e-02
-7.752819359302520752e-02
2.473982572555541992e-01
-1.849474012851715088e-01
-1.618228554725646973e-01
-2.827476896345615387e-02
2.687702700495719910e-02
6.038696318864822388e-02
9.106367081403732300e-02
1.910269819200038910e-02
-1.141045615077018738e-02
-1.099881976842880249e-01
-3.752762377262115479e-01
-4.474509879946708679e-02
-5.152002722024917603e-02
-9.151861071586608887e-03
-5.297073349356651306e-02
-9.807715192437171936e-03
6.908447295427322388e-02
-1.534711420536041260e-01
2.138958312571048737e-02
5.503760278224945068e-02
8.258573710918426514e-02
-5.894285812973976135e-02
-7.040430605411529541e-02
1.069922596216201782e-01
-3.064949810504913330e-02
-3.483254015445709229e-01
3.395649418234825134e-02
1.067150905728340149e-01
2.084531933069229126e-01
1.762203425168991089e-01
-9.673107415437698364e-03
-1.326784677803516388e-02
-1.737239509820938110e-01
1.147815063595771790e-01
-1.842143833637237549e-01
-1.570544950664043427e-02
9.723325818777084351e-02
4.055922478437423706e-02
5.260486155748367310e-02
4.558531567454338074e-03
-1.247460469603538513e-01
1.634382456541061401e-02
1.625245958566665649e-01
-1.991929113864898682e-01
-2.763337455689907074e-02
8.107352256774902344e-02
-1.101120039820671082e-01
-2.123312279582023621e-02
-1.111135855317115784e-01
1.484619379043579102e-01
9.532092511653900146e-02
-1.444794088602066040e-01
-2.224095314741134644e-01
7.238461077213287354e-02
-1.698945611715316772e-01
-9.833550453186035156e-02
9.198856353759765625e-02
-1.237213686108589172e-01
-2.127880156040191650e-01
-3.011043965816497803e-01
3.749124705791473389e-03
3.946297168731689453e-01
1.121794059872627258e-01
-1.254466176033020020e-01
1.431092899292707443e-02
6.856334209442138672e-02
1.851413212716579437e-02
8.547781407833099365e-02
2.084073871374130249e-01
-2.487154863774776459e-02
-1.262494642287492752e-02
-7.286799699068069458e-02
-9.734318591654300690e-03
1.888716816902160645e-01
-7.749330997467041016e-02
-5.703790113329887390e-03
2.259704172611236572e-01
-5.347763746976852417e-02
7.791230827569961548e-02
-4.166330769658088684e-02
7.982987910509109497e-02
-9.535226225852966309e-02
1.254978030920028687e-01
-1.002956479787826538e-01
-3.340950235724449158e-03
-1.868002489209175110e-02
-4.411682859063148499e-02
2.171874605119228363e-02
1.192890405654907227e-01
-1.239482462406158447e-01
1.559394448995590210e-01
-3.952468931674957275e-02
6.004234030842781067e-02
5.756940692663192749e-02
-6.400062236934900284e-03
3.900623414665460587e-03
-5.181037634611129761e-02
8.700731396675109863e-02
-1.997618377208709717e-01
2.377728521823883057e-01
1.872036457061767578e-01
7.011178880929946899e-02
1.480662673711776733e-01
1.445266306400299072e-01
7.229231297969818115e-02
-1.153712440282106400e-02
-3.119118139147758484e-02
-2.249154448509216309e-01
-5.881361663341522217e-03
9.388948976993560791e-02
-1.184005588293075562e-01
8.013014495372772217e-02
-2.586954087018966675e-02
