-7.975660264492034912e-02
1.279230415821075439e-01
4.471432790160179138e-02
-1.184768974781036377e-01
-1.496749222278594971e-01
1.008798368275165558e-02
-1.589316874742507935e-03
-1.267714649438858032e-01
1.692092567682266235e-01
-1.394627094268798828e-01
3.267410397529602051e-01
-6.541695445775985718e-02
-2.498746365308761597e-01
-9.089630097150802612e-02
-2.168198302388191223e-02
1.836939007043838501e-01
-2.229504287242889404e-01
-1.338655054569244385e-01
-5.731714516878128052e-02
6.070622801780700684e-02
7.542505115270614624e-02
9.744999930262565613e-03
2.583602629601955414e-02
4.738375172019004822e-02
-1.426553726196289062e-01
-4.145416915416717529e-01
-5.439368262887001038e-02
-6.033568829298019409e-02
2.922016382217407227e-02
-7.250984758138656616e-02
-8.717820793390274048e-02
1.094805542379617691e-02
-2.246372997760772705e-01
-6.552587449550628662e-02
-1.909644342958927155e-02
8.245862275362014771e-02
-5.898806080222129822e-02
-7.805874943733215332e-02
1.153983771800994873e-01
-1.587644405663013458e-02
-2.930795252323150635e-01
3.860265761613845825e-02
4.041505977511405945e-02
2.404413968324661255e-01
1.809937655925750732e-01
6.791382329538464546e-04
7.923602126538753510e-03
-1.320563703775405884e-01
1.170894876122474670e-01
-2.289209216833114624e-01
-1.020664162933826447e-02
1.028208211064338684e-01
5.506213754415512085e-02
3.800128400325775146e-02
1.120657473802566528e-02
-4.938155040144920349e-02
3.082091175019741058e-02
1.731956154108047485e-01
-2.270241379737854004e-01
4.555711522698402405e-03
1.184342056512832642e-01
-6.933535635471343994e-02
2.172046899795532227e-02
-9.801562130451202393e-02
1.971213221549987793e-01
7.628107815980911255e-02
-1.152874976396560669e-01
-1.358332931995391846e-01
7.584475725889205933e-02
-1.590894758701324463e-01
-6.593313068151473999e-02
5.225569382309913635e-02
-1.096838638186454773e-01
-2.244606018066406250e-01
-2.801645696163177490e-01
2.391522563993930817e-02
3.944457173347473145e-01
1.261309087276458740e-01
-1.300837248563766479e-01
1.763146929442882538e-02
-1.651606708765029907e-02
-3.298488259315490723e-02
1.494376808404922485e-01
1.141823306679725647e-01
1.744338870048522949e-02
7.844816893339157104e-03
-1.175107881426811218e-01
8.693474531173706055e-02
2.422856241464614868e-01
-9.619873762130737305e-02
6.574721634387969971e-02
2.994914352893829346e-01
-2.274574711918830872e-02
4.916903749108314514e-02
1.415639091283082962e-02
8.429236710071563721e-02
-1.009915024042129517e-01
1.223653182387351990e-01
-9.562190622091293335e-02
8.599232137203216553e-02
2.877971716225147247e-02
-7.932970672845840454e-02
1.557719893753528595e-02
7.823084294795989990e-02
-1.469482928514480591e-01
1.071918308734893799e-01
-1.425065007060766220e-02
3.715735301375389099e-02
8.310678601264953613e-02
-5.826374143362045288e-02
-3.860082477331161499e-02
-1.185305044054985046e-01
8.714546263217926025e-02
-2.515917718410491943e-01
2.031799554824829102e-01
2.000198215246200562e-01
4.040298238396644592e-02
1.002288609743118286e-01
5.442827939987182617e-02
1.677021756768226624e-02
7.257052697241306305e-03
-3.949894011020660400e-02
-2.192881852388381958e-01
-1.205729693174362183e-02
1.097747981548309326e-01
-9.536238014698028564e-02
6.839073449373245239e-02
-3.833995014429092407e-02
