-9.685802459716796875e-02
7.465112209320068359e-02
1.267055049538612366e-02
-1.170796081423759460e-01
-1.544269472360610962e-01
-5.188766121864318848e-02
-1.289177238941192627e-01
-1.304760575294494629e-01
1.447446197271347046e-01
-1.281141787767410278e-01
2.555874288082122803e-01
-2.845436334609985352e-02
-1.653865575790405273e-01
-1.155133843421936035e-01
-4.445063322782516479e-02
2.117948681116104126e-01
-2.106542885303497314e-01
-1.599575430154800415e-01
-2.576283179223537445e-03
3.602363914251327515e-02
8.843098580837249756e-02
1.391511783003807068e-02
7.624016702175140381e-02
5.056151002645492554e-02
-1.443746685981750488e-01
-3.810196518898010254e-01
-1.242936924099922180e-01
-9.666968882083892822e-02
7.408795878291130066e-03
1.210585143417119980e-02
-2.296935021877288818e-02
-6.189831998199224472e-03
-1.906374990940093994e-01
-3.078554570674896240e-02
7.468006759881973267e-02
1.091753244400024414e-01
1.641526445746421814e-02
-1.192353144288063049e-01
1.395084708929061890e-01
-1.695820316672325134e-02
-3.057065606117248535e-01
-1.553821563720703125e-02
7.438926398754119873e-02
1.911793053150177002e-01
1.471317857503890991e-01
3.056948259472846985e-02
4.869098588824272156e-02
-1.742685884237289429e-01
1.261122524738311768e-01
-1.307175457477569580e-01
2.801597490906715393e-02
9.542530030012130737e-02
3.951772302389144897e-02
6.524054333567619324e-03
2.968800440430641174e-02
-1.045424193143844604e-01
1.014665141701698303e-01
1.662093997001647949e-01
-1.864279955625534058e-01
-5.432967841625213623e-02
9.403634816408157349e-02
-2.814971283078193665e-02
-4.743958823382854462e-03
-1.472748368978500366e-01
2.386004775762557983e-01
1.206759959459304810e-01
-1.315801292657852173e-01
-2.259163856506347656e-01
1.101323664188385010e-01
-1.576811075210571289e-01
-1.050703451037406921e-01
9.099674224853515625e-02
-1.433091461658477783e-01
-1.731601953506469727e-01
-3.333061635494232178e-01
-9.028653800487518311e-02
4.127949774265289307e-01
1.234717518091201782e-01
-1.878840625286102295e-01
6.756925024092197418e-03
-1.582902297377586365e-02
-2.608052920550107956e-03
1.323398351669311523e-01
1.652303636074066162e-01
1.407160982489585876e-02
3.430582210421562195e-02
-1.262731552124023438e-01
-5.298591405153274536e-02
2.760489284992218018e-01
-7.843519747257232666e-02
4.184316378086805344e-03
2.026077359914779663e-01
-9.726503863930702209e-03
1.023592650890350342e-01
9.891594760119915009e-03
5.097980424761772156e-02
-1.131005063652992249e-01
8.112050592899322510e-02
-9.868548065423965454e-02
2.920141071081161499e-02
-3.346513956785202026e-02
-1.114767789840698242e-02
-2.986040525138378143e-02
1.056177541613578796e-01
-1.397472769021987915e-01
1.041914820671081543e-01
-9.013575036078691483e-04
5.401636473834514618e-03
-7.488199509680271149e-03
1.831554225645959377e-03
-6.445355713367462158e-02
-1.013277024030685425e-01
1.039117872714996338e-01
-2.076663523912429810e-01
1.971831619739532471e-01
1.887295693159103394e-01
9.790092706680297852e-02
1.401632428169250488e-01
1.235418617725372314e-01
9.015705436468124390e-02
-6.951516866683959961e-02
-4.296856373548507690e-02
-2.407352179288864136e-01
-3.114055283367633820e-02
4.366837441921234131e-02
-1.183652803301811218e-01
1.002603694796562195e-01
-1.333051174879074097e-02
