-7.998327165842056274e-02
2.728638239204883575e-03
6.776370853185653687e-02
-1.535018235445022583e-01
-1.493515521287918091e-01
-6.942845880985260010e-02
-6.909905374050140381e-02
-1.001050919294357300e-01
1.320736706256866455e-01
-1.675717383623123169e-01
2.035129815340042114e-01
-4.117033630609512329e-02
-2.221173495054244995e-01
-5.631938204169273376e-02
-5.551424622535705566e-02
2.581691741943359375e-01
-1.888126432895660400e-01
-1.952304989099502563e-01
-7.033240050077438354e-02
4.867080971598625183e-02
2.681174874305725098e-02
6.602409482002258301e-02
5.621864274144172668e-02
3.206544741988182068e-02
-1.049334555864334106e-01
-3.772930800914764404e-01
-1.183615177869796753e-01
-1.681321486830711365e-02
-8.255738019943237305e-02
-1.985017210245132446e-02
-1.943790912628173828e-02
1.102496683597564697e-01
-2.257174551486968994e-01
2.617897093296051025e-02
3.595286607742309570e-02
1.300140172243118286e-01
-1.054907590150833130e-02
-8.431124687194824219e-02
1.092662289738655090e-01
1.488481648266315460e-02
-3.318632245063781738e-01
1.394312921911478043e-02
6.249312311410903931e-02
2.343850135803222656e-01
1.686221063137054443e-01
2.128127403557300568e-02
1.484244223684072495e-02
-1.037010475993156433e-01
6.923490762710571289e-02
-2.362468093633651733e-01
1.239117793738842010e-02
5.843488126993179321e-02
3.283693268895149231e-02
1.188293099403381348e-02
3.264683485031127930e-02
-1.269053667783737183e-01
7.672296464443206787e-02
1.510651707649230957e-01
-1.654161661863327026e-01
-6.652776896953582764e-02
8.082227408885955811e-02
-9.637054800987243652e-02
3.548245877027511597e-05
-1.597805917263031006e-01
2.620306015014648438e-01
1.224934384226799011e-01
-1.360968053340911865e-01
-1.858388483524322510e-01
9.308577328920364380e-02
-1.663848310708999634e-01
-7.838201522827148438e-02
6.812275946140289307e-02
-1.488240510225296021e-01
-1.508775800466537476e-01
-3.541857004165649414e-01
-4.427959769964218140e-02
3.385501503944396973e-01
1.206327080726623535e-01
-1.674972474575042725e-01
3.758113086223602295e-02
3.895574435591697693e-02
8.287237584590911865e-02
1.047000065445899963e-01
1.306287795305252075e-01
-4.830085113644599915e-02
1.138437464833259583e-01
-1.454313546419143677e-01
8.929030038416385651e-03
2.354466617107391357e-01
-8.846458792686462402e-02
-1.782383024692535400e-02
2.096113562583923340e-01
-2.348365634679794312e-02
6.121283397078514099e-02
2.795341797173023224e-02
1.045610196888446808e-02
-3.896963596343994141e-02
3.493556752800941467e-02
-1.588655412197113037e-01
6.004940345883369446e-02
-3.558712080121040344e-03
-1.252619177103042603e-02
-3.239717334508895874e-02
1.208807379007339478e-01
-7.282352447509765625e-02
9.921216964721679688e-02
-6.178618222475051880e-02
-7.499150466173887253e-03
-3.846917673945426941e-02
2.303010411560535431e-02
-7.096503674983978271e-02
-1.115567237138748169e-01
6.471394002437591553e-02
-2.104169577360153198e-01
1.622776389122009277e-01
1.875918507575988770e-01
1.476243790239095688e-02
1.215820610523223877e-01
9.222970902919769287e-02
1.109906509518623352e-01
-1.245804727077484131e-01
4.537174478173255920e-03
-2.050996422767639160e-01
-2.402029931545257568e-02
1.596677452325820923e-01
-4.392664134502410889e-02
1.537851244211196899e-01
1.485024020075798035e-02
