-1.491223126649856567e-01
-6.884336471557617188e-03
1.934757269918918610e-02
-1.063492819666862488e-01
-1.123275756835937500e-01
-4.409160092473030090e-02
-1.437139958143234253e-01
-1.218478381633758545e-01
1.346808969974517822e-01
-1.709235608577728271e-01
2.245856225490570068e-01
-9.630247950553894043e-02
-1.886686384677886963e-01
-5.043790489435195923e-02
-1.592440754175186157e-01
2.305960506200790405e-01
-2.188386917114257812e-01
-1.502700150012969971e-01
8.148462511599063873e-03
-1.985373720526695251e-02
2.539913542568683624e-02
-2.946054004132747650e-02
-3.019169159233570099e-02
5.831272900104522705e-02
-1.312718689441680908e-01
-3.803201317787170410e-01
-4.873764514923095703e-02
-7.495833933353424072e-02
-1.280405074357986450e-01
-2.692242339253425598e-02
9.862942621111869812e-03
1.018540114164352417e-01
-1.959229707717895508e-01
4.688435792922973633e-02
-8.750864304602146149e-03
1.302502900362014771e-01
3.073392435908317566e-02
-3.898170217871665955e-02
1.567346602678298950e-01
4.515235126018524170e-02
-2.876151800155639648e-01
-1.925434172153472900e-02
1.202028095722198486e-01
2.363875210285186768e-01
1.671694517135620117e-01
1.140023022890090942e-02
-2.933558449149131775e-02
-1.279079467058181763e-01
1.754753440618515015e-01
-1.804855465888977051e-01
2.161878533661365509e-02
1.150034591555595398e-01
8.152849972248077393e-02
-3.388257697224617004e-03
8.608353137969970703e-02
-9.224523603916168213e-02
1.959041878581047058e-02
1.443438977003097534e-01
-1.353588253259658813e-01
-3.226564824581146240e-02
-4.397764801979064941e-03
-4.179451987147331238e-02
-5.838774610310792923e-03
-1.757077574729919434e-01
2.472251951694488525e-01
1.701069623231887817e-01
-8.294926583766937256e-02
-1.725695133209228516e-01
1.825415343046188354e-01
-1.079442426562309265e-01
-1.229019612073898315e-01
9.067944437265396118e-02
-1.363039910793304443e-01
-1.919234097003936768e-01
-3.510188460350036621e-01
-4.399825260043144226e-02
3.206129670143127441e-01
1.216661483049392700e-01
-1.277289390563964844e-01
6.133142858743667603e-02
3.923545032739639282e-02
-8.236264437437057495e-02
1.184883341193199158e-01
1.817175745964050293e-01
3.062590211629867554e-02
4.834795743227005005e-02
-2.733522281050682068e-02
-5.761967971920967102e-03
2.362716943025588989e-01
-2.139556407928466797e-02
-5.174234881997108459e-02
1.391028165817260742e-01
-8.770205825567245483e-02
2.640804275870323181e-02
-3.288407623767852783e-02
-1.053737010806798935e-02
-1.343680620193481445e-01
7.137820869684219360e-02
-1.667826175689697266e-01
-9.133549034595489502e-02
2.339751273393630981e-02
7.014906406402587891e-02
8.217306807637214661e-03
9.242943674325942993e-02
-1.356357932090759277e-01
3.312185034155845642e-02
-2.640832774341106415e-02
-1.157726813107728958e-02
-1.709204167127609253e-03
2.673182822763919830e-02
-2.787022478878498077e-02
-2.587040700018405914e-02
9.981869161128997803e-02
-1.967647522687911987e-01
2.148323208093643188e-01
8.841069787740707397e-02
7.520222663879394531e-02
1.095212623476982117e-01
1.085652932524681091e-01
1.164191775023937225e-02
-4.344132915139198303e-02
-3.343163058161735535e-02
-2.042203992605209351e-01
-1.459127664566040039e-02
8.299957960844039917e-02
-5.095450580120086670e-02
1.377772986888885498e-01
-5.971237085759639740e-03
