-9.848671406507492065e-02
4.228545725345611572e-02
8.979773148894309998e-03
-1.442358195781707764e-01
-1.505237966775894165e-01
-4.040994495153427124e-02
-3.541411086916923523e-02
-7.487207651138305664e-02
1.782466322183609009e-01
-1.577516049146652222e-01
2.431636899709701538e-01
-4.808999598026275635e-02
-2.205262482166290283e-01
-1.141864955425262451e-01
-2.022600546479225159e-02
2.653245031833648682e-01
-2.724103033542633057e-01
-1.815745234489440918e-01
-4.162124916911125183e-02
8.302664384245872498e-03
7.730475068092346191e-02
3.104947973042726517e-05
5.776229128241539001e-02
7.639897614717483521e-02
-1.631615459918975830e-01
-4.125057756900787354e-01
-6.463030725717544556e-02
-6.303560733795166016e-02
-6.236023083329200745e-02
-2.274213917553424835e-02
6.239284761250019073e-03
1.185303255915641785e-01
-2.048201560974121094e-01
-1.594496145844459534e-02
2.855634130537509918e-02
1.137468740344047546e-01
-6.959243677556514740e-03
-8.011403679847717285e-02
1.276171505451202393e-01
1.716314628720283508e-02
-3.356577455997467041e-01
2.824124693870544434e-02
8.778809010982513428e-02
2.457012981176376343e-01
9.006363153457641602e-02
-1.107255741953849792e-02
4.084215313196182251e-02
-1.043359264731407166e-01
1.094449460506439209e-01
-1.973448842763900757e-01
-2.995353192090988159e-03
1.144049763679504395e-01
2.687100321054458618e-02
-2.090021222829818726e-02
4.563713818788528442e-02
-7.682693749666213989e-02
7.554061710834503174e-02
1.403374522924423218e-01
-1.660550236701965332e-01
-3.925827145576477051e-02
9.262524545192718506e-02
-6.989057362079620361e-02
-2.894185110926628113e-02
-1.402412503957748413e-01
2.321379184722900391e-01
1.276951134204864502e-01
-1.100807040929794312e-01
-2.105000317096710205e-01
9.704104065895080566e-02
-8.586177974939346313e-02
-1.234126240015029907e-01
7.616814970970153809e-02
-1.763113886117935181e-01
-1.681023389101028442e-01
-3.135542571544647217e-01
-4.595977813005447388e-02
4.008862972259521484e-01
5.932903289794921875e-02
-1.277667731046676636e-01
8.162273466587066650e-02
-3.220947226509451866e-03
6.482919212430715561e-03
1.185905262827873230e-01
2.040134072303771973e-01
-2.320082858204841614e-03
8.538528531789779663e-02
-1.033663451671600342e-01
7.162052392959594727e-02
2.085298448801040649e-01
-8.465291559696197510e-02
-2.638014964759349823e-02
2.092275023460388184e-01
6.041646003723144531e-03
7.273474335670471191e-02
9.371545165777206421e-03
-1.517830789089202881e-02
-7.403981685638427734e-02
9.542635083198547363e-02
-1.444506198167800903e-01
1.990635320544242859e-02
5.052543058991432190e-02
-1.555034890770912170e-03
-3.363354131579399109e-02
6.279194355010986328e-02
-1.094557121396064758e-01
6.657163053750991821e-02
6.636151112616062164e-03
1.607503369450569153e-02
2.717434056103229523e-02
6.121130660176277161e-02
-8.000447601079940796e-02
-1.068031489849090576e-01
3.695136681199073792e-02
-2.251537740230560303e-01
2.008769661188125610e-01
1.950540840625762939e-01
6.739667803049087524e-02
8.925891667604446411e-02
1.136920526623725891e-01
4.272844642400741577e-02
-2.790840342640876770e-02
-9.105642326176166534e-03
-2.178487479686737061e-01
1.766081200912594795e-03
1.467214971780776978e-01
-6.428072601556777954e-02
9.957992285490036011e-02
-2.696467004716396332e-02
