-1.073452606797218323e-01
1.232142150402069092e-01
5.519545823335647583e-02
-4.596201702952384949e-02
-3.592693433165550232e-02
-3.866295889019966125e-02
-6.824642419815063477e-02
-1.670127213001251221e-01
9.035708010196685791e-02
-1.078610494732856750e-01
3.314402401447296143e-01
-6.621528416872024536e-02
-1.896943747997283936e-01
-1.638039499521255493e-01
-4.778671264648437500e-02
2.058111578226089478e-01
-2.064390033483505249e-01
-1.304126083850860596e-01
-3.840131685137748718e-02
2.428349852561950684e-02
9.590788930654525757e-02
-6.763649731874465942e-02
5.323104560375213623e-02
3.471212834119796753e-02
-7.545553147792816162e-02
-4.045048058032989502e-01
-8.868353068828582764e-02
-6.373195350170135498e-02
4.223115742206573486e-02
2.587416674941778183e-04
-6.219789385795593262e-02
6.496279686689376831e-02
-2.134687751531600952e-01
-3.098792582750320435e-02
-9.386707097291946411e-05
8.770699799060821533e-02
-3.924407064914703369e-04
-9.204465150833129883e-02
1.540583968162536621e-01
-5.957832932472229004e-02
-2.159862220287322998e-01
-2.480943873524665833e-02
6.225140392780303955e-02
2.110981941223144531e-01
1.763002127408981323e-01
7.890739478170871735e-03
4.795779287815093994e-02
-1.148645877838134766e-01
1.064500361680984497e-01
-1.731157749891281128e-01
2.350475452840328217e-02
1.058633774518966675e-01
7.737028598785400391e-02
8.418319374322891235e-02
2.122611925005912781e-02
-1.459650695323944092e-01
3.499919176101684570e-02
1.837122738361358643e-01
-1.271022707223892212e-01
-1.416692323982715607e-02
1.569781824946403503e-02
-5.457872152328491211e-02
-1.971849426627159119e-02
-1.437036097049713135e-01
2.597701549530029297e-01
1.554555296897888184e-01
-1.331642121076583862e-01
-1.566787958145141602e-01
1.196529343724250793e-01
-6.977728754281997681e-02
-4.739147797226905823e-02
3.655783459544181824e-02
-1.756338179111480713e-01
-2.018755823373794556e-01
-2.863005697727203369e-01
5.473349988460540771e-02
3.595238327980041504e-01
1.058403328061103821e-01
-1.944480687379837036e-01
2.062377706170082092e-02
9.121681563556194305e-03
-1.354650501161813736e-02
1.530616134405136108e-01
1.491269469261169434e-01
-2.677213028073310852e-02
2.250671759247779846e-02
-8.077665418386459351e-02
-1.316443365067243576e-02
2.184393107891082764e-01
-5.175214633345603943e-02
-2.846291288733482361e-02
2.179844975471496582e-01
-9.626827389001846313e-02
7.994841039180755615e-02
6.946937181055545807e-03
1.379243750125169754e-02
-4.001227766275405884e-02
1.223561391234397888e-01
-1.445370167493820190e-01
4.207017272710800171e-02
1.906634122133255005e-02
-7.142349332571029663e-02
-3.993315622210502625e-02
7.200868427753448486e-02
-1.102893128991127014e-01
3.054100088775157928e-02
4.832683131098747253e-03
8.745991438627243042e-02
5.279480293393135071e-02
-3.683271631598472595e-02
-8.616878092288970947e-02
-6.543609499931335449e-02
8.893693238496780396e-02
-2.259066998958587646e-01
2.678851783275604248e-01
1.913985013961791992e-01
7.744354754686355591e-02
1.409766525030136108e-01
1.423609107732772827e-01
9.873147308826446533e-02
2.926477044820785522e-02
-4.051008820533752441e-02
-2.113223522901535034e-01
1.766345091164112091e-02
1.660777777433395386e-01
-6.019288301467895508e-02
3.721195831894874573e-02
-3.594552725553512573e-02
