-6.999530643224716187e-02
9.017703682184219360e-02
4.888179153203964233e-02
-1.612487584352493286e-01
-1.084644347429275513e-01
3.790413960814476013e-03
-1.013247817754745483e-01
-1.316896080970764160e-01
1.647140681743621826e-01
-2.215943336486816406e-01
1.812177300453186035e-01
-1.254440546035766602e-01
-2.232638597488403320e-01
-2.912692725658416748e-02
-3.297704830765724182e-02
2.391712069511413574e-01
-2.416887432336807251e-01
-2.104420512914657593e-01
-2.122072130441665649e-02
3.188610449433326721e-02
9.492527693510055542e-02
3.916180878877639771e-02
-2.318334579467773438e-02
9.119684807956218719e-03
-1.506882011890411377e-01
-3.799098432064056396e-01
-1.211024895310401917e-01
-6.313339620828628540e-02
-6.648180074989795685e-03
-1.553818490356206894e-02
-5.707652494311332703e-02
2.886421419680118561e-02
-1.890908479690551758e-01
3.448672592639923096e-02
3.075675480067729950e-02
7.201041281223297119e-02
4.207013547420501709e-02
-9.335920959711074829e-02
1.235131919384002686e-01
1.045623701065778732e-02
-3.146036863327026367e-01
1.400412525981664658e-02
1.179470717906951904e-01
1.983401477336883545e-01
1.480583399534225464e-01
-2.099688537418842316e-02
-8.726645261049270630e-03
-1.104249060153961182e-01
1.328282803297042847e-01
-1.532458513975143433e-01
-3.152441978454589844e-02
9.042742103338241577e-02
6.248425319790840149e-02
6.789337098598480225e-02
6.738802045583724976e-02
-1.414968967437744141e-01
7.323100417852401733e-02
1.536306291818618774e-01
-1.870298236608505249e-01
8.316908031702041626e-03
9.784245491027832031e-02
-1.051917001605033875e-01
-8.050749078392982483e-03
-1.063435822725296021e-01
2.221043258905410767e-01
1.045829206705093384e-01
-8.296709507703781128e-02
-2.919043004512786865e-01
1.234381049871444702e-01
-1.323218941688537598e-01
-9.650763869285583496e-02
4.099295288324356079e-02
-1.674744188785552979e-01
-1.279818862676620483e-01
-2.999459505081176758e-01
-7.008934766054153442e-02
2.976193428039550781e-01
1.142569854855537415e-01
-1.774287372827529907e-01
1.150801256299018860e-01
6.639210879802703857e-02
-8.326407521963119507e-03
1.457356959581375122e-01
1.726512908935546875e-01
2.512791939079761505e-02
8.482184261083602905e-02
-8.518445491790771484e-02
3.326779231429100037e-03
2.456497848033905029e-01
-9.472075849771499634e-02
2.349282614886760712e-02
1.853312700986862183e-01
-7.350034266710281372e-02
7.198955118656158447e-02
6.307412870228290558e-03
-2.387035079300403595e-02
-1.401019692420959473e-01
5.281113833189010620e-02
-1.506813466548919678e-01
9.841476567089557648e-04
-3.111945465207099915e-02
-2.071622759103775024e-03
-3.731132671236991882e-02
1.321944594383239746e-01
-1.119850203394889832e-01
1.071473360061645508e-01
-3.311982005834579468e-02
-5.013799760490655899e-03
-7.204900681972503662e-02
3.206829726696014404e-02
-3.073021396994590759e-02
-4.884892329573631287e-02
8.989802747964859009e-02
-1.947284936904907227e-01
1.874969005584716797e-01
1.765491664409637451e-01
5.399667844176292419e-02
8.672083914279937744e-02
9.925171732902526855e-02
5.008272081613540649e-02
-2.118111215531826019e-02
5.231392383575439453e-02
-2.569177448749542236e-01
-3.453651815652847290e-02
9.621238708496093750e-02
-8.230766654014587402e-02
7.920663058757781982e-02
-8.166811428964138031e-03
