-9.756512194871902466e-02
4.232928901910781860e-02
4.385836794972419739e-02
-1.114470586180686951e-01
-1.263479590415954590e-01
-5.155384913086891174e-02
-5.260174721479415894e-02
-1.465290635824203491e-01
1.264223456382751465e-01
-1.993555873632431030e-01
2.978180646896362305e-01
-1.140318885445594788e-01
-2.046904861927032471e-01
-3.232230246067047119e-02
-9.097639471292495728e-02
1.881464123725891113e-01
-2.128436863422393799e-01
-1.044378727674484253e-01
-3.577741980552673340e-02
1.301642879843711853e-02
4.837314411997795105e-02
-1.684717275202274323e-02
2.883453108370304108e-02
3.325890749692916870e-02
-9.643650799989700317e-02
-3.983395695686340332e-01
-1.296045333147048950e-01
-8.176722377538681030e-02
-2.385671064257621765e-02
-1.688732765614986420e-02
-6.498961895704269409e-02
5.201583728194236755e-02
-2.163522243499755859e-01
-3.381423652172088623e-02
-7.719195447862148285e-03
2.392653934657573700e-02
-2.132570743560791016e-02
-5.006946250796318054e-02
1.531110405921936035e-01
-6.700465455651283264e-03
-2.096147984266281128e-01
-2.982066199183464050e-02
5.030452460050582886e-02
2.324161231517791748e-01
7.779238373041152954e-02
4.362661764025688171e-02
3.068907558917999268e-02
-1.138750910758972168e-01
7.389499992132186890e-02
-1.498019844293594360e-01
3.690686821937561035e-02
9.561896324157714844e-02
5.619367212057113647e-02
3.233443200588226318e-02
2.189286425709724426e-02
-5.677336826920509338e-02
6.599639356136322021e-02
1.811409741640090942e-01
-1.524730175733566284e-01
5.690953135490417480e-02
1.271863430738449097e-01
-7.281818240880966187e-02
-2.374778687953948975e-02
-9.540072828531265259e-02
2.718870639801025391e-01
1.327824592590332031e-01
-1.097420305013656616e-01
-1.450619250535964966e-01
1.080565825104713440e-01
-1.013416126370429993e-01
-8.335070312023162842e-02
-2.407165057957172394e-02
-1.474300324916839600e-01
-2.015766799449920654e-01
-2.851023972034454346e-01
7.873043417930603027e-03
3.699561953544616699e-01
1.139529123902320862e-01
-1.381280422210693359e-01
2.870107442140579224e-02
-4.428122658282518387e-03
-3.227028250694274902e-02
1.937225162982940674e-01
1.256751418113708496e-01
-3.677753359079360962e-02
3.673505783081054688e-02
-6.767208129167556763e-02
5.797451362013816833e-02
2.224012315273284912e-01
-7.277721166610717773e-02
-1.736216992139816284e-02
1.997131705284118652e-01
-9.278110414743423462e-02
2.451238781213760376e-02
9.620958939194679260e-03
9.852374903857707977e-03
-8.485355228185653687e-02
8.188595622777938843e-02
-9.886805713176727295e-02
8.447882533073425293e-02
5.341690033674240112e-02
-6.919254362583160400e-02
-4.763691872358322144e-02
8.064509928226470947e-02
-1.357591450214385986e-01
5.686474591493606567e-02
-4.469071328639984131e-02
-8.719795383512973785e-03
1.685925386846065521e-02
-1.552599575370550156e-02
-1.090556383132934570e-01
-8.479485660791397095e-02
8.731338381767272949e-02
-2.105240076780319214e-01
2.220636010169982910e-01
1.738592535257339478e-01
5.683222785592079163e-02
1.347953975200653076e-01
9.344590455293655396e-02
4.053784161806106567e-02
4.183716140687465668e-03
-7.434278726577758789e-03
-2.288930565118789673e-01
-4.733218625187873840e-02
1.560085713863372803e-01
-3.707533702254295349e-02
1.095976531505584717e-01
-2.959318645298480988e-02
