-7.051018625497817993e-02
3.219418227672576904e-02
1.745642349123954773e-02
-1.014763265848159790e-01
-1.394185870885848999e-01
-3.579215612262487411e-03
-7.361932098865509033e-02
-1.318082511425018311e-01
1.752275824546813965e-01
-1.891523897647857666e-01
2.300190925598144531e-01
-5.323287844657897949e-02
-2.111080586910247803e-01
-7.984410226345062256e-02
-8.189149200916290283e-02
2.226490527391433716e-01
-2.436569482088088989e-01
-1.281479299068450928e-01
-1.646023616194725037e-02
1.337943039834499359e-02
4.112875461578369141e-02
1.215652376413345337e-02
6.257347017526626587e-02
4.185177385807037354e-04
-1.129428371787071228e-01
-3.910639584064483643e-01
-1.120019033551216125e-01
-1.048483327031135559e-01
-3.137953951954841614e-02
-3.260646760463714600e-02
-2.983417361974716187e-02
3.909405320882797241e-02
-1.290901601314544678e-01
8.589599281549453735e-03
7.493477314710617065e-04
3.590585663914680481e-02
-5.339063704013824463e-03
-8.664026856422424316e-02
1.205551549792289734e-01
3.782613575458526611e-02
-2.479010671377182007e-01
-2.107024658471345901e-03
4.006826877593994141e-02
2.031048387289047241e-01
1.486672312021255493e-01
4.570182412862777710e-02
3.551816195249557495e-02
-1.791633814573287964e-01
1.364486068487167358e-01
-1.540655791759490967e-01
-5.590576678514480591e-02
9.369303286075592041e-02
4.495147615671157837e-02
2.478606626391410828e-02
1.143796369433403015e-03
-7.988383620977401733e-02
7.834479957818984985e-02
8.984160423278808594e-02
-1.398746818304061890e-01
1.693334896117448807e-03
9.993982315063476562e-02
-4.533733427524566650e-02
-3.731940314173698425e-02
-8.976631611585617065e-02
2.344266623258590698e-01
6.423789262771606445e-02
-1.361314207315444946e-01
-1.618734151124954224e-01
9.110832214355468750e-02
-1.507168412208557129e-01
-1.148147806525230408e-01
1.712795905768871307e-02
-1.554852277040481567e-01
-2.125139385461807251e-01
-2.722308933734893799e-01
-6.253055483102798462e-02
3.457814157009124756e-01
1.268659085035324097e-01
-1.504865586757659912e-01
1.862792298197746277e-02
-2.376428619027137756e-02
2.380698919296264648e-02
1.266500055789947510e-01
2.091185748577117920e-01
-1.407675258815288544e-02
2.948134951293468475e-02
-8.916088938713073730e-02
-3.379552066326141357e-02
2.072068303823471069e-01
-1.291544288396835327e-01
6.388819776475429535e-03
2.416889071464538574e-01
-2.312017418444156647e-02
1.132250502705574036e-01
-1.861106604337692261e-02
2.668755315244197845e-02
-1.026581004261970520e-01
1.044166088104248047e-01
-7.490458339452743530e-02
1.058375090360641479e-02
6.268250942230224609e-02
-2.570359781384468079e-02
1.173404604196548462e-02
5.835569649934768677e-02
-1.222403049468994141e-01
1.323943138122558594e-01
-4.262693226337432861e-02
3.455966338515281677e-02
6.800615787506103516e-02
-1.537122949957847595e-02
-5.103573575615882874e-02
-8.409791439771652222e-02
1.179336309432983398e-01
-1.928915083408355713e-01
1.613498926162719727e-01
2.330134958028793335e-01
7.871276140213012695e-02
1.386925578117370605e-01
1.244793757796287537e-01
9.468092024326324463e-02
-6.442207843065261841e-02
1.650717854499816895e-02
-2.189597785472869873e-01
-1.745121553540229797e-02
6.005413830280303955e-02
-6.765159964561462402e-02
4.647577181458473206e-02
-3.689015656709671021e-02
