-1.421138048171997070e-01
-3.352463245391845703e-03
5.859471112489700317e-02
-1.284778416156768799e-01
-1.195046007633209229e-01
-4.062189906835556030e-02
-7.911063730716705322e-02
-1.072028577327728271e-01
1.540013700723648071e-01
-1.892540901899337769e-01
2.173981964588165283e-01
-8.549939841032028198e-02
-2.099568694829940796e-01
-7.638614624738693237e-02
-6.744728237390518188e-02
2.087703645229339600e-01
-2.078682929277420044e-01
-1.606009453535079956e-01
5.401620641350746155e-03
-2.636662125587463379e-02
5.838271975517272949e-02
1.738092163577675819e-03
6.332878489047288895e-03
-6.141799502074718475e-03
-1.303582191467285156e-01
-4.096775949001312256e-01
-1.071970164775848389e-01
-9.751934558153152466e-02
6.624799966812133789e-02
1.198299136012792587e-02
-3.893812745809555054e-02
1.713283173739910126e-02
-1.960838735103607178e-01
-5.584832280874252319e-03
2.215957082808017731e-02
1.109355688095092773e-01
4.996133968234062195e-02
-5.774853751063346863e-02
1.562060713768005371e-01
6.066764891147613525e-02
-2.737921774387359619e-01
-1.586085557937622070e-02
4.360072314739227295e-02
2.010147273540496826e-01
7.917696237564086914e-02
8.471826463937759399e-02
4.500634223222732544e-02
-1.483663022518157959e-01
1.160433888435363770e-01
-1.241285651922225952e-01
3.769839555025100708e-02
1.002270281314849854e-01
6.680770963430404663e-02
3.081482648849487305e-02
1.933720335364341736e-02
-1.271306425333023071e-01
9.655433148145675659e-02
8.896546065807342529e-02
-2.074378579854965210e-01
2.073522098362445831e-02
1.177708357572555542e-01
-5.224435776472091675e-02
-1.633599027991294861e-02
-8.362650126218795776e-02
2.441216707229614258e-01
6.276623159646987915e-02
-8.561348170042037964e-02
-2.048165351152420044e-01
1.822037249803543091e-01
-1.361393481492996216e-01
-8.234526962041854858e-02
4.314648360013961792e-02
-1.215089485049247742e-01
-1.363051682710647583e-01
-2.864435911178588867e-01
-7.926363497972488403e-03
4.127004444599151611e-01
1.419257372617721558e-01
-1.448104381561279297e-01
5.902830883860588074e-02
-3.393702954053878784e-02
-5.679232627153396606e-02
1.652826368808746338e-01
1.612166166305541992e-01
9.733369573950767517e-03
5.801490694284439087e-02
-5.789918825030326843e-02
-4.039714857935905457e-02
2.295954078435897827e-01
-6.197843328118324280e-02
-2.467319834977388382e-03
1.457181423902511597e-01
-1.294433325529098511e-02
1.102653592824935913e-01
-9.413321502506732941e-03
-4.478925373405218124e-03
-1.389813721179962158e-01
8.144015073776245117e-02
-7.733497023582458496e-02
-2.637689933180809021e-02
1.754821278154850006e-02
-1.883599162101745605e-02
1.294875703752040863e-02
7.432639598846435547e-02
-1.647936999797821045e-01
1.548795700073242188e-01
-1.024987734854221344e-02
-5.078506097197532654e-02
-8.093958720564842224e-03
6.123250722885131836e-02
-4.631907492876052856e-02
-7.019279152154922485e-02
9.453564882278442383e-02
-2.215544134378433228e-01
2.294290363788604736e-01
2.409291863441467285e-01
1.176491379737854004e-01
1.570541262626647949e-01
1.319350153207778931e-01
6.235519796609878540e-02
-3.813496790826320648e-03
1.392562780529260635e-02
-2.192948907613754272e-01
-8.098231256008148193e-02
4.838849976658821106e-02
-9.055042266845703125e-02
1.077896356582641602e-01
2.586163952946662903e-02
