-7.912933826446533203e-02
1.827892847359180450e-02
-3.508804831653833389e-03
-1.231786832213401794e-01
-1.478295475244522095e-01
-6.214512139558792114e-02
-9.110721200704574585e-02
-6.053905561566352844e-02
1.550458967685699463e-01
-1.661371290683746338e-01
2.183686345815658569e-01
-8.271151036024093628e-02
-2.282887250185012817e-01
-4.978454485535621643e-02
-3.449236229062080383e-02
2.808397114276885986e-01
-2.324967980384826660e-01
-1.838857382535934448e-01
-6.750726699829101562e-02
7.340785115957260132e-03
9.002445638179779053e-02
3.827629238367080688e-02
1.307325065135955811e-02
7.305040955543518066e-02
-1.205066740512847900e-01
-4.106448888778686523e-01
-7.408956438302993774e-02
-4.823630303144454956e-02
-7.232584804296493530e-02
-2.280040644109249115e-02
-1.867952197790145874e-02
9.681519865989685059e-02
-1.890060603618621826e-01
4.885498434305191040e-03
6.465597450733184814e-02
1.137944236397743225e-01
2.705447934567928314e-02
-9.072190523147583008e-02
1.473835408687591553e-01
4.985461011528968811e-03
-3.615325689315795898e-01
2.991969510912895203e-02
1.185996904969215393e-01
2.058238089084625244e-01
1.439903229475021362e-01
8.169971406459808350e-03
-3.729235380887985229e-03
-1.209565475583076477e-01
1.288775354623794556e-01
-2.572082281112670898e-01
8.216630667448043823e-04
1.254964768886566162e-01
4.328896850347518921e-02
5.447648093104362488e-02
7.485784124583005905e-03
-8.843575417995452881e-02
1.018309891223907471e-01
1.722767353057861328e-01
-2.591178417205810547e-01
-6.443484127521514893e-02
1.156632676720619202e-01
-9.706513583660125732e-02
4.227559082210063934e-03
-1.242465004324913025e-01
2.222802788019180298e-01
1.463866531848907471e-01
-1.321946829557418823e-01
-2.029460668563842773e-01
9.704167395830154419e-02
-1.758688241243362427e-01
-7.677741348743438721e-02
1.032881215214729309e-01
-1.515009850263595581e-01
-2.165865451097488403e-01
-3.452290296554565430e-01
-3.868474438786506653e-02
3.692158162593841553e-01
1.315910816192626953e-01
-1.332036554813385010e-01
2.399294078350067139e-02
3.366301208734512329e-02
1.644002646207809448e-02
1.386546194553375244e-01
1.358737349510192871e-01
2.274509705603122711e-02
1.178716029971837997e-02
-1.086006090044975281e-01
4.453027248382568359e-02
2.607051432132720947e-01
-6.591380387544631958e-02
-6.813502870500087738e-03
2.224493920803070068e-01
2.165289595723152161e-02
6.473722308874130249e-02
2.100936137139797211e-03
9.887211769819259644e-02
-5.360925197601318359e-02
2.429960481822490692e-02
-1.526783704757690430e-01
7.702768594026565552e-02
-5.570945143699645996e-02
1.203229185193777084e-02
-4.231255874037742615e-02
6.985003501176834106e-02
-9.424498677253723145e-02
9.513378143310546875e-02
-3.907958045601844788e-02
-3.517802804708480835e-02
-6.485192477703094482e-02
2.096475288271903992e-02
-3.728069365024566650e-02
-9.243821352720260620e-02
5.446827039122581482e-02
-2.035805284976959229e-01
1.798528134822845459e-01
1.932846307754516602e-01
8.505353331565856934e-02
1.289882510900497437e-01
3.883940353989601135e-02
6.168137863278388977e-02
-7.744384557008743286e-02
-9.609679877758026123e-02
-2.350646406412124634e-01
-3.504116088151931763e-02
1.166270896792411804e-01
-4.419809579849243164e-02
9.933514147996902466e-02
-1.486039068549871445e-02
