-1.746239066123962402e-01
8.511010557413101196e-02
2.028938382863998413e-02
-8.712051063776016235e-02
-1.410506963729858398e-01
-1.253558136522769928e-02
-6.565022468566894531e-02
-1.754803657531738281e-01
1.154691204428672791e-01
-1.314602345228195190e-01
2.563774585723876953e-01
-7.880097627639770508e-02
-1.881942451000213623e-01
-1.055638641119003296e-01
-7.297810912132263184e-02
2.324165552854537964e-01
-2.091053277254104614e-01
-1.620368063449859619e-01
-1.768085733056068420e-02
-1.216474920511245728e-03
6.822881847620010376e-02
3.232148662209510803e-02
-3.334645647555589676e-03
6.249147653579711914e-02
-1.270709633827209473e-01
-3.542465865612030029e-01
-8.371084183454513550e-02
-7.809080183506011963e-02
2.436444535851478577e-02
-4.058569297194480896e-02
-5.986025556921958923e-02
6.286052614450454712e-02
-1.786256134510040283e-01
-4.925817251205444336e-03
2.963428571820259094e-02
1.134001314640045166e-01
-2.522992901504039764e-02
-4.791533201932907104e-02
1.010825857520103455e-01
-3.821904584765434265e-02
-2.547472715377807617e-01
-1.846326980739831924e-03
1.061989516019821167e-01
2.222069948911666870e-01
1.605173051357269287e-01
-1.596119068562984467e-02
2.625188045203685760e-02
-1.626484245061874390e-01
1.157752871513366699e-01
-1.423090398311614990e-01
-3.338728100061416626e-02
1.083001717925071716e-01
5.431771278381347656e-02
5.885259807109832764e-02
8.291248232126235962e-03
-1.152660697698593140e-01
1.762135326862335205e-02
1.427745521068572998e-01
-1.440289914608001709e-01
2.046404592692852020e-02
7.622297853231430054e-02
-9.194552898406982422e-02
-1.942514628171920776e-02
-1.245833858847618103e-01
2.040506899356842041e-01
9.964109212160110474e-02
-1.199285611510276794e-01
-2.233118414878845215e-01
8.675938844680786133e-02
-1.497770845890045166e-01
-1.167950257658958435e-01
4.523310810327529907e-02
-1.426867842674255371e-01
-1.778437495231628418e-01
-3.460142016410827637e-01
-2.601351588964462280e-02
3.379796445369720459e-01
9.444798529148101807e-02
-1.347512602806091309e-01
8.003470301628112793e-02
2.829253114759922028e-02
-1.763154752552509308e-02
1.030400991439819336e-01
1.611234992742538452e-01
-3.852355480194091797e-02
4.462750628590583801e-02
-9.661678224802017212e-02
1.815054938197135925e-02
2.268297225236892700e-01
-7.271861284971237183e-02
3.318380564451217651e-02
1.921560168266296387e-01
-5.951585993170738220e-02
8.435281366109848022e-02
1.023043133318424225e-02
7.257005572319030762e-02
-1.223355084657669067e-01
6.280579417943954468e-02
-8.643207699060440063e-02
-5.345590412616729736e-03
3.714403137564659119e-04
-4.960759729146957397e-02
3.618603944778442383e-02
9.827515482902526855e-02
-1.018070280551910400e-01
1.293522864580154419e-01
-2.757811732590198517e-02
7.337548583745956421e-02
-8.568502031266689301e-03
-8.105945773422718048e-03
-5.203779041767120361e-02
-4.509449377655982971e-02
9.799815714359283447e-02
-1.722700893878936768e-01
2.311296761035919189e-01
1.677443981170654297e-01
7.464169710874557495e-02
1.160708218812942505e-01
1.472573280334472656e-01
5.978678911924362183e-02
-5.942673236131668091e-02
2.072827517986297607e-02
-1.836226284503936768e-01
8.138825185596942902e-03
1.090787202119827271e-01
-1.055399104952812195e-01
8.395317941904067993e-02
-7.434139028191566467e-03
