-5.978849902749061584e-02
7.227259874343872070e-02
5.757388472557067871e-02
-1.252191364765167236e-01
-1.200967133045196533e-01
-7.597106695175170898e-02
-5.384919792413711548e-02
-1.083730459213256836e-01
1.873625516891479492e-01
-1.678225398063659668e-01
2.823472619056701660e-01
-1.139531806111335754e-01
-1.916132122278213501e-01
-8.431664854288101196e-02
-4.194742068648338318e-02
2.171663343906402588e-01
-2.052814811468124390e-01
-1.285733878612518311e-01
-9.262224659323692322e-03
2.553057111799716949e-02
8.305352926254272461e-02
-4.969146847724914551e-02
3.447343036532402039e-02
5.652976781129837036e-02
-9.328683465719223022e-02
-4.251605272293090820e-01
-1.088728010654449463e-01
-5.664609745144844055e-02
-7.598076015710830688e-03
-2.435652539134025574e-02
-1.713507622480392456e-02
6.623290479183197021e-02
-2.240093946456909180e-01
-4.227636381983757019e-02
2.091909572482109070e-02
1.006680354475975037e-01
-2.766913734376430511e-02
-1.028686687350273132e-01
1.375506371259689331e-01
-3.206297010183334351e-02
-2.458756268024444580e-01
-9.910121560096740723e-03
2.610363066196441650e-02
2.127421647310256958e-01
9.524803608655929565e-02
2.691402658820152283e-02
4.571664333343505859e-02
-1.270916759967803955e-01
1.312457174062728882e-01
-1.754983961582183838e-01
-2.014522626996040344e-02
9.099513292312622070e-02
4.385139420628547668e-02
4.914661124348640442e-02
-4.548422992229461670e-03
-8.617597818374633789e-02
9.709812700748443604e-02
1.834361553192138672e-01
-2.157106697559356689e-01
-1.138357538729906082e-02
1.036661043763160706e-01
-9.483227878808975220e-02
-4.192832484841346741e-02
-1.209840178489685059e-01
2.710385620594024658e-01
1.643337756395339966e-01
-1.236565783619880676e-01
-1.805917024612426758e-01
8.829720318317413330e-02
-1.304910331964492798e-01
-3.646944835782051086e-02
3.318636864423751831e-02
-1.377768963575363159e-01
-1.821439713239669800e-01
-2.527882754802703857e-01
-1.869793981313705444e-02
3.626199066638946533e-01
1.017952859401702881e-01
-1.537031680345535278e-01
1.162564475089311600e-02
-1.407376024872064590e-02
4.182364046573638916e-02
1.445484161376953125e-01
1.431505531072616577e-01
-1.541990134865045547e-02
5.997885763645172119e-02
-8.857793360948562622e-02
2.749894931912422180e-02
2.188116163015365601e-01
-1.007317751646041870e-01
1.018475834280252457e-02
2.251753807067871094e-01
-5.907706171274185181e-02
1.023817807435989380e-01
-2.393951825797557831e-02
-3.274918347597122192e-02
-7.769376039505004883e-02
1.119286194443702698e-01
-9.838871657848358154e-02
7.086904346942901611e-02
2.249914221465587616e-02
-3.641783446073532104e-02
-2.106069028377532959e-02
4.300466552376747131e-02
-1.507624387741088867e-01
8.976346254348754883e-02
-2.623295411467552185e-02
3.282500803470611572e-02
3.155905380845069885e-02
-6.198525894433259964e-03
-6.879275292158126831e-02
-9.288745373487472534e-02
8.477056771516799927e-02
-2.436205595731735229e-01
2.325191646814346313e-01
1.919572502374649048e-01
6.425826996564865112e-02
1.506810635328292847e-01
8.210098743438720703e-02
6.708018481731414795e-02
-5.240102298557758331e-03
-5.418843030929565430e-02
-2.059792429208755493e-01
9.659831412136554718e-03
1.196050345897674561e-01
-4.698901623487472534e-02
7.660999894142150879e-02
-6.282409280538558960e-02
