-2.769032865762710571e-02
1.777012087404727936e-02
3.477941825985908508e-02
-1.509547978639602661e-01
-8.444157987833023071e-02
-4.512748494744300842e-02
-6.419429183006286621e-02
-1.017788425087928772e-01
1.528582274913787842e-01
-1.731107831001281738e-01
2.355367690324783325e-01
-3.427086770534515381e-02
-2.115406841039657593e-01
-8.201128989458084106e-02
-3.610089793801307678e-02
2.296032607555389404e-01
-2.643936276435852051e-01
-1.407250463962554932e-01
-5.995991453528404236e-02
2.253379672765731812e-02
2.685921825468540192e-02
2.401975169777870178e-02
6.388173252344131470e-02
7.292181253433227539e-02
-5.968019738793373108e-02
-4.218512773513793945e-01
-7.442952692508697510e-02
-9.348659962415695190e-02
-2.087276056408882141e-02
-1.711508259177207947e-02
-6.939226388931274414e-02
6.013884395360946655e-02
-2.012077718973159790e-01
2.083944529294967651e-02
4.910669103264808655e-02
8.900456875562667847e-02
-2.240842580795288086e-02
-5.797776952385902405e-02
1.570387184619903564e-01
6.620009243488311768e-02
-2.489553540945053101e-01
1.980565488338470459e-03
5.627709999680519104e-02
2.510039806365966797e-01
2.214794009923934937e-01
3.265524655580520630e-02
4.491496831178665161e-03
-9.759323298931121826e-02
1.198952198028564453e-01
-2.505827844142913818e-01
5.329925939440727234e-02
7.275694608688354492e-02
1.131516993045806885e-01
4.343418031930923462e-02
4.323838651180267334e-02
-1.288973093032836914e-01
3.878062590956687927e-02
2.016559094190597534e-01
-2.255985289812088013e-01
4.566527903079986572e-02
6.484402716159820557e-02
-1.321377754211425781e-01
-3.759119287133216858e-02
-9.945521503686904907e-02
2.841372191905975342e-01
1.479841172695159912e-01
-1.669194549322128296e-01
-1.669407784938812256e-01
9.629555046558380127e-02
-1.657271087169647217e-01
-8.054824918508529663e-02
6.437194067984819412e-03
-1.453707367181777954e-01
-1.966144442558288574e-01
-2.983123362064361572e-01
3.122553229331970215e-03
3.003590404987335205e-01
1.892652213573455811e-01
-1.959896385669708252e-01
6.497342605143785477e-03
9.303822182118892670e-03
2.407888323068618774e-02
1.402618736028671265e-01
1.783073693513870239e-01
-1.910953782498836517e-02
3.283224999904632568e-02
-7.622337341308593750e-02
-5.503427237272262573e-04
1.576308310031890869e-01
-7.751647382974624634e-02
-6.587704643607139587e-03
2.634622752666473389e-01
-9.025427699089050293e-02
6.855691969394683838e-02
-3.145861998200416565e-02
-4.008330032229423523e-02
-8.812026679515838623e-02
7.042867690324783325e-02
-1.794234961271286011e-01
-6.533907260745763779e-03
-4.016758501529693604e-02
-9.670489467680454254e-03
1.191337313503026962e-02
7.712507247924804688e-02
-1.382319629192352295e-01
5.180117115378379822e-02
-6.690519303083419800e-02
-3.279235586524009705e-02
3.328644856810569763e-02
-1.633638329803943634e-02
-6.901011615991592407e-02
-1.291858255863189697e-01
7.988598197698593140e-02
-2.451336979866027832e-01
2.176700085401535034e-01
2.378585338592529297e-01
1.088866144418716431e-01
1.522787958383560181e-01
7.355131953954696655e-02
5.053251236677169800e-02
6.908480077981948853e-03
-3.891729563474655151e-02
-2.186510413885116577e-01
3.121294453740119934e-02
1.376526057720184326e-01
-2.480164915323257446e-02
9.247203171253204346e-02
-3.743057698011398315e-02
