-1.039073541760444641e-01
6.986793130636215210e-02
4.400141164660453796e-02
-9.243866056203842163e-02
-1.750084608793258667e-01
-2.268702909350395203e-02
-8.389642462134361267e-03
-1.524363011121749878e-01
1.721336543560028076e-01
-1.695508360862731934e-01
2.416141927242279053e-01
-1.185342371463775635e-01
-1.976979672908782959e-01
-2.944155596196651459e-02
-8.827660977840423584e-02
2.472947239875793457e-01
-2.279779016971588135e-01
-1.531445980072021484e-01
-7.777306437492370605e-02
-2.274357154965400696e-02
4.838394001126289368e-02
3.972177952527999878e-02
3.374447114765644073e-03
4.028787091374397278e-02
-1.489127129316329956e-01
-3.534926474094390869e-01
-3.893479704856872559e-02
-9.612655639648437500e-02
2.642916887998580933e-02
-4.904814064502716064e-03
-2.332280576229095459e-02
8.283276110887527466e-02
-1.713475435972213745e-01
-5.799391120672225952e-02
4.557891190052032471e-02
4.506186395883560181e-02
1.933856122195720673e-02
-8.853299915790557861e-02
1.319853514432907104e-01
-2.506143972277641296e-02
-3.303382694721221924e-01
1.284653134644031525e-02
1.292399019002914429e-01
2.515776753425598145e-01
1.297600418329238892e-01
-4.225638136267662048e-02
5.479754880070686340e-03
-1.508628875017166138e-01
1.630622744560241699e-01
-1.885865777730941772e-01
-5.117305368185043335e-02
4.344960302114486694e-02
-9.351228363811969757e-04
3.930062055587768555e-02
4.634084552526473999e-02
-9.147935360670089722e-02
8.554734289646148682e-02
1.444852650165557861e-01
-1.840544939041137695e-01
3.082134947180747986e-02
1.691624820232391357e-01
-9.816397726535797119e-02
-1.553812623023986816e-02
-1.124397069215774536e-01
1.900663375854492188e-01
7.008635997772216797e-02
-8.880262076854705811e-02
-2.113244384527206421e-01
8.006989955902099609e-02
-1.406421512365341187e-01
-9.888799488544464111e-02
4.741901159286499023e-02
-1.096630990505218506e-01
-1.438803225755691528e-01
-3.187048435211181641e-01
-4.216750711202621460e-02
4.534826278686523438e-01
1.064575240015983582e-01
-1.387752145528793335e-01
6.592044979333877563e-02
4.709128662943840027e-02
-7.864248007535934448e-03
1.893405169248580933e-01
1.805831938982009888e-01
7.538085803389549255e-03
3.861283138394355774e-02
-7.500746101140975952e-02
1.741457916796207428e-02
2.397945225238800049e-01
-6.165266409516334534e-02
6.916433572769165039e-03
2.283232659101486206e-01
-4.405315592885017395e-02
1.327997073531150818e-02
2.768702246248722076e-02
6.961981207132339478e-02
-1.682885289192199707e-01
9.452532231807708740e-02
-1.211166307330131531e-01
2.532059699296951294e-02
5.944509059190750122e-02
-4.354272782802581787e-02
3.283468633890151978e-02
7.258541882038116455e-02
-1.435641348361968994e-01
1.403918862342834473e-01
-5.030594021081924438e-02
5.416075512766838074e-02
3.997968137264251709e-02
-2.348668174818158150e-03
-2.105714380741119385e-02
-1.389169692993164062e-02
1.048231571912765503e-01
-1.697624325752258301e-01
1.933857947587966919e-01
1.481728702783584595e-01
7.980839163064956665e-02
1.111939176917076111e-01
1.145533397793769836e-01
1.349512394517660141e-02
-2.160911634564399719e-02
5.243939161300659180e-02
-2.065109908580780029e-01
-5.257247760891914368e-02
1.002939492464065552e-01
-1.295440196990966797e-01
1.073170751333236694e-01
-1.573006995022296906e-02
