-1.373968571424484253e-01
-6.672075949609279633e-03
1.984809711575508118e-02
-1.166127324104309082e-01
-1.578969359397888184e-01
-4.382884874939918518e-02
-2.990475669503211975e-02
-1.770508140325546265e-01
1.672386527061462402e-01
-1.668410152196884155e-01
2.744437158107757568e-01
-9.695938229560852051e-02
-2.111030369997024536e-01
-6.061141937971115112e-02
-6.112668290734291077e-02
2.481839209794998169e-01
-2.231271564960479736e-01
-1.446993201971054077e-01
-2.983479574322700500e-02
3.312032297253608704e-02
7.252301275730133057e-02
-3.525450080633163452e-02
4.148360714316368103e-02
7.235080003738403320e-02
-1.146643310785293579e-01
-4.085144102573394775e-01
-1.307183057069778442e-01
-7.781571894884109497e-02
-7.484441995620727539e-02
2.480811672285199165e-03
-1.799533143639564514e-02
1.077134087681770325e-01
-2.279407829046249390e-01
-2.425959147512912750e-02
-1.567634567618370056e-02
6.276085227727890015e-02
1.930772699415683746e-02
-1.061203777790069580e-01
1.334524601697921753e-01
-1.328343432396650314e-02
-3.042540252208709717e-01
-1.493832562118768692e-02
1.064326316118240356e-01
2.062722295522689819e-01
1.943634748458862305e-01
-7.639825344085693359e-03
2.860875427722930908e-02
-1.073850095272064209e-01
9.231775999069213867e-02
-1.642231345176696777e-01
-2.759055793285369873e-02
5.826190486550331116e-02
3.899592533707618713e-02
-2.294116094708442688e-02
1.038408093154430389e-02
-1.159285679459571838e-01
2.987570688128471375e-02
1.533082425594329834e-01
-1.575570851564407349e-01
-1.559470035135746002e-02
1.259859055280685425e-01
-1.074982210993766785e-01
-1.064032968133687973e-02
-1.740559339523315430e-01
2.789269387722015381e-01
1.235671564936637878e-01
-1.190640255808830261e-01
-1.667158901691436768e-01
1.495098173618316650e-01
-1.223972812294960022e-01
-5.992839112877845764e-02
-8.998503908514976501e-03
-2.254097461700439453e-01
-2.214552760124206543e-01
-3.471651375293731689e-01
-7.313607260584831238e-03
3.680986464023590088e-01
1.122219040989875793e-01
-1.103515923023223877e-01
8.718063682317733765e-02
2.771660219877958298e-04
4.811012372374534607e-02
1.050205901265144348e-01
1.965534985065460205e-01
4.497896134853363037e-02
5.434662103652954102e-02
-7.888468354940414429e-02
1.461467798799276352e-02
2.094133347272872925e-01
-7.159396260976791382e-02
2.129433304071426392e-02
2.623886168003082275e-01
-1.020795553922653198e-01
4.999330267310142517e-03
2.210786566138267517e-03
-9.609502740204334259e-03
-8.146256208419799805e-02
8.685153722763061523e-02
-1.278028190135955811e-01
6.924904137849807739e-02
-4.013138636946678162e-02
-3.985070809721946716e-02
4.376579448580741882e-02
9.171653538942337036e-02
-1.171692982316017151e-01
2.141976915299892426e-02
-7.250694930553436279e-02
5.342972278594970703e-02
-9.405896998941898346e-04
-2.813383936882019043e-02
-6.714860349893569946e-02
-9.258831292390823364e-02
7.935787737369537354e-02
-2.063230276107788086e-01
1.610977500677108765e-01
1.544878631830215454e-01
6.484498828649520874e-02
1.447463631629943848e-01
9.782750159502029419e-02
1.237360760569572449e-01
-4.511913657188415527e-02
4.436866939067840576e-02
-2.556056082248687744e-01
5.735345557332038879e-02
1.379131972789764404e-01
-7.310809940099716187e-02
1.111223027110099792e-01
2.574241906404495239e-02
