-4.493490234017372131e-02
3.259988129138946533e-02
-3.437662869691848755e-02
-8.409745246171951294e-02
-1.619726866483688354e-01
-1.699537783861160278e-02
-4.791294410824775696e-02
-1.561279296875000000e-01
1.610764116048812866e-01
-1.293077468872070312e-01
3.373913466930389404e-01
-7.326420396566390991e-02
-1.966617256402969360e-01
-6.855117529630661011e-02
-5.536626651883125305e-02
1.404813975095748901e-01
-2.194568514823913574e-01
-8.663094043731689453e-02
-1.541303936392068863e-02
2.743138000369071960e-02
7.344812899827957153e-02
5.929470527917146683e-03
3.352649137377738953e-02
2.320974506437778473e-02
-1.261545121669769287e-01
-3.592754900455474854e-01
-1.049895882606506348e-01
-9.769974648952484131e-02
2.652876451611518860e-02
-6.528823077678680420e-02
-2.377246506512165070e-03
3.015019372105598450e-02
-2.215470969676971436e-01
-6.920877844095230103e-02
1.123086735606193542e-02
3.860558569431304932e-02
-4.942617565393447876e-02
-4.043339192867279053e-02
1.464775055646896362e-01
3.110648132860660553e-03
-2.424138188362121582e-01
-3.124361857771873474e-02
6.602951325476169586e-03
2.221588939428329468e-01
1.001423522830009460e-01
4.331946000456809998e-02
1.969230733811855316e-02
-1.352503150701522827e-01
8.688636869192123413e-02
-2.042790949344635010e-01
4.554298520088195801e-02
9.588710218667984009e-02
7.747382670640945435e-02
2.704925835132598877e-02
-4.515540599822998047e-02
-6.858270615339279175e-02
3.781293332576751709e-02
1.634319722652435303e-01
-2.315243929624557495e-01
4.943295568227767944e-02
1.456190496683120728e-01
-7.111709564924240112e-02
9.011519141495227814e-03
-8.357462286949157715e-02
2.274538129568099976e-01
1.021879240870475769e-01
-1.130883619189262390e-01
-1.700634211301803589e-01
6.760622560977935791e-02
-1.533933430910110474e-01
-9.865781664848327637e-02
7.713597267866134644e-02
-1.132957264780998230e-01
-2.348191440105438232e-01
-3.452786803245544434e-01
-2.310220897197723389e-02
4.403011798858642578e-01
6.615913659334182739e-02
-9.482990205287933350e-02
-3.230718150734901428e-02
-5.895104631781578064e-02
-4.740506783127784729e-02
1.114883720874786377e-01
8.024178445339202881e-02
2.244968339800834656e-02
-5.533039569854736328e-03
-9.502713382244110107e-02
5.308648198843002319e-02
2.498271018266677856e-01
-1.212993264198303223e-01
-2.320703677833080292e-02
2.268408387899398804e-01
-7.989579439163208008e-02
5.282126367092132568e-02
-1.293289288878440857e-02
1.122016832232475281e-01
-6.674252450466156006e-02
9.723524749279022217e-02
-1.376095321029424667e-02
8.034692704677581787e-02
1.195926684886217117e-02
-8.058648556470870972e-02
7.984242402017116547e-03
8.666715770959854126e-02
-1.691233664751052856e-01
1.570314466953277588e-01
-3.668171539902687073e-02
-3.734219819307327271e-03
4.550180584192276001e-02
-6.694974005222320557e-02
-7.522871345281600952e-02
-7.922266423702239990e-02
1.454968005418777466e-01
-2.778960466384887695e-01
2.350824326276779175e-01
1.851941645145416260e-01
9.548135846853256226e-02
1.534435600042343140e-01
1.556310616433620453e-02
3.221083432435989380e-02
-4.821269586682319641e-02
-4.416660219430923462e-02
-2.464445382356643677e-01
-4.140360653400421143e-02
3.454998508095741272e-02
-6.325362622737884521e-02
6.601408123970031738e-02
-1.891029812395572662e-02
