-1.009316518902778625e-01
7.320442795753479004e-02
4.589037224650382996e-02
-1.071427240967750549e-01
-1.301193535327911377e-01
2.887021750211715698e-02
-6.867356598377227783e-02
-6.799441576004028320e-02
1.583711653947830200e-01
-2.135474085807800293e-01
2.290328294038772583e-01
-1.246817186474800110e-01
-1.906065046787261963e-01
-3.030355274677276611e-02
-5.426659807562828064e-02
2.394820302724838257e-01
-2.033346891403198242e-01
-1.300091594457626343e-01
-4.155312478542327881e-02
4.574573785066604614e-02
5.768109112977981567e-02
9.433770552277565002e-03
-1.059854961931705475e-02
4.592955484986305237e-02
-1.010340005159378052e-01
-3.980708420276641846e-01
-7.374234497547149658e-02
-7.478263974189758301e-02
2.281129732728004456e-02
-7.330060750246047974e-02
-8.129531145095825195e-02
4.036941006779670715e-02
-1.804078817367553711e-01
-1.558388955891132355e-02
-2.094180509448051453e-02
8.248611539602279663e-02
3.339024726301431656e-03
-9.598328173160552979e-02
1.548821777105331421e-01
1.186976581811904907e-02
-2.960123419761657715e-01
2.687070984393358231e-03
6.720563024282455444e-02
2.200459390878677368e-01
9.213948249816894531e-02
1.714120060205459595e-02
1.293789129704236984e-02
-1.136642247438430786e-01
1.231152936816215515e-01
-1.978146582841873169e-01
2.549161389470100403e-02
7.046614587306976318e-02
5.920308083295822144e-02
6.014972925186157227e-02
3.512293100357055664e-02
-9.557881951332092285e-02
7.430996745824813843e-02
1.500682830810546875e-01
-1.847809702157974243e-01
2.644424140453338623e-02
1.036531925201416016e-01
-2.735238894820213318e-02
3.474156931042671204e-02
-9.262339770793914795e-02
2.487085312604904175e-01
1.489965319633483887e-01
-6.270056217908859253e-02
-1.734139919281005859e-01
1.319053173065185547e-01
-1.219403073191642761e-01
-5.936232209205627441e-02
4.155161604285240173e-02
-1.020352765917778015e-01
-1.728200316429138184e-01
-2.395993471145629883e-01
-1.763966679573059082e-02
3.796992897987365723e-01
1.447669267654418945e-01
-1.335738897323608398e-01
4.340910539031028748e-02
1.675442606210708618e-02
-7.781631499528884888e-02
1.820370703935623169e-01
1.626245975494384766e-01
5.415882915258407593e-04
3.134507685899734497e-02
-1.733968779444694519e-02
3.682273253798484802e-02
2.663523852825164795e-01
-4.441771656274795532e-02
2.010953985154628754e-02
1.894201636314392090e-01
-1.713791303336620331e-02
2.502683922648429871e-02
9.704955853521823883e-03
-2.008730731904506683e-02
-7.136020809412002563e-02
8.675938844680786133e-02
-9.954775869846343994e-02
5.132784694433212280e-02
-1.454486045986413956e-02
-7.116577029228210449e-02
-2.764328755438327789e-02
7.286236435174942017e-02
-1.694671362638473511e-01
1.120391264557838440e-01
-8.731906302273273468e-03
-1.249355077743530273e-02
3.532674163579940796e-02
6.090017408132553101e-02
-6.526754796504974365e-02
-4.708584770560264587e-02
1.138924658298492432e-01
-2.097244411706924438e-01
2.006543129682540894e-01
1.652380824089050293e-01
6.525079905986785889e-02
1.214376986026763916e-01
9.306570887565612793e-02
9.614031761884689331e-02
2.874635905027389526e-02
-1.607709005475044250e-02
-2.259257733821868896e-01
-3.653509542346000671e-02
1.383538842201232910e-01
-8.123869448900222778e-02
9.179913252592086792e-02
2.973513677716255188e-03
