-7.424658536911010742e-02
1.268415898084640503e-01
9.792298823595046997e-02
-7.327076792716979980e-02
-1.726016104221343994e-01
-4.363230243325233459e-02
-7.608035951852798462e-02
-1.035232394933700562e-01
1.584558337926864624e-01
-1.569294035434722900e-01
2.650858461856842041e-01
-8.070307970046997070e-02
-2.533563673496246338e-01
-3.482636809349060059e-02
-3.331273049116134644e-02
2.189753800630569458e-01
-1.812374442815780640e-01
-1.348554491996765137e-01
-2.849024534225463867e-02
6.021314114332199097e-02
1.436715424060821533e-01
2.500010421499609947e-03
1.688903942704200745e-02
3.317534923553466797e-02
-1.031399071216583252e-01
-3.809832334518432617e-01
-7.916300743818283081e-02
-3.691549971699714661e-02
-8.852462470531463623e-02
-6.026961654424667358e-02
-9.722942486405372620e-04
7.656424771994352341e-03
-1.830209791660308838e-01
2.680191770195960999e-03
-8.984685875475406647e-03
8.635247498750686646e-02
-3.358927741646766663e-02
-1.521277725696563721e-01
1.550775468349456787e-01
-2.228145860135555267e-02
-3.604183793067932129e-01
5.179636180400848389e-02
5.355409532785415649e-02
2.067749649286270142e-01
1.109056770801544189e-01
-6.842651870101690292e-03
1.739267259836196899e-03
-1.161406189203262329e-01
1.392297893762588501e-01
-1.950590610504150391e-01
-6.142523884773254395e-02
1.452672481536865234e-01
-8.027222938835620880e-03
-1.650288701057434082e-03
6.810566782951354980e-02
-1.480067372322082520e-01
7.700490951538085938e-02
1.415033787488937378e-01
-1.444987654685974121e-01
-6.997846812009811401e-02
8.161710202693939209e-02
-7.690595090389251709e-02
5.799944698810577393e-02
-1.448663771152496338e-01
2.633798122406005859e-01
8.206358551979064941e-02
-1.033937111496925354e-01
-1.571432501077651978e-01
6.535447388887405396e-02
-1.058877184987068176e-01
-7.563588768243789673e-02
9.382002055644989014e-02
-1.933620125055313110e-01
-2.091006636619567871e-01
-2.969186604022979736e-01
-7.361060008406639099e-03
4.028155803680419922e-01
9.000808000564575195e-02
-1.542877554893493652e-01
6.134754046797752380e-02
-2.316663414239883423e-02
3.952071443200111389e-02
1.228050738573074341e-01
1.760264933109283447e-01
2.774012461304664612e-02
1.003047227859497070e-01
-1.471241265535354614e-01
1.194494776427745819e-03
2.623068988323211670e-01
-1.157530322670936584e-01
1.742018386721611023e-02
2.944117486476898193e-01
-1.052487175911664963e-02
6.325173377990722656e-02
-1.455168239772319794e-04
-6.602218747138977051e-02
-8.583570271730422974e-02
3.723609074950218201e-02
-1.425601094961166382e-01
1.071671489626169205e-02
2.331712841987609863e-02
-6.927348673343658447e-02
-3.452770411968231201e-02
9.389737993478775024e-02
-1.920032203197479248e-01
-7.707643788307905197e-03
-6.987087428569793701e-03
2.719676494598388672e-02
-9.494604542851448059e-03
2.317711524665355682e-02
-1.084082126617431641e-01
-8.085647225379943848e-02
9.963546693325042725e-02
-2.385513484477996826e-01
2.038401067256927490e-01
1.737707555294036865e-01
7.838046550750732422e-02
9.471800923347473145e-02
1.446538269519805908e-01
5.206874758005142212e-02
-5.224740132689476013e-02
-2.717251703143119812e-02
-1.784821301698684692e-01
4.385982640087604523e-03
1.207174658775329590e-01
-1.462525688111782074e-02
8.982453495264053345e-02
-2.592746913433074951e-02
