-1.521248221397399902e-01
8.548912405967712402e-02
5.372311547398567200e-02
-1.149886697530746460e-01
-1.818246096372604370e-01
-1.165973171591758728e-01
-9.482545405626296997e-02
-1.445041149854660034e-01
1.414171904325485229e-01
-1.918869316577911377e-01
1.755420565605163574e-01
-1.017733961343765259e-01
-1.542415171861648560e-01
-5.775610357522964478e-02
-6.151159852743148804e-02
2.119072377681732178e-01
-1.992929428815841675e-01
-1.484052240848541260e-01
2.161770127713680267e-02
-6.020518764853477478e-02
8.800549805164337158e-02
2.839111350476741791e-02
-1.746067777276039124e-02
5.363324284553527832e-02
-1.226657852530479431e-01
-3.572006523609161377e-01
-1.178272664546966553e-01
-5.307132005691528320e-02
-4.277480766177177429e-03
-6.140818446874618530e-02
-2.523596398532390594e-03
1.180584803223609924e-01
-1.600189954042434692e-01
-3.371063619852066040e-03
2.536859549582004547e-02
8.086429536342620850e-02
6.655654311180114746e-02
1.217434369027614594e-02
1.444878876209259033e-01
2.898185513913631439e-02
-2.937717139720916748e-01
4.962278157472610474e-02
1.007233783602714539e-01
2.267355024814605713e-01
1.176657825708389282e-01
-4.229742102324962616e-03
1.283301133662462234e-02
-1.627523154020309448e-01
1.225533932447433472e-01
-8.954302966594696045e-02
-7.960295304656028748e-03
1.659390777349472046e-01
5.554335564374923706e-02
2.914363145828247070e-02
2.918940037488937378e-02
-8.883282542228698730e-02
6.048755720257759094e-02
1.114138960838317871e-01
-2.143373638391494751e-01
-1.250941306352615356e-03
1.605524420738220215e-01
-9.013719111680984497e-02
-3.070711344480514526e-02
-7.875125855207443237e-02
1.915775537490844727e-01
1.096267625689506531e-01
-8.253813534975051880e-02
-2.173304110765457153e-01
1.290731728076934814e-01
-1.673377901315689087e-01
-1.093007102608680725e-01
4.425269737839698792e-02
-1.298162341117858887e-01
-1.509745717048645020e-01
-2.815787792205810547e-01
-9.088031947612762451e-04
3.733635842800140381e-01
1.620231419801712036e-01
-1.689649820327758789e-01
9.532182663679122925e-02
-2.332994528114795685e-02
-5.088311061263084412e-02
1.528714746236801147e-01
1.848070770502090454e-01
-1.707496866583824158e-02
4.146387800574302673e-02
-1.946944929659366608e-02
1.726984232664108276e-02
1.563419550657272339e-01
-1.884339377284049988e-02
1.959693431854248047e-02
1.840089708566665649e-01
3.776616230607032776e-02
1.043546870350837708e-01
-7.649818435311317444e-04
-1.315201260149478912e-02
-1.482236534357070923e-01
3.107368759810924530e-02
-1.118804737925529480e-01
-2.463649958372116089e-02
-7.915834337472915649e-02
-3.178121149539947510e-02
2.370573580265045166e-03
1.002680286765098572e-01
-1.457228511571884155e-01
1.806691288948059082e-01
-1.486547989770770073e-03
-2.798647992312908173e-02
-1.003975868225097656e-01
1.121353209018707275e-01
1.699699461460113525e-02
-7.003146409988403320e-02
4.390664026141166687e-02
-1.933758407831192017e-01
1.998910456895828247e-01
1.778934299945831299e-01
4.595906287431716919e-02
1.601140052080154419e-01
1.028155982494354248e-01
1.010368764400482178e-01
-1.451633777469396591e-02
-1.650517433881759644e-02
-1.176151260733604431e-01
-2.387814968824386597e-02
8.587228506803512573e-02
-9.466487169265747070e-02
9.725221246480941772e-02
-4.193573258817195892e-03
