-6.886848807334899902e-02
7.820405811071395874e-02
8.487478643655776978e-02
-1.461540460586547852e-01
-1.518103331327438354e-01
-3.217262029647827148e-02
-9.416199475526809692e-02
-1.240142583847045898e-01
8.887919783592224121e-02
-1.562161445617675781e-01
2.428355813026428223e-01
-6.539770960807800293e-02
-2.090261429548263550e-01
-9.745880961418151855e-02
-6.660261005163192749e-02
2.426481246948242188e-01
-1.977030932903289795e-01
-1.981701105833053589e-01
-4.424476251006126404e-02
1.414160244166851044e-03
7.113584131002426147e-02
3.000354394316673279e-02
1.617333851754665375e-02
2.887919731438159943e-02
-8.145916461944580078e-02
-3.929684162139892578e-01
-8.955612033605575562e-02
-2.937874943017959595e-02
1.544154249131679535e-03
-4.310058057308197021e-02
-3.085305914282798767e-02
2.484811097383499146e-02
-2.225980460643768311e-01
2.239138633012771606e-02
5.576143413782119751e-02
1.378166377544403076e-01
-1.598197408020496368e-02
-8.040771633386611938e-02
8.864572644233703613e-02
-1.242968346923589706e-02
-2.637628912925720215e-01
3.655757009983062744e-02
8.093871921300888062e-02
2.074848413467407227e-01
1.492780596017837524e-01
4.588573053479194641e-02
3.075456246733665466e-02
-9.737039357423782349e-02
9.085548669099807739e-02
-1.936840415000915527e-01
-2.942668832838535309e-02
1.054007112979888916e-01
3.741587698459625244e-02
1.185127254575490952e-02
2.087089046835899353e-02
-1.323550343513488770e-01
5.300476029515266418e-02
1.569217592477798462e-01
-1.806435734033584595e-01
1.002638600766658783e-03
9.170617908239364624e-02
-1.149644479155540466e-01
-4.433208703994750977e-02
-1.345739811658859253e-01
2.355447113513946533e-01
8.230971544981002808e-02
-1.489792019128799438e-01
-2.367114871740341187e-01
1.048185899853706360e-01
-1.541031599044799805e-01
-6.965113431215286255e-02
4.808761924505233765e-02
-1.429606080055236816e-01
-1.431613713502883911e-01
-2.882458865642547607e-01
-3.814436495304107666e-03
3.784214258193969727e-01
1.154821887612342834e-01
-1.624536365270614624e-01
3.729176148772239685e-02
2.590327337384223938e-02
5.304009094834327698e-02
8.772647380828857422e-02
1.107025891542434692e-01
-2.259187586605548859e-02
7.148982584476470947e-02
-1.619610488414764404e-01
1.338627934455871582e-02
2.145591527223587036e-01
-8.993345499038696289e-02
2.337824180722236633e-02
2.024582922458648682e-01
-5.963600799441337585e-02
1.066944822669029236e-01
-1.483122818171977997e-02
8.361358195543289185e-03
-1.178194880485534668e-01
6.969981640577316284e-02
-1.426139175891876221e-01
1.976014301180839539e-02
-2.869690209627151489e-02
-3.290388733148574829e-02
-1.909931376576423645e-02
9.774770587682723999e-02
-6.625750660896301270e-02
8.985720574855804443e-02
-7.209628820419311523e-02
6.217222660779953003e-03
-6.027021631598472595e-02
2.077207341790199280e-02
-9.796196222305297852e-02
-9.471198171377182007e-02
8.726817369461059570e-02
-2.013159394264221191e-01
2.063477933406829834e-01
2.451841980218887329e-01
9.909927099943161011e-02
9.557496011257171631e-02
1.611082404851913452e-01
5.185939744114875793e-02
-1.919344440102577209e-02
-1.719106733798980713e-02
-2.134791910648345947e-01
-4.803305491805076599e-02
8.089940249919891357e-02
-1.035130918025970459e-01
9.047055244445800781e-02
-2.481846325099468231e-02
