-1.691466122865676880e-01
1.024152487516403198e-01
8.096454292535781860e-02
-1.068356260657310486e-01
-1.550041288137435913e-01
-2.667960152029991150e-02
-4.895532503724098206e-02
-1.260259300470352173e-01
1.449534147977828979e-01
-1.335506141185760498e-01
2.856969237327575684e-01
-5.360899865627288818e-02
-2.290524393320083618e-01
-9.089179337024688721e-02
-6.697569042444229126e-02
2.617775797843933105e-01
-2.036819607019424438e-01
-1.336387544870376587e-01
-1.855057105422019958e-02
2.849957905709743500e-03
1.045746654272079468e-01
2.356812916696071625e-02
2.919977903366088867e-02
3.370738029479980469e-02
-1.328130662441253662e-01
-3.864259421825408936e-01
-8.421488106250762939e-02
-6.966383010149002075e-02
-3.551352769136428833e-03
-4.635453224182128906e-02
-5.071099847555160522e-02
4.720578342676162720e-02
-1.975631415843963623e-01
-3.576740249991416931e-02
1.764107309281826019e-02
1.024981215596199036e-01
-4.837198182940483093e-03
-6.208782643079757690e-02
1.005071997642517090e-01
-9.109182283282279968e-03
-2.582519054412841797e-01
3.032374382019042969e-02
9.216701239347457886e-02
2.257964164018630981e-01
1.125082671642303467e-01
3.273154422640800476e-02
3.655837476253509521e-02
-1.167947053909301758e-01
8.003744482994079590e-02
-1.823740005493164062e-01
-2.914880588650703430e-02
7.809601724147796631e-02
6.359128654003143311e-02
3.691959753632545471e-02
2.857031859457492828e-02
-1.059186086058616638e-01
7.245299220085144043e-02
1.169040203094482422e-01
-2.040468007326126099e-01
9.536284487694501877e-04
1.077398359775543213e-01
-8.971752971410751343e-02
-3.352435678243637085e-02
-9.578029066324234009e-02
2.259890884160995483e-01
1.114200726151466370e-01
-1.345794945955276489e-01
-1.538978815078735352e-01
7.139549404382705688e-02
-9.847896546125411987e-02
-7.879167050123214722e-02
3.717071190476417542e-02
-1.535552144050598145e-01
-1.656408309936523438e-01
-3.188447058200836182e-01
-1.133267953991889954e-02
4.069962501525878906e-01
1.011937111616134644e-01
-1.612650007009506226e-01
2.718045189976692200e-02
1.108297146856784821e-04
2.593560516834259033e-02
1.260254532098770142e-01
1.317722052335739136e-01
-1.115327607840299606e-02
1.943808794021606445e-02
-1.056233346462249756e-01
4.332527518272399902e-02
1.806271821260452271e-01
-8.354981988668441772e-02
1.326379459351301193e-02
2.085260003805160522e-01
-1.066904887557029724e-02
8.567096292972564697e-02
-2.531064115464687347e-02
7.421764731407165527e-02
-1.048433035612106323e-01
6.175428628921508789e-02
-6.993560492992401123e-02
3.013839386403560638e-02
1.338604837656021118e-02
-3.505914658308029175e-02
2.121573314070701599e-03
7.222581654787063599e-02
-1.329565942287445068e-01
9.573300182819366455e-02
-1.049348432570695877e-02
2.398273721337318420e-02
-6.404573563486337662e-03
2.829305827617645264e-02
-6.288196146488189697e-02
-5.255075171589851379e-02
4.679381102323532104e-02
-2.223611772060394287e-01
2.363208234310150146e-01
2.318350821733474731e-01
-1.535848714411258698e-04
1.140418350696563721e-01
1.057642325758934021e-01
4.208709299564361572e-02
-3.356073424220085144e-02
-2.485514618456363678e-03
-1.628283411264419556e-01
-6.012162938714027405e-02
1.104509159922599792e-01
-9.927659481763839722e-02
1.073250919580459595e-01
-1.970901153981685638e-02
