-1.614031195640563965e-01
7.753992080688476562e-02
1.571938581764698029e-02
-1.186440438032150269e-01
-8.359245210886001587e-02
-3.103953972458839417e-02
-3.917301818728446960e-02
-1.290903091430664062e-01
1.716467589139938354e-01
-1.238454207777976990e-01
2.609947025775909424e-01
-3.845275565981864929e-02
-1.199733391404151917e-01
-1.586844921112060547e-01
-3.277817741036415100e-02
1.925605386495590210e-01
-2.412018626928329468e-01
-1.507658809423446655e-01
5.396459251642227173e-03
1.829328387975692749e-02
1.219345554709434509e-01
-3.127077594399452209e-02
-2.462459169328212738e-02
1.183202266693115234e-01
-1.602542400360107422e-01
-3.417851328849792480e-01
-9.903739392757415771e-02
-1.007943600416183472e-01
1.901723816990852356e-02
-2.455095946788787842e-02
-2.732240781188011169e-02
5.331525579094886780e-02
-2.217436283826828003e-01
-3.977714106440544128e-02
-2.924632094800472260e-02
1.134280413389205933e-01
4.505890980362892151e-02
-5.144449323415756226e-02
1.171836927533149719e-01
-3.292351961135864258e-02
-2.728101015090942383e-01
3.307115286588668823e-02
2.385742589831352234e-02
1.946025341749191284e-01
1.505626589059829712e-01
-2.489281818270683289e-03
1.557279098778963089e-02
-1.097466126084327698e-01
1.443162560462951660e-01
-1.540872007608413696e-01
-4.887696355581283569e-02
1.069706082344055176e-01
2.715816535055637360e-02
3.113393858075141907e-02
-1.543971430510282516e-02
-1.219589933753013611e-01
3.161772713065147400e-02
1.080653071403503418e-01
-1.783488392829895020e-01
-2.127742767333984375e-02
-1.105949189513921738e-02
-1.186146363615989685e-01
1.035519223660230637e-02
-1.269204169511795044e-01
1.812636554241180420e-01
1.168152689933776855e-01
-1.121898964047431946e-01
-1.961220353841781616e-01
1.164955869317054749e-01
-1.432770490646362305e-01
-7.715489715337753296e-02
9.010387212038040161e-02
-1.155067756772041321e-01
-1.568020582199096680e-01
-3.640016019344329834e-01
-1.253360323607921600e-02
3.755367696285247803e-01
8.925521373748779297e-02
-1.787091046571731567e-01
5.396685004234313965e-02
-5.862347781658172607e-02
-1.195154525339603424e-02
1.032217890024185181e-01
1.399320662021636963e-01
-1.263226196169853210e-02
7.558631151914596558e-02
-1.075875982642173767e-01
-5.399986170232295990e-03
2.347451299428939819e-01
-1.156321819871664047e-02
1.437146216630935669e-02
2.224071025848388672e-01
-4.272831231355667114e-02
1.063278466463088989e-01
2.016529627144336700e-02
8.359885215759277344e-02
-8.032866567373275757e-02
6.048431620001792908e-02
-6.486682593822479248e-02
4.495965316891670227e-02
3.070444054901599884e-02
-5.988894030451774597e-02
-9.957471862435340881e-03
1.007262766361236572e-01
-1.681210994720458984e-01
1.257976293563842773e-01
-6.229272112250328064e-03
5.012759938836097717e-02
-2.700804919004440308e-02
2.427113056182861328e-02
-7.120874524116516113e-02
-2.535426244139671326e-02
1.136918962001800537e-01
-2.157736718654632568e-01
2.224053889513015747e-01
1.918662488460540771e-01
3.483135253190994263e-02
1.416007727384567261e-01
1.167421489953994751e-01
5.697758495807647705e-02
-1.131132021546363831e-01
-4.952247440814971924e-02
-1.948992311954498291e-01
-1.414320431649684906e-02
1.099600791931152344e-01
-1.015914976596832275e-01
1.080429702997207642e-01
-9.110668674111366272e-03
