-1.519520729780197144e-01
8.296777307987213135e-02
1.590177044272422791e-02
-1.282958090305328369e-01
-1.536260843276977539e-01
-3.034297004342079163e-02
-4.139322414994239807e-02
-1.573839634656906128e-01
1.684282720088958740e-01
-1.777026653289794922e-01
2.437136173248291016e-01
-9.589623659849166870e-02
-2.064153254032135010e-01
-2.962767891585826874e-02
-1.085952818393707275e-01
2.549969851970672607e-01
-2.602349221706390381e-01
-1.788655519485473633e-01
-3.462845087051391602e-02
-4.908095672726631165e-02
6.262671947479248047e-02
5.945741012692451477e-02
-1.673645339906215668e-02
4.928254708647727966e-02
-1.080295369029045105e-01
-3.718791902065277100e-01
-1.072117909789085388e-01
-6.095258519053459167e-02
4.604639858007431030e-02
1.761609688401222229e-02
-1.924838498234748840e-02
3.433825448155403137e-02
-2.399390339851379395e-01
-1.320589892566204071e-02
4.083155840635299683e-02
1.080363020300865173e-01
3.087334521114826202e-02
-5.893924087285995483e-02
1.412282288074493408e-01
6.683676503598690033e-03
-2.798087596893310547e-01
-1.596215367317199707e-02
1.340952217578887939e-01
2.171190977096557617e-01
1.168666034936904907e-01
4.285755008459091187e-02
-8.878970518708229065e-03
-1.099704876542091370e-01
8.768533170223236084e-02
-1.635662168264389038e-01
-2.533071115612983704e-02
1.027928367257118225e-01
5.948446318507194519e-02
6.911700218915939331e-02
-5.513556301593780518e-02
-1.545403599739074707e-01
5.948641151189804077e-02
1.417015790939331055e-01
-2.010893821716308594e-01
-2.294961363077163696e-02
1.133825629949569702e-01
-1.192777827382087708e-01
-2.402817830443382263e-02
-3.537008166313171387e-02
2.678524255752563477e-01
1.055778339505195618e-01
-1.232047379016876221e-01
-2.145552486181259155e-01
1.520530581474304199e-01
-1.692444086074829102e-01
-6.512297689914703369e-02
5.356937646865844727e-02
-1.187147945165634155e-01
-1.468743234872817993e-01
-3.168283998966217041e-01
-1.402811706066131592e-02
4.650786221027374268e-01
9.291943907737731934e-02
-1.120723187923431396e-01
4.691745713353157043e-02
-2.011688426136970520e-02
1.174197345972061157e-02
1.578261256217956543e-01
1.461659818887710571e-01
-1.411729864776134491e-02
3.740240633487701416e-02
-1.206281706690788269e-01
1.990123093128204346e-02
2.389894127845764160e-01
-6.204898655414581299e-02
-2.379539236426353455e-02
1.954705119132995605e-01
-2.203873917460441589e-02
9.270077943801879883e-02
4.232728388160467148e-03
1.007407903671264648e-01
-1.033044978976249695e-01
4.241638258099555969e-02
-8.672874420881271362e-02
2.485122345387935638e-02
-2.665904350578784943e-03
4.759818315505981445e-03
-1.623764820396900177e-02
1.014746353030204773e-01
-1.138251572847366333e-01
1.283152848482131958e-01
-1.347460597753524780e-02
-5.630473606288433075e-03
-5.267559736967086792e-02
2.940764278173446655e-02
-2.325617149472236633e-02
-7.743986696004867554e-02
9.046786278486251831e-02
-2.145695537328720093e-01
2.180377095937728882e-01
2.041404098272323608e-01
4.982635378837585449e-03
1.836880743503570557e-01
1.081057339906692505e-01
6.750269979238510132e-02
-2.666169032454490662e-02
-4.016144573688507080e-02
-2.114360332489013672e-01
-8.154134452342987061e-02
8.196952193975448608e-02
-9.650032967329025269e-02
1.370957791805267334e-01
5.535305012017488480e-03
