-3.327065706253051758e-02
6.281525641679763794e-02
6.368079781532287598e-02
-5.262277647852897644e-02
-1.642207652330398560e-01
-4.433687031269073486e-02
-9.634883701801300049e-02
-1.053749993443489075e-01
9.231046587228775024e-02
-1.042141169309616089e-01
2.291417419910430908e-01
-1.421127747744321823e-02
-1.476996690034866333e-01
-8.910738676786422729e-02
-9.219716489315032959e-02
1.616423577070236206e-01
-1.685391217470169067e-01
-1.534860134124755859e-01
-4.037216305732727051e-02
1.027196738868951797e-02
7.039377093315124512e-02
5.643350258469581604e-02
9.453097730875015259e-02
-1.761622959747910500e-03
-1.919062733650207520e-01
-3.333441317081451416e-01
-3.226460888981819153e-02
-4.347165673971176147e-02
-7.542038708925247192e-02
-2.844923548400402069e-02
-4.163651913404464722e-02
5.201924219727516174e-02
-2.014785110950469971e-01
2.061918005347251892e-02
6.491227447986602783e-02
9.610446542501449585e-02
-3.505218029022216797e-02
-7.968086004257202148e-02
1.720339506864547729e-01
1.252962090075016022e-02
-2.955187857151031494e-01
2.066863700747489929e-03
4.630244150757789612e-02
2.562038302421569824e-01
2.356786429882049561e-01
-5.138162150979042053e-02
2.371206879615783691e-02
-9.007811546325683594e-02
1.209754273295402527e-01
-1.868933290243148804e-01
7.690670900046825409e-03
1.603201031684875488e-01
-1.272870320826768875e-02
3.931337967514991760e-03
1.045236829668283463e-03
-8.394788205623626709e-02
2.081803977489471436e-02
1.629859954118728638e-01
-4.517929255962371826e-02
-5.899529531598091125e-02
8.322685211896896362e-02
-4.951468482613563538e-02
-5.232153832912445068e-02
-1.218035146594047546e-01
2.315036207437515259e-01
3.652183711528778076e-02
-1.523574590682983398e-01
-2.013522088527679443e-01
9.100739657878875732e-02
-1.252767145633697510e-01
-1.026600748300552368e-01
7.809612900018692017e-02
-2.021763920783996582e-01
-1.936282217502593994e-01
-2.946516871452331543e-01
-1.222928892821073532e-02
3.656749427318572998e-01
8.672505617141723633e-02
-2.075320780277252197e-01
3.973056003451347351e-02
-2.329031005501747131e-02
9.647581726312637329e-02
1.173133254051208496e-01
1.755854934453964233e-01
2.536455541849136353e-02
1.281661987304687500e-01
-1.359907090663909912e-01
1.193900406360626221e-02
2.366001307964324951e-01
-9.770375490188598633e-02
-6.645509600639343262e-02
2.519807815551757812e-01
1.705483533442020416e-03
5.131081491708755493e-02
5.958019196987152100e-02
3.522117156535387039e-03
-4.325408488512039185e-02
6.534288823604583740e-02
-1.808401942253112793e-01
3.021116182208061218e-02
7.191461324691772461e-02
-2.231835946440696716e-02
-2.398420684039592743e-02
1.577113866806030273e-01
-1.100985109806060791e-01
1.017523929476737976e-01
-3.874197602272033691e-02
7.328327745199203491e-02
4.177068173885345459e-02
-4.735588282346725464e-02
-8.533881604671478271e-02
-1.207430735230445862e-01
9.369275718927383423e-02
-2.011935859918594360e-01
1.523822396993637085e-01
1.625800132751464844e-01
1.104138419032096863e-01
1.098690032958984375e-01
1.537962108850479126e-01
4.291313141584396362e-02
-1.938738860189914703e-02
3.946234658360481262e-02
-2.026827633380889893e-01
-9.369140025228261948e-04
4.896592721343040466e-02
-5.190397799015045166e-02
7.106512039899826050e-02
-1.437394227832555771e-02
