-1.994278877973556519e-01
1.008765250444412231e-01
2.362843230366706848e-02
-1.686804741621017456e-01
-1.531856060028076172e-01
1.450269948691129684e-02
-4.989095032215118408e-02
-1.028601452708244324e-01
2.771084308624267578e-01
-1.990809142589569092e-01
2.886193990707397461e-01
-6.614777445793151855e-02
-2.190128862857818604e-01
-3.579805046319961548e-02
-1.236396003514528275e-02
1.996456682682037354e-01
-2.647420167922973633e-01
-1.287097036838531494e-01
1.583269611001014709e-02
-5.514050275087356567e-02
7.741458714008331299e-02
1.428880728781223297e-02
-7.621855940669775009e-03
4.210405424237251282e-02
-1.355721056461334229e-01
-4.058247506618499756e-01
-1.161177456378936768e-01
-5.136797204613685608e-02
6.041114404797554016e-02
-7.628002762794494629e-02
4.814526438713073730e-02
3.577648475766181946e-02
-2.078016549348831177e-01
-5.294410139322280884e-02
-1.103173475712537766e-02
1.510879546403884888e-01
-2.611706219613552094e-02
-1.022734493017196655e-01
1.262608468532562256e-01
-3.627381287515163422e-03
-2.069886773824691772e-01
-4.491805285215377808e-02
1.634894870221614838e-02
2.529151737689971924e-01
1.048870608210563660e-01
1.038234448060393333e-03
1.220807433128356934e-02
-1.394045799970626831e-01
1.267572790384292603e-01
-1.654279381036758423e-01
-4.275216907262802124e-02
1.294134110212326050e-01
1.461587380617856979e-03
2.007842808961868286e-02
4.360318183898925781e-02
-1.211687549948692322e-01
8.912310004234313965e-02
1.689922362565994263e-01
-2.308577150106430054e-01
-1.660340279340744019e-02
1.262243390083312988e-01
-9.473489224910736084e-02
3.063266165554523468e-03
-8.235143870115280151e-02
2.332838028669357300e-01
1.207513660192489624e-01
-9.496580064296722412e-02
-1.977621316909790039e-01
1.744787991046905518e-01
-7.791028916835784912e-02
-4.397412389516830444e-02
3.972469270229339600e-02
-1.478799581527709961e-01
-1.919614076614379883e-01
-2.804120182991027832e-01
-8.084686473011970520e-03
4.230121970176696777e-01
7.612256705760955811e-02
-8.733536303043365479e-02
6.105497851967811584e-02
-1.171324495226144791e-02
-3.545393422245979309e-02
1.128903031349182129e-01
1.729012578725814819e-01
-1.523526012897491455e-02
-1.909938082098960876e-02
-9.104060381650924683e-02
6.841906160116195679e-02
1.732882410287857056e-01
-1.943311095237731934e-02
1.432798150926828384e-02
1.810913681983947754e-01
-2.996723167598247528e-02
4.646486043930053711e-02
3.079470619559288025e-02
6.575907021760940552e-02
-1.686258018016815186e-01
7.643220573663711548e-02
-9.103393554687500000e-02
1.801911927759647369e-02
-7.047764956951141357e-04
-7.269538193941116333e-02
-1.336782611906528473e-02
1.123058050870895386e-01
-1.442390531301498413e-01
1.774564683437347412e-01
2.470792736858129501e-03
-1.021145470440387726e-02
-4.217981174588203430e-02
-2.299674786627292633e-02
-1.622177287936210632e-02
-1.843177527189254761e-02
1.199324280023574829e-01
-2.527002990245819092e-01
1.969231963157653809e-01
1.937998533248901367e-01
2.244810760021209717e-02
2.183157801628112793e-01
6.254053860902786255e-02
8.870495855808258057e-02
-3.119487315416336060e-02
4.698358476161956787e-03
-2.213999629020690918e-01
-2.910969220101833344e-02
-2.120742015540599823e-02
-7.128971815109252930e-02
6.226586550474166870e-02
-2.786457072943449020e-03
