-1.326570361852645874e-01
6.102059036493301392e-02
3.296193853020668030e-02
-1.006623357534408569e-01
-1.631859093904495239e-01
-6.715169548988342285e-02
-8.935869485139846802e-02
-1.387964040040969849e-01
2.111363112926483154e-01
-2.001044303178787231e-01
2.788907885551452637e-01
-6.981732696294784546e-02
-2.228816747665405273e-01
-2.874059975147247314e-02
-8.886034786701202393e-02
2.335683405399322510e-01
-2.162992954254150391e-01
-1.482318341732025146e-01
-2.602929249405860901e-02
-2.974849194288253784e-03
7.678345590829849243e-02
2.537859790027141571e-02
3.169395774602890015e-02
4.129778966307640076e-02
-1.262297034263610840e-01
-3.996482193470001221e-01
-1.174124106764793396e-01
-8.159784972667694092e-02
-4.007881879806518555e-02
-9.873341768980026245e-03
-1.601925492286682129e-02
1.465101726353168488e-02
-2.139081805944442749e-01
-2.172436006367206573e-02
6.242742761969566345e-03
1.111027523875236511e-01
-7.077250629663467407e-03
-1.160030737519264221e-01
1.418985724449157715e-01
-2.114073187112808228e-02
-3.134889602661132812e-01
-4.597291350364685059e-02
6.620468199253082275e-02
2.062589973211288452e-01
9.574995934963226318e-02
-3.408649563789367676e-02
3.305193781852722168e-02
-1.712727695703506470e-01
1.009943783283233643e-01
-1.561407297849655151e-01
1.301739364862442017e-03
9.161423891782760620e-02
1.733259856700897217e-02
2.238907292485237122e-02
4.554183781147003174e-02
-6.853325664997100830e-02
8.827161043882369995e-02
1.674652397632598877e-01
-2.059995383024215698e-01
-2.567526325583457947e-02
1.506994962692260742e-01
-7.789677381515502930e-02
-2.807090803980827332e-02
-1.034952998161315918e-01
2.205980718135833740e-01
1.481145173311233521e-01
-7.968065142631530762e-02
-2.279178947210311890e-01
1.575209051370620728e-01
-1.619320362806320190e-01
-9.544101357460021973e-02
9.410105645656585693e-02
-1.259215921163558960e-01
-2.270586341619491577e-01
-3.403715789318084717e-01
-3.500659763813018799e-02
4.544979929924011230e-01
1.209992989897727966e-01
-1.085321679711341858e-01
3.993694111704826355e-02
1.485390681773424149e-02
-3.005957789719104767e-02
1.723407655954360962e-01
1.462630033493041992e-01
2.244077250361442566e-02
6.021957099437713623e-02
-1.385961771011352539e-01
7.353273779153823853e-02
2.686133086681365967e-01
-7.839041948318481445e-02
-2.163987979292869568e-02
1.903922855854034424e-01
-2.589890360832214355e-02
3.223047032952308655e-02
2.714728936553001404e-02
8.804219961166381836e-02
-9.703221917152404785e-02
8.483869582414627075e-02
-1.354796588420867920e-01
5.183717608451843262e-02
5.582168698310852051e-02
-1.612233184278011322e-02
-3.588702529668807983e-02
6.536898016929626465e-02
-9.330976009368896484e-02
6.558692455291748047e-02
-1.559587102383375168e-02
-4.917550459504127502e-02
-2.873587235808372498e-02
-1.196882873773574829e-02
-8.432423323392868042e-02
-7.096038013696670532e-02
1.133011579513549805e-01
-1.992494463920593262e-01
2.094675749540328979e-01
1.416835635900497437e-01
6.437741965055465698e-02
1.587461829185485840e-01
7.143104821443557739e-02
6.858439743518829346e-02
-5.137995630502700806e-02
-8.027478307485580444e-02
-2.301839590072631836e-01
-5.409149080514907837e-02
5.756622925400733948e-02
-3.457700088620185852e-02
1.291457116603851318e-01
-7.616388611495494843e-03
