-1.130988746881484985e-01
3.348900377750396729e-02
-1.058924756944179535e-02
-1.215149164199829102e-01
-1.568258702754974365e-01
-5.221279338002204895e-02
-5.072674155235290527e-02
-1.290301233530044556e-01
1.578162461519241333e-01
-1.861564666032791138e-01
2.025739997625350952e-01
-9.261371195316314697e-02
-1.879600286483764648e-01
-5.945133417844772339e-02
-6.926444917917251587e-02
2.179348170757293701e-01
-2.595405876636505127e-01
-1.633519381284713745e-01
2.742778509855270386e-02
1.659279689192771912e-02
8.243214339017868042e-02
-7.024271413683891296e-03
1.005843654274940491e-02
6.342943757772445679e-02
-1.219706535339355469e-01
-3.586994707584381104e-01
-9.313325583934783936e-02
-6.561134755611419678e-02
1.025087106972932816e-02
-2.468543499708175659e-02
-3.088926523923873901e-02
3.642930835485458374e-02
-2.014147490262985229e-01
-2.701844088733196259e-02
1.061175018548965454e-03
7.282392680644989014e-02
8.727057836949825287e-03
-8.558171242475509644e-02
1.714169234037399292e-01
3.025979921221733093e-02
-2.656763792037963867e-01
4.088031873106956482e-02
7.131461799144744873e-02
2.490852773189544678e-01
8.646742999553680420e-02
3.414073213934898376e-02
1.905228011310100555e-02
-1.548133641481399536e-01
1.562736779451370239e-01
-1.770957112312316895e-01
-3.470975160598754883e-02
9.890122711658477783e-02
3.716465085744857788e-02
-6.939427927136421204e-03
1.165829971432685852e-02
-1.159012466669082642e-01
8.720381557941436768e-02
1.093784719705581665e-01
-1.897414177656173706e-01
2.826256304979324341e-02
1.135692149400711060e-01
-2.437450550496578217e-02
1.151442434638738632e-02
-1.479254961013793945e-01
2.438642233610153198e-01
6.318876147270202637e-02
-1.134232804179191589e-01
-1.548355072736740112e-01
8.738384395837783813e-02
-1.394089162349700928e-01
-1.062696054577827454e-01
3.590726107358932495e-02
-1.144280955195426941e-01
-1.892116218805313110e-01
-3.196837902069091797e-01
-5.206498131155967712e-02
3.989458680152893066e-01
1.456754505634307861e-01
-1.326476335525512695e-01
6.841071695089340210e-02
9.532687254250049591e-03
-1.840283907949924469e-02
1.769051849842071533e-01
1.867000162601470947e-01
-1.003708411008119583e-02
6.759142875671386719e-02
-9.057791531085968018e-02
5.565934814512729645e-03
2.211958020925521851e-01
-4.853232949972152710e-02
-1.519261114299297333e-02
1.863783150911331177e-01
3.952302038669586182e-03
1.117263212800025940e-01
-4.205965436995029449e-03
1.911536976695060730e-02
-1.251218467950820923e-01
6.614293158054351807e-02
-1.047639176249504089e-01
4.238175600767135620e-02
-8.284482173621654510e-03
-4.168332740664482117e-02
-2.270678989589214325e-03
9.782728552818298340e-02
-1.398868560791015625e-01
1.319092512130737305e-01
-1.742793619632720947e-02
-1.015676558017730713e-02
-3.670460730791091919e-02
5.464359000325202942e-02
-6.709388643503189087e-02
-3.564385697245597839e-02
5.222426354885101318e-02
-2.352812141180038452e-01
1.848253607749938965e-01
2.022329717874526978e-01
6.499189883470535278e-02
1.404234766960144043e-01
1.034577488899230957e-01
4.586685448884963989e-02
-6.549151241779327393e-02
3.161991760134696960e-02
-2.173546105623245239e-01
-5.389384925365447998e-02
7.640728354454040527e-02
-8.361430466175079346e-02
1.472541838884353638e-01
1.585888676345348358e-03
