-1.121816933155059814e-01
3.783094510436058044e-02
3.241873905062675476e-02
-1.239475309848785400e-01
-1.583985090255737305e-01
-5.534633994102478027e-03
-7.038604468107223511e-02
-1.599260419607162476e-01
1.703075617551803589e-01
-1.678604185581207275e-01
2.997036278247833252e-01
-8.200862258672714233e-02
-1.987798064947128296e-01
-5.453144386410713196e-02
-1.053347066044807434e-01
2.659050822257995605e-01
-2.450919896364212036e-01
-1.463922411203384399e-01
-3.705709800124168396e-02
2.871689945459365845e-02
4.621367901563644409e-02
9.318058378994464874e-03
3.717719018459320068e-02
3.930104523897171021e-02
-6.228287890553474426e-02
-3.989986181259155273e-01
-8.340258896350860596e-02
-3.589266538619995117e-02
3.687485307455062866e-02
-2.841505408287048340e-02
-7.431670278310775757e-02
6.325221806764602661e-02
-2.426634132862091064e-01
-2.968639880418777466e-02
1.023845840245485306e-02
1.090913191437721252e-01
-3.030983731150627136e-02
-9.199981391429901123e-02
1.089901551604270935e-01
-4.714008048176765442e-02
-2.723458707332611084e-01
4.144160076975822449e-03
1.051849722862243652e-01
2.053414136171340942e-01
1.761877238750457764e-01
4.549271240830421448e-02
-9.942892938852310181e-04
-1.586835980415344238e-01
9.529416263103485107e-02
-2.117474526166915894e-01
1.466101966798305511e-02
7.225374877452850342e-02
3.437279909849166870e-02
3.141137957572937012e-02
-1.977771148085594177e-02
-1.211895197629928589e-01
2.835432626307010651e-02
1.834997981786727905e-01
-1.557175219058990479e-01
1.286834292113780975e-02
1.324745714664459229e-01
-9.491543471813201904e-02
-1.269717141985893250e-02
-1.548340320587158203e-01
2.631286680698394775e-01
1.186885684728622437e-01
-1.319263428449630737e-01
-1.720423698425292969e-01
1.106960326433181763e-01
-1.224773004651069641e-01
-6.956072151660919189e-02
-4.153872374445199966e-03
-1.406447887420654297e-01
-2.045665830373764038e-01
-3.349061012268066406e-01
-1.335323601961135864e-02
3.686920404434204102e-01
1.043938696384429932e-01
-1.130172386765480042e-01
6.722426414489746094e-02
3.740274533629417419e-02
2.548225596547126770e-02
1.272523999214172363e-01
1.555580645799636841e-01
7.926924154162406921e-03
1.302614063024520874e-02
-1.104557886719703674e-01
1.838347502052783966e-02
2.306400388479232788e-01
-9.115608036518096924e-02
3.243163600564002991e-02
2.233699560165405273e-01
-8.611623942852020264e-02
4.469200968742370605e-02
-1.216273941099643707e-02
8.707924932241439819e-02
-9.218076616525650024e-02
9.491921961307525635e-02
-1.461535841226577759e-01
5.031422525644302368e-02
-1.142185740172863007e-02
-2.209587767720222473e-02
4.127787426114082336e-03
8.066020160913467407e-02
-9.779452532529830933e-02
8.762165158987045288e-02
-4.670863598585128784e-02
4.473311454057693481e-02
4.655581340193748474e-02
-5.300278589129447937e-02
-4.282184317708015442e-02
-8.910928666591644287e-02
9.246234595775604248e-02
-2.032771408557891846e-01
2.366117089986801147e-01
1.813599467277526855e-01
9.598620235919952393e-02
1.682447493076324463e-01
1.184341832995414734e-01
1.037014052271842957e-01
-1.840760186314582825e-02
-3.286513499915599823e-03
-2.425512373447418213e-01
-7.319618482142686844e-03
1.102356091141700745e-01
-8.721070736646652222e-02
1.031855270266532898e-01
3.013036958873271942e-02
