-1.423286795616149902e-01
7.269483059644699097e-02
1.668403111398220062e-02
-1.462592482566833496e-01
-1.494341343641281128e-01
-1.332506164908409119e-02
-4.695261642336845398e-02
-1.538536399602890015e-01
1.547450870275497437e-01
-1.997934281826019287e-01
2.535573840141296387e-01
-1.045927852392196655e-01
-1.718351542949676514e-01
-9.562326967716217041e-02
-5.157542601227760315e-02
2.493284344673156738e-01
-2.506062388420104980e-01
-1.540559381246566772e-01
-2.535630390048027039e-02
1.253006979823112488e-02
5.676184594631195068e-02
-1.394565403461456299e-02
1.003100536763668060e-02
6.754413247108459473e-02
-7.602667808532714844e-02
-3.684886097908020020e-01
-1.038138419389724731e-01
-6.523405015468597412e-02
-1.576577872037887573e-02
-1.091570220887660980e-02
-7.739933207631111145e-04
4.422511905431747437e-02
-2.092887461185455322e-01
-3.819213062524795532e-02
1.236531604081392288e-02
9.954495728015899658e-02
2.710597217082977295e-02
-8.762029558420181274e-02
7.065954059362411499e-02
-4.746557027101516724e-02
-2.358166426420211792e-01
-3.012030199170112610e-02
7.897782325744628906e-02
1.955018490552902222e-01
1.126570627093315125e-01
5.085598677396774292e-03
1.118709892034530640e-02
-1.282473951578140259e-01
7.594472169876098633e-02
-1.841383427381515503e-01
-3.643943369388580322e-02
5.579002201557159424e-02
2.993192058056592941e-03
1.757964119315147400e-02
-4.519061185419559479e-03
-9.659272432327270508e-02
7.690199464559555054e-02
1.078020930290222168e-01
-1.277956515550613403e-01
-1.296306680887937546e-02
1.326114386320114136e-01
-7.332187145948410034e-02
-4.142871499061584473e-02
-1.179713234305381775e-01
2.427705228328704834e-01
1.181853413581848145e-01
-1.136564463376998901e-01
-2.099402397871017456e-01
1.284541338682174683e-01
-9.774953871965408325e-02
-8.313491195440292358e-02
7.763877045363187790e-03
-1.375034451484680176e-01
-1.548835337162017822e-01
-2.801397442817687988e-01
-4.259587451815605164e-02
3.905896544456481934e-01
1.048482432961463928e-01
-1.279700994491577148e-01
2.686257287859916687e-02
-5.241845175623893738e-02
3.306042030453681946e-02
1.039853915572166443e-01
1.359840929508209229e-01
2.673911489546298981e-02
2.067949622869491577e-02
-9.486252814531326294e-02
5.517997965216636658e-02
2.066750675439834595e-01
-7.782872021198272705e-02
1.210254058241844177e-02
2.180714011192321777e-01
-5.367726832628250122e-02
5.013008043169975281e-02
-1.107521541416645050e-02
3.639090433716773987e-02
-6.223431602120399475e-02
1.141978427767753601e-01
-1.069201081991195679e-01
6.176593899726867676e-02
4.209212958812713623e-02
-3.131997212767601013e-02
-6.142636295408010483e-03
9.943971037864685059e-02
-1.323528736829757690e-01
1.092281118035316467e-01
-2.679414674639701843e-02
4.134667664766311646e-02
2.465054020285606384e-02
4.152599256485700607e-03
-8.045029640197753906e-02
-3.677484393119812012e-02
1.097478196024894714e-01
-1.794951707124710083e-01
1.992680877447128296e-01
2.021921724081039429e-01
7.821036875247955322e-02
1.290072947740554810e-01
1.132832914590835571e-01
8.115313202142715454e-02
-9.179705753922462463e-03
-3.672606498003005981e-02
-2.382220774888992310e-01
-2.636220678687095642e-02
7.159627974033355713e-02
-9.130968898534774780e-02
5.114516988396644592e-02
1.073543168604373932e-02
