-1.768263727426528931e-01
1.106109172105789185e-01
6.692091375589370728e-02
-1.106691360473632812e-01
-1.047348156571388245e-01
-8.145646005868911743e-02
-5.121768265962600708e-02
-1.361853182315826416e-01
2.017856687307357788e-01
-2.303974032402038574e-01
1.679627597332000732e-01
-7.418055832386016846e-02
-2.080438286066055298e-01
-5.942917615175247192e-02
-6.519265472888946533e-02
2.381686568260192871e-01
-2.213323712348937988e-01
-1.565032154321670532e-01
-7.216645032167434692e-02
-8.667834848165512085e-02
9.209955483675003052e-02
4.508112370967864990e-02
-1.119519397616386414e-02
1.247818991541862488e-01
-1.769324988126754761e-01
-3.829016685485839844e-01
-6.292854249477386475e-02
-5.007393658161163330e-02
-3.236021846532821655e-02
-7.069430500268936157e-02
7.437217980623245239e-03
1.153682619333267212e-01
-2.330590784549713135e-01
-3.786199167370796204e-02
-1.872319728136062622e-02
1.883909106254577637e-01
4.346752911806106567e-02
-5.724519863724708557e-02
1.224199831485748291e-01
-3.535340353846549988e-02
-2.392522692680358887e-01
-1.306854840368032455e-02
9.338282048702239990e-02
2.166970521211624146e-01
1.592242866754531860e-01
-5.021715909242630005e-02
2.592931501567363739e-02
-9.894065558910369873e-02
1.192992702126502991e-01
-2.231269329786300659e-01
-8.161871135234832764e-02
1.169368624687194824e-01
2.441908977925777435e-02
2.908891625702381134e-02
8.602025359869003296e-02
-1.209770143032073975e-01
3.780518472194671631e-02
1.057979464530944824e-01
-2.201128304004669189e-01
-5.114681646227836609e-02
1.139287836849689484e-02
-1.462111622095108032e-01
-6.650334596633911133e-02
-6.806695461273193359e-02
2.008252888917922974e-01
1.230598539113998413e-01
-7.546424865722656250e-02
-1.698975712060928345e-01
2.193310260772705078e-01
-1.737331598997116089e-01
-2.310140803456306458e-02
5.518027767539024353e-02
-9.134411811828613281e-02
-1.446215361356735229e-01
-2.899594902992248535e-01
-3.134894371032714844e-02
3.946531713008880615e-01
1.186250075697898865e-01
-1.279161870479583740e-01
1.639508455991744995e-01
-3.565311804413795471e-02
-5.810263752937316895e-02
4.895274713635444641e-02
1.418594866991043091e-01
7.219776511192321777e-03
6.893227994441986084e-02
-4.532800242304801941e-02
1.635986417531967163e-01
1.622324734926223755e-01
-7.512795738875865936e-03
2.620027400553226471e-02
1.768227219581604004e-01
-3.628017380833625793e-03
6.119389086961746216e-03
4.750671982765197754e-02
5.681938026100397110e-03
-1.771630197763442993e-01
2.531778067350387573e-02
-1.285581439733505249e-01
3.054007887840270996e-03
5.889900401234626770e-02
-9.755536913871765137e-03
-4.776889458298683167e-03
6.961095333099365234e-02
-1.309189200401306152e-01
1.455113142728805542e-01
-3.675907105207443237e-02
-7.018710672855377197e-02
-3.392920643091201782e-02
2.522970922291278839e-02
-6.423501670360565186e-02
-2.747501991689205170e-02
1.215180903673171997e-01
-2.065129429101943970e-01
1.948132216930389404e-01
1.543012410402297974e-01
-8.985655754804611206e-02
1.874929964542388916e-01
4.344141855835914612e-02
9.139063954353332520e-02
-7.436089217662811279e-04
-9.786113165318965912e-03
-1.595230996608734131e-01
-7.627983391284942627e-02
1.090833693742752075e-01
-1.150255873799324036e-01
1.160990670323371887e-01
-3.414927795529365540e-02
