-1.322556287050247192e-01
4.238398000597953796e-02
6.798876821994781494e-02
-4.358168691396713257e-02
-1.486580967903137207e-01
-8.503289893269538879e-03
-4.878525808453559875e-02
-1.489342749118804932e-01
1.229208037257194519e-01
-9.779587388038635254e-02
3.245819211006164551e-01
-8.741762489080429077e-02
-2.142088711261749268e-01
-9.383738785982131958e-02
-7.803589850664138794e-02
2.003012746572494507e-01
-1.772034317255020142e-01
-6.207741796970367432e-02
-3.223954886198043823e-02
2.120685763657093048e-02
6.479190289974212646e-02
3.229457652196288109e-03
3.976507484912872314e-02
2.465948462486267090e-02
-1.565191745758056641e-01
-3.989465236663818359e-01
-7.507921010255813599e-02
-7.917418330907821655e-02
-3.520605340600013733e-02
-4.313327372074127197e-02
-1.047424376010894775e-01
8.476867526769638062e-02
-2.026418000459671021e-01
-2.157344669103622437e-02
-3.428766503930091858e-03
8.858548104763031006e-02
-2.265599928796291351e-02
-5.186362564563751221e-02
1.128295287489891052e-01
-6.260158494114875793e-03
-2.268323004245758057e-01
-3.295613080263137817e-02
4.636767506599426270e-02
2.075431048870086670e-01
1.544778496026992798e-01
-8.877246640622615814e-03
1.484724879264831543e-02
-1.207229495048522949e-01
1.019725427031517029e-01
-1.582627892494201660e-01
-5.320388078689575195e-02
8.946056663990020752e-02
6.896921992301940918e-02
1.841151155531406403e-02
-2.200281806290149689e-02
-7.687409222126007080e-02
5.637920461595058441e-03
1.592074185609817505e-01
-1.642788350582122803e-01
1.445807982236146927e-03
5.634562671184539795e-02
-1.067266687750816345e-01
-5.899049341678619385e-02
-1.255661398172378540e-01
2.662781774997711182e-01
1.234752461314201355e-01
-1.337387710809707642e-01
-1.506403088569641113e-01
1.116420328617095947e-01
-7.601834088563919067e-02
-5.301107093691825867e-02
4.143073409795761108e-02
-1.885331720113754272e-01
-2.195163667201995850e-01
-3.381590545177459717e-01
2.384379878640174866e-02
4.055753946304321289e-01
5.718352645635604858e-02
-1.739297509193420410e-01
-1.193506456911563873e-02
-5.624258890748023987e-02
6.946404930204153061e-03
1.095813959836959839e-01
1.175056770443916321e-01
-1.293439231812953949e-02
2.843899838626384735e-02
-9.985890239477157593e-02
4.729019105434417725e-02
2.162029147148132324e-01
-1.132106706500053406e-01
1.666382700204849243e-02
2.267363369464874268e-01
-6.049461662769317627e-02
8.003107458353042603e-02
-1.899037510156631470e-02
3.225870430469512939e-02
-8.684056252241134644e-02
8.216485381126403809e-02
-8.580860495567321777e-02
2.739373035728931427e-02
6.277679651975631714e-02
-7.513914257287979126e-02
5.201576277613639832e-02
1.116838082671165466e-01
-1.394353955984115601e-01
5.519726127386093140e-02
-5.452057346701622009e-03
3.552068024873733521e-02
9.740492701530456543e-02
-4.541367664933204651e-02
-9.267604351043701172e-02
-1.076751798391342163e-01
1.123209968209266663e-01
-2.420011758804321289e-01
2.005692869424819946e-01
1.668974161148071289e-01
7.774741202592849731e-02
1.172907650470733643e-01
8.031889796257019043e-02
6.269361823797225952e-02
-5.527539551258087158e-02
2.579130791127681732e-02
-1.883280277252197266e-01
3.253568336367607117e-02
1.357146948575973511e-01
-7.874435186386108398e-02
5.484088137745857239e-02
-3.785131126642227173e-02
