-8.925271779298782349e-02
6.681247055530548096e-02
4.308017715811729431e-02
-1.512158215045928955e-01
-1.072698682546615601e-01
6.503788754343986511e-04
-1.064703091979026794e-01
-9.698050469160079956e-02
1.540340930223464966e-01
-1.983508169651031494e-01
1.914195120334625244e-01
-1.297095417976379395e-01
-1.924395710229873657e-01
-7.368033379316329956e-02
-3.154232725501060486e-02
2.567475140094757080e-01
-2.041461169719696045e-01
-1.866069436073303223e-01
-4.793212562799453735e-02
-1.605787500739097595e-02
4.528266564011573792e-02
2.465303614735603333e-02
3.059797920286655426e-03
7.098823785781860352e-02
-1.305526047945022583e-01
-3.814653754234313965e-01
-4.371691122651100159e-02
-6.781428307294845581e-02
-5.525508522987365723e-02
-9.144343435764312744e-02
-1.968663930892944336e-02
6.952195614576339722e-02
-2.252621650695800781e-01
9.798729792237281799e-03
-3.895224258303642273e-02
1.011870279908180237e-01
5.330283939838409424e-02
-7.292710989713668823e-02
1.340120434761047363e-01
3.252051770687103271e-02
-3.115057945251464844e-01
4.274836182594299316e-02
5.828670412302017212e-02
2.047166079282760620e-01
1.426771581172943115e-01
-1.028103870339691639e-03
-6.224570795893669128e-03
-1.138470694422721863e-01
1.118251308798789978e-01
-2.167263776063919067e-01
-1.625439524650573730e-02
7.210132479667663574e-02
2.268284372985363007e-02
1.826377958059310913e-02
-5.707375705242156982e-03
-1.127785742282867432e-01
5.001698434352874756e-02
1.044591367244720459e-01
-1.979125887155532837e-01
-2.851921692490577698e-02
5.433098599314689636e-02
-8.646933734416961670e-02
-1.665552705526351929e-02
-1.070271059870719910e-01
2.261769026517868042e-01
1.519180387258529663e-01
-6.352598220109939575e-02
-2.371476888656616211e-01
7.770398259162902832e-02
-1.337428241968154907e-01
-1.052412688732147217e-01
9.618978947401046753e-02
-1.197811961174011230e-01
-1.326598227024078369e-01
-3.573869168758392334e-01
-3.354487940669059753e-02
3.009555935859680176e-01
9.467300027608871460e-02
-1.687890887260437012e-01
5.559889599680900574e-02
1.673072576522827148e-02
-1.151024177670478821e-02
1.189351230859756470e-01
1.596287488937377930e-01
2.319227717816829681e-02
5.478610098361968994e-02
-5.244537442922592163e-02
5.255139619112014771e-02
2.317711263895034790e-01
-5.955877900123596191e-02
-3.952961415052413940e-02
1.732617169618606567e-01
-2.883870340883731842e-02
7.165992259979248047e-02
-2.769393846392631531e-02
3.425430506467819214e-02
-9.099708497524261475e-02
6.862026453018188477e-02
-1.291105598211288452e-01
4.896086174994707108e-03
2.283294312655925751e-02
7.632459700107574463e-02
-2.436637133359909058e-02
1.048653647303581238e-01
-1.581476032733917236e-01
1.361083239316940308e-01
-4.300550743937492371e-02
-5.583311989903450012e-02
-2.914194017648696899e-02
3.764769807457923889e-02
-1.759675331413745880e-02
-3.209239989519119263e-02
1.025361567735671997e-01
-1.971379667520523071e-01
1.742158681154251099e-01
2.088932394981384277e-01
6.620864570140838623e-02
1.065020710229873657e-01
9.735072404146194458e-02
3.077881783246994019e-02
-3.581923618912696838e-02
1.360896416008472443e-02
-2.374278008937835693e-01
-2.212842553853988647e-02
1.301385164260864258e-01
-5.498284846544265747e-02
1.152800321578979492e-01
9.660954587161540985e-03
