-1.273297518491744995e-01
-2.822018414735794067e-02
3.490038216114044189e-04
-1.256345659494400024e-01
-1.317135989665985107e-01
-4.561243206262588501e-02
-4.703173041343688965e-02
-1.158796176314353943e-01
1.806952804327011108e-01
-1.557659804821014404e-01
1.784080564975738525e-01
-9.188531339168548584e-02
-2.092296183109283447e-01
-7.211185991764068604e-02
-4.519551619887351990e-02
2.185069769620895386e-01
-2.355735599994659424e-01
-2.034380435943603516e-01
-3.829523175954818726e-02
-1.058210898190736771e-02
3.896536305546760559e-02
1.112799346446990967e-02
8.279450237751007080e-03
4.961060732603073120e-02
-8.636294305324554443e-02
-4.126516282558441162e-01
-1.039249598979949951e-01
-1.090675294399261475e-01
3.516430966556072235e-03
-1.245856191962957382e-02
-8.488452062010765076e-03
1.090650632977485657e-01
-1.918822377920150757e-01
-1.956696622073650360e-02
6.492559611797332764e-02
1.084226742386817932e-01
1.417314168065786362e-02
-9.040494263172149658e-02
1.439438313245773315e-01
-4.150140285491943359e-02
-2.668716609477996826e-01
-8.260435611009597778e-02
1.074672490358352661e-01
2.116091847419738770e-01
1.155263185501098633e-01
3.016315400600433350e-02
-1.081807352602481842e-02
-7.826558500528335571e-02
1.122885867953300476e-01
-1.957712024450302124e-01
-7.465854287147521973e-05
9.041517227888107300e-02
8.269891142845153809e-02
1.237831264734268188e-02
8.059169352054595947e-02
-1.199346631765365601e-01
8.242611587047576904e-02
1.141012087464332581e-01
-1.782264113426208496e-01
-4.983499646186828613e-02
4.506282135844230652e-02
-4.372249171137809753e-02
-4.093722626566886902e-02
-8.841300755739212036e-02
2.965282797813415527e-01
1.121505573391914368e-01
-8.420821279287338257e-02
-1.884763240814208984e-01
1.628136336803436279e-01
-1.311472058296203613e-01
-8.360324800014495850e-02
2.291707322001457214e-02
-1.669535189867019653e-01
-1.515158563852310181e-01
-2.863877415657043457e-01
-6.243955343961715698e-02
3.333961367607116699e-01
5.898790434002876282e-02
-1.403646022081375122e-01
1.042286753654479980e-01
2.077317051589488983e-02
1.200584694743156433e-02
1.115111410617828369e-01
9.862016141414642334e-02
-7.381040602922439575e-02
9.432310611009597778e-02
-8.730371296405792236e-02
5.466270260512828827e-03
2.313543260097503662e-01
-7.885784655809402466e-02
-1.179933641105890274e-02
1.551698744297027588e-01
-4.837073758244514465e-02
3.005496412515640259e-02
5.223272368311882019e-02
-4.062834009528160095e-02
-2.183449268341064453e-02
3.343376889824867249e-02
-1.862232685089111328e-01
-7.278177887201309204e-03
9.835459291934967041e-02
1.970219239592552185e-02
-2.157647721469402313e-02
1.054177358746528625e-01
-1.466270387172698975e-01
2.169848419725894928e-02
-1.793286204338073730e-02
-3.324626758694648743e-02
-1.165413483977317810e-02
-1.117752678692340851e-02
-1.235145479440689087e-01
-8.568216860294342041e-02
1.113660559058189392e-01
-2.105215489864349365e-01
1.926623731851577759e-01
1.673471778631210327e-01
5.971796438097953796e-02
1.187226697802543640e-01
7.228252291679382324e-02
5.659432150423526764e-03
-2.155054546892642975e-02
-1.354811806231737137e-02
-2.123430669307708740e-01
-2.427120320498943329e-02
1.800211668014526367e-01
-4.475446790456771851e-02
5.058264732360839844e-02
-1.276620663702487946e-02
