-1.496398895978927612e-01
1.183199211955070496e-01
6.759607046842575073e-02
-8.587968349456787109e-02
-1.109746918082237244e-01
2.292147465050220490e-02
-8.286283910274505615e-02
-1.703028529882431030e-01
2.059549093246459961e-01
-2.138275802135467529e-01
2.305076420307159424e-01
-1.250499635934829712e-01
-2.655829191207885742e-01
-4.491546005010604858e-02
-3.906720131635665894e-02
2.486852258443832397e-01
-2.026566118001937866e-01
-2.041388303041458130e-01
-1.815251260995864868e-02
1.423508860170841217e-03
2.300242893397808075e-02
3.029630891978740692e-02
-8.049442549236118793e-04
2.815768867731094360e-02
-1.102494224905967712e-01
-3.962035179138183594e-01
-8.693367242813110352e-02
-7.384602725505828857e-02
4.193745553493499756e-03
-7.334608584642410278e-02
-5.519716441631317139e-02
4.860481247305870056e-03
-2.253614217042922974e-01
-4.879441112279891968e-02
5.149934440851211548e-03
1.664163321256637573e-01
2.877939119935035706e-02
-1.233714669942855835e-01
1.583838760852813721e-01
-3.050190582871437073e-02
-2.961103320121765137e-01
-6.469571590423583984e-02
8.071838319301605225e-02
2.532641887664794922e-01
1.313959062099456787e-01
-7.452041655778884888e-02
-5.751568824052810669e-04
-1.586228013038635254e-01
1.262289583683013916e-01
-1.912095099687576294e-01
-4.025398567318916321e-02
8.159457147121429443e-02
7.748516649007797241e-02
5.383599549531936646e-02
1.598907262086868286e-02
-9.977941960096359253e-02
4.514270275831222534e-02
1.722443550825119019e-01
-1.443653553724288940e-01
-3.758440911769866943e-02
1.255292296409606934e-01
-7.901483029127120972e-02
-2.704141661524772644e-02
-9.301751852035522461e-02
2.857339680194854736e-01
8.412903547286987305e-02
-8.916539698839187622e-02
-2.074663788080215454e-01
1.521694511175155640e-01
-9.849670529365539551e-02
-8.636989444494247437e-02
5.550785735249519348e-02
-1.252619624137878418e-01
-1.565769314765930176e-01
-3.183609247207641602e-01
-2.351256087422370911e-02
3.952517807483673096e-01
3.146276995539665222e-02
-1.714428663253784180e-01
9.861324727535247803e-02
-2.448407933115959167e-02
-2.705357968807220459e-02
9.414023905992507935e-02
1.888710409402847290e-01
4.035983979701995850e-02
7.946502417325973511e-02
-6.248369812965393066e-02
5.164755135774612427e-02
2.889952361583709717e-01
-9.537051618099212646e-02
4.992483928799629211e-02
1.515269279479980469e-01
-4.414015263319015503e-02
2.854116261005401611e-02
4.191850125789642334e-02
6.032649427652359009e-02
-8.614245057106018066e-02
5.549572780728340149e-02
-1.549475491046905518e-01
5.770014133304357529e-03
4.772622510790824890e-02
-2.989060059189796448e-02
-1.786184869706630707e-02
1.113873571157455444e-01
-2.176120132207870483e-01
1.223390549421310425e-01
2.423198893666267395e-02
-4.563568904995918274e-02
6.930571049451828003e-02
-3.611119464039802551e-02
-9.863898158073425293e-03
-5.868497490882873535e-02
1.708686351776123047e-01
-2.601360678672790527e-01
1.802467107772827148e-01
1.791479289531707764e-01
8.679855614900588989e-03
1.518926471471786499e-01
5.536925420165061951e-02
1.021737232804298401e-01
-9.651079773902893066e-03
1.898215711116790771e-02
-2.343979924917221069e-01
-5.770125240087509155e-02
8.971711993217468262e-02
-5.487658083438873291e-02
3.773805499076843262e-02
-7.633559405803680420e-03
