-1.231727674603462219e-01
4.611529409885406494e-02
1.982879824936389923e-02
-8.212254941463470459e-02
-1.226096078753471375e-01
-6.551668979227542877e-03
-6.777581572532653809e-02
-1.142748445272445679e-01
1.451937109231948853e-01
-1.664253324270248413e-01
2.730672061443328857e-01
-6.791894882917404175e-02
-2.396286427974700928e-01
-9.049981087446212769e-02
-5.870048701763153076e-02
2.205376178026199341e-01
-1.973210871219635010e-01
-1.412582546472549438e-01
-3.430498391389846802e-02
-1.112826168537139893e-03
6.950316578149795532e-02
-5.330891814082860947e-03
9.169766679406166077e-03
7.316622883081436157e-02
-1.191970184445381165e-01
-4.022051393985748291e-01
-9.820763766765594482e-02
-6.432569026947021484e-02
-2.775760740041732788e-02
-5.462218448519706726e-02
-5.259768664836883545e-02
1.008576974272727966e-01
-2.069038599729537964e-01
-4.050107672810554504e-02
-2.098102122545242310e-03
1.315260529518127441e-01
4.770194180309772491e-03
-3.290381282567977905e-02
9.521728754043579102e-02
-8.894084952771663666e-03
-2.526554465293884277e-01
-8.642887696623802185e-03
4.490762203931808472e-02
2.171246260404586792e-01
1.564390361309051514e-01
5.406846851110458374e-02
4.275510460138320923e-02
-1.402477174997329712e-01
9.572558104991912842e-02
-1.889478415250778198e-01
-1.121647842228412628e-02
1.124412640929222107e-01
3.716634958982467651e-02
4.013036191463470459e-02
-3.507103770971298218e-03
-1.169369742274284363e-01
1.733919605612754822e-02
1.204674318432807922e-01
-1.006395667791366577e-01
-1.806507259607315063e-02
7.682964205741882324e-02
-9.182685613632202148e-02
-2.371311932802200317e-02
-1.318965256214141846e-01
2.259985208511352539e-01
8.315013349056243896e-02
-1.219967156648635864e-01
-1.572352796792984009e-01
1.428492516279220581e-01
-1.375432014465332031e-01
-9.298171103000640869e-02
4.089275747537612915e-02
-1.506288051605224609e-01
-1.898511946201324463e-01
-3.198659718036651611e-01
8.762123063206672668e-03
3.821074068546295166e-01
8.794149756431579590e-02
-1.277109235525131226e-01
7.179869711399078369e-02
7.785636000335216522e-03
1.144052110612392426e-02
1.210053041577339172e-01
1.756701022386550903e-01
1.100674644112586975e-02
4.136707261204719543e-02
-6.897288560867309570e-02
5.671251565217971802e-02
2.238587290048599243e-01
-6.919018924236297607e-02
2.685139328241348267e-02
1.962415874004364014e-01
-5.923163145780563354e-02
1.178086176514625549e-01
3.431143611669540405e-02
6.637524068355560303e-02
-5.312701314687728882e-02
9.142132848501205444e-02
-1.049979403614997864e-01
7.992492616176605225e-02
2.693039923906326294e-02
-3.301247209310531616e-02
-7.467563729733228683e-03
5.120011046528816223e-02
-8.609008789062500000e-02
1.030789911746978760e-01
-3.224402293562889099e-02
5.306347087025642395e-02
2.911687269806861877e-02
-8.503248915076255798e-03
-7.841062545776367188e-02
-6.146154180169105530e-02
1.142476052045822144e-01
-2.268075942993164062e-01
2.111319750547409058e-01
1.987225711345672607e-01
2.777439914643764496e-02
1.328802704811096191e-01
1.219329237937927246e-01
1.087738871574401855e-01
-2.322908490896224976e-02
-3.341428190469741821e-02
-2.565709352493286133e-01
-1.919620484113693237e-02
1.306650340557098389e-01
-9.011888504028320312e-02
5.058810487389564514e-02
-2.940349467098712921e-02
