-7.642076164484024048e-02
2.253003418445587158e-02
8.444136381149291992e-02
-9.880156815052032471e-02
-1.173692271113395691e-01
-1.172337494790554047e-02
-1.367292255163192749e-01
-1.013430804014205933e-01
1.295648962259292603e-01
-2.043345868587493896e-01
2.114357203245162964e-01
-8.111490309238433838e-02
-1.790157854557037354e-01
-4.978349059820175171e-02
-8.916018903255462646e-02
2.485805600881576538e-01
-1.719915568828582764e-01
-1.884617060422897339e-01
1.184865552932024002e-02
1.606839895248413086e-02
4.439632222056388855e-02
-7.805693894624710083e-03
5.328018683940172195e-03
4.033596441149711609e-02
-1.906435638666152954e-01
-4.070405364036560059e-01
-7.615742832422256470e-02
-2.112013660371303558e-02
-8.678828924894332886e-02
-5.599391460418701172e-02
-6.437726318836212158e-02
1.126158162951469421e-01
-2.203090488910675049e-01
5.762840807437896729e-02
-2.866049483418464661e-02
1.344646364450454712e-01
4.616482555866241455e-02
-7.150886207818984985e-02
9.471190720796585083e-02
6.339144706726074219e-02
-3.419960737228393555e-01
2.931994199752807617e-02
6.206628680229187012e-02
2.460437119007110596e-01
1.391901820898056030e-01
-2.234817855060100555e-02
5.630623176693916321e-02
-1.170004755258560181e-01
1.177011653780937195e-01
-1.989273428916931152e-01
2.702675759792327881e-02
5.924389511346817017e-02
6.425464153289794922e-02
-9.947737678885459900e-03
1.487323362380266190e-02
-1.206580698490142822e-01
2.882288023829460144e-02
1.300076544284820557e-01
-1.625868380069732666e-01
-2.488375641405582428e-03
6.011698022484779358e-02
-8.605611324310302734e-02
-1.252309046685695648e-02
-1.491324901580810547e-01
2.379697263240814209e-01
2.074859291315078735e-01
-7.925777137279510498e-02
-2.313464730978012085e-01
1.452956795692443848e-01
-1.301224976778030396e-01
-1.036635041236877441e-01
4.354859888553619385e-02
-1.277951449155807495e-01
-1.508411020040512085e-01
-4.001193046569824219e-01
-4.557244107127189636e-02
3.074631989002227783e-01
1.044694557785987854e-01
-1.647066920995712280e-01
9.827367216348648071e-02
4.170181229710578918e-02
3.236092627048492432e-02
1.084520369768142700e-01
2.163566052913665771e-01
-8.419816382229328156e-03
1.361427903175354004e-01
-7.103417068719863892e-02
3.883821889758110046e-02
2.453496009111404419e-01
-4.615898802876472473e-02
-4.150639101862907410e-02
1.404370516538619995e-01
-5.430369824171066284e-02
5.401532351970672607e-02
1.779510267078876495e-02
2.856544405221939087e-02
-1.329420208930969238e-01
6.531881541013717651e-02
-1.488303691148757935e-01
7.039490155875682831e-04
-1.852714829146862030e-02
2.926297485828399658e-02
-1.042070612311363220e-02
1.246758401393890381e-01
-1.447967588901519775e-01
1.353502124547958374e-01
-5.780148133635520935e-02
-2.439385466277599335e-02
4.156256094574928284e-03
5.167175829410552979e-02
-1.578610017895698547e-02
-5.592097714543342590e-02
5.505349487066268921e-02
-2.247759103775024414e-01
1.543437838554382324e-01
1.537626981735229492e-01
7.869318127632141113e-02
1.368712633848190308e-01
1.231068000197410583e-01
6.806744635105133057e-02
-4.934597760438919067e-02
1.947682164609432220e-02
-2.263116091489791870e-01
-6.759905256330966949e-03
9.173291921615600586e-02
-9.252832084894180298e-02
1.169959604740142822e-01
3.080588020384311676e-02
