-1.764706820249557495e-01
8.434630930423736572e-02
5.418804660439491272e-02
-1.101037859916687012e-01
-1.821428090333938599e-01
-8.166559785604476929e-02
-3.431835025548934937e-02
-1.437421590089797974e-01
1.426925510168075562e-01
-1.965811997652053833e-01
2.416679114103317261e-01
-1.225800663232803345e-01
-1.697705686092376709e-01
-9.116449952125549316e-02
-5.795319750905036926e-02
2.213603258132934570e-01
-2.440434545278549194e-01
-1.410755366086959839e-01
-5.681307241320610046e-02
-3.664416074752807617e-02
4.994647577404975891e-02
9.550800547003746033e-03
2.889591827988624573e-02
6.579028069972991943e-02
-3.015298955142498016e-02
-4.332576990127563477e-01
-9.826683253049850464e-02
-5.499140918254852295e-02
6.359715759754180908e-02
-2.461999282240867615e-02
1.822640560567378998e-02
9.273593127727508545e-02
-2.195264399051666260e-01
-5.452352017164230347e-02
-3.293498605489730835e-02
8.149357140064239502e-02
3.401093184947967529e-02
-1.530004292726516724e-02
1.244233697652816772e-01
-5.423956364393234253e-02
-2.623041868209838867e-01
2.822493575513362885e-02
8.196308463811874390e-02
2.366796135902404785e-01
1.261358261108398438e-01
3.833249956369400024e-02
-3.586206585168838501e-04
-9.701787680387496948e-02
1.125384271144866943e-01
-1.877644509077072144e-01
-1.616891846060752869e-02
9.404304623603820801e-02
3.505042195320129395e-02
-9.189444594085216522e-03
2.102947607636451721e-02
-7.403837144374847412e-02
6.127589568495750427e-02
1.559288203716278076e-01
-2.136459797620773315e-01
2.034354768693447113e-02
1.248491853475570679e-01
-1.008951663970947266e-01
-2.848456799983978271e-02
-8.898304402828216553e-02
2.427600175142288208e-01
1.185978278517723083e-01
-9.066931158304214478e-02
-1.655538827180862427e-01
1.047744005918502808e-01
-1.577774733304977417e-01
-4.997030273079872131e-02
3.762617334723472595e-02
-1.183629408478736877e-01
-1.376954168081283569e-01
-3.187437653541564941e-01
1.887959614396095276e-02
4.678462147712707520e-01
1.045423150062561035e-01
-9.785078465938568115e-02
5.520420148968696594e-02
2.179810311645269394e-03
-2.541998773813247681e-02
1.437601596117019653e-01
1.427726298570632935e-01
-7.495284825563430786e-02
-2.288734540343284607e-04
-8.704754710197448730e-02
6.397828459739685059e-02
1.592552363872528076e-01
-1.153215393424034119e-02
-1.347363181412220001e-02
2.104490250349044800e-01
-1.197081990540027618e-02
7.825490832328796387e-02
-2.142340410500764847e-03
1.611164212226867676e-02
-8.646743744611740112e-02
3.847095370292663574e-02
-1.190776973962783813e-01
4.866544157266616821e-02
-6.704581901431083679e-04
-5.586384236812591553e-02
-3.100192360579967499e-02
4.532981663942337036e-02
-1.194961965084075928e-01
1.219840273261070251e-01
-3.678170964121818542e-02
1.774825155735015869e-02
-2.894645929336547852e-02
2.930942736566066742e-02
-3.672993928194046021e-02
-3.411450982093811035e-02
8.054002374410629272e-02
-1.936727613210678101e-01
2.041811794042587280e-01
1.974440515041351318e-01
4.848833754658699036e-02
1.762572079896926880e-01
9.879592806100845337e-02
5.368949472904205322e-02
-1.530339382588863373e-02
-1.652486622333526611e-02
-1.651995480060577393e-01
-3.736557811498641968e-02
1.399298608303070068e-01
-1.118945479393005371e-01
1.261440068483352661e-01
4.419106524437665939e-03
