-1.023658514022827148e-01
6.826680153608322144e-02
-1.920865289866924286e-02
-1.680173873901367188e-01
-1.354211270809173584e-01
-4.557929188013076782e-02
-1.353210955858230591e-01
-1.832105815410614014e-01
1.904748231172561646e-01
-2.334776371717453003e-01
2.219908982515335083e-01
-7.271678745746612549e-02
-1.782949417829513550e-01
-1.022245138883590698e-01
-7.300361245870590210e-02
2.550369799137115479e-01
-2.577746510505676270e-01
-1.883417069911956787e-01
-2.193148061633110046e-02
1.088075339794158936e-03
3.347082808613777161e-02
4.778332076966762543e-03
1.975119858980178833e-02
8.776343613862991333e-02
-8.020810782909393311e-02
-4.023258686065673828e-01
-1.294532418251037598e-01
-1.379563063383102417e-01
-3.064103797078132629e-02
-5.381062626838684082e-02
-2.269450575113296509e-02
3.142950590699911118e-03
-1.770180761814117432e-01
-3.577703237533569336e-02
1.963321492075920105e-02
8.733524382114410400e-02
3.831714019179344177e-02
-9.606273472309112549e-02
9.198699891567230225e-02
8.326339535415172577e-03
-2.717436552047729492e-01
-6.144495680928230286e-03
9.834454953670501709e-02
2.271750420331954956e-01
1.861532032489776611e-01
2.237866260111331940e-02
1.222799252718687057e-02
-1.380995661020278931e-01
1.466931402683258057e-01
-1.812182515859603882e-01
-1.966928690671920776e-02
3.328137099742889404e-02
5.214074254035949707e-02
-5.530036985874176025e-03
5.847501009702682495e-02
-1.086730584502220154e-01
6.254024058580398560e-02
1.575108319520950317e-01
-2.049928158521652222e-01
1.878748834133148193e-02
1.160647869110107422e-01
-4.016536846756935120e-02
-3.935719281435012817e-02
-7.963830232620239258e-02
2.990771830081939697e-01
1.657780557870864868e-01
-1.417830139398574829e-01
-1.758838593959808350e-01
1.478048563003540039e-01
-1.698250174522399902e-01
-7.632674276828765869e-02
1.038908865302801132e-02
-1.295554935932159424e-01
-1.770964413881301880e-01
-2.562906146049499512e-01
-6.741224229335784912e-02
4.108786284923553467e-01
1.319782286882400513e-01
-1.532567441463470459e-01
3.510762751102447510e-02
-1.373029407113790512e-02
2.828040160238742828e-04
1.202768236398696899e-01
1.486859917640686035e-01
5.576372146606445312e-03
1.863274350762367249e-02
-7.367486506700515747e-02
-1.738258451223373413e-02
2.426436543464660645e-01
-3.646101057529449463e-02
3.167502582073211670e-02
2.304936051368713379e-01
-8.584252744913101196e-02
4.971272498369216919e-02
1.780867762863636017e-02
1.867346279323101044e-02
-1.359566450119018555e-01
6.097819656133651733e-02
-1.335523277521133423e-01
-1.201902516186237335e-02
-2.450149506330490112e-02
-3.642183542251586914e-02
-1.586101949214935303e-02
7.055804133415222168e-02
-1.202597841620445251e-01
9.314128756523132324e-02
-3.105950728058815002e-02
5.883300676941871643e-03
-1.591224689036607742e-03
3.961363434791564941e-02
-5.771018192172050476e-02
-7.715932279825210571e-02
1.382366120815277100e-01
-1.724072247743606567e-01
2.020882964134216309e-01
1.811037063598632812e-01
9.754350036382675171e-02
1.451054811477661133e-01
9.642457216978073120e-02
7.405774295330047607e-02
-2.902358211576938629e-02
-3.747230395674705505e-02
-2.231003493070602417e-01
-3.164800256490707397e-02
6.462692469358444214e-02
-1.076624915003776550e-01
1.085831299424171448e-01
-2.736696228384971619e-02
