-1.018419936299324036e-01
7.669112831354141235e-02
4.245056770741939545e-04
-1.404062211513519287e-01
-1.199174523353576660e-01
-2.733020577579736710e-03
-1.292037218809127808e-01
-9.656932204961776733e-02
1.939393877983093262e-01
-2.509559392929077148e-01
1.998714506626129150e-01
-7.553207874298095703e-02
-1.699541062116622925e-01
-5.140294879674911499e-02
-5.721481516957283020e-02
2.204587161540985107e-01
-2.218549698591232300e-01
-1.833115518093109131e-01
-1.499133557081222534e-02
1.756159588694572449e-02
8.271430432796478271e-02
1.999498717486858368e-02
-2.524933591485023499e-02
7.229090481996536255e-02
-1.354817301034927368e-01
-3.999272584915161133e-01
-8.528707176446914673e-02
-4.738396406173706055e-02
-1.346893515437841415e-02
-7.298867404460906982e-02
-3.843276202678680420e-02
2.550666220486164093e-02
-2.183858901262283325e-01
9.307761676609516144e-03
-6.291813217103481293e-03
1.105747520923614502e-01
3.051845170557498932e-02
-7.670249044895172119e-02
1.540588885545730591e-01
4.104250669479370117e-02
-3.260136246681213379e-01
2.586787007749080658e-02
2.629799395799636841e-02
2.049418836832046509e-01
9.031929075717926025e-02
2.015094645321369171e-02
3.161313012242317200e-03
-1.531865298748016357e-01
1.640165597200393677e-01
-1.610902398824691772e-01
1.702788844704627991e-02
1.272438019514083862e-01
2.136432938277721405e-02
2.629385516047477722e-02
1.251441799104213715e-02
-9.348595142364501953e-02
8.101930469274520874e-02
1.574911177158355713e-01
-1.892734020948410034e-01
-2.544345892965793610e-02
9.954073280096054077e-02
-8.629371225833892822e-02
1.110482402145862579e-02
-1.006470322608947754e-01
2.121605873107910156e-01
1.511566042900085449e-01
-5.838092416524887085e-02
-2.440935075283050537e-01
1.316066533327102661e-01
-1.488306075334548950e-01
-8.599086105823516846e-02
8.273810148239135742e-02
-9.013705700635910034e-02
-1.683786958456039429e-01
-2.665157020092010498e-01
-2.174086123704910278e-02
3.701474070549011230e-01
1.368613690137863159e-01
-1.322788447141647339e-01
6.959505379199981689e-02
3.286967054009437561e-02
-5.952546000480651855e-02
1.787393540143966675e-01
1.878737956285476685e-01
9.066736325621604919e-03
4.549155011773109436e-02
-3.897156566381454468e-02
3.574180603027343750e-02
2.774205207824707031e-01
-4.412233829498291016e-04
-2.760233823210000992e-03
1.626309007406234741e-01
-2.565308287739753723e-02
7.932158559560775757e-02
2.149258926510810852e-02
3.420509747229516506e-04
-1.208712756633758545e-01
8.340940624475479126e-02
-8.558467030525207520e-02
3.649917989969253540e-02
-1.212703622877597809e-02
4.751563072204589844e-03
-4.665357619524002075e-02
9.691707789897918701e-02
-1.302748471498489380e-01
1.550999581813812256e-01
-4.217478632926940918e-02
-3.562001883983612061e-02
-1.174144819378852844e-02
5.713241919875144958e-02
-2.820626832544803619e-02
-5.865009874105453491e-02
7.935705035924911499e-02
-2.003833353519439697e-01
2.178688496351242065e-01
1.509670466184616089e-01
7.980649918317794800e-02
1.437575072050094604e-01
9.394173324108123779e-02
8.504816144704818726e-02
-2.067187242209911346e-02
-2.058030478656291962e-02
-2.685514390468597412e-01
-5.276053026318550110e-02
1.135648414492607117e-01
-8.859837055206298828e-02
1.326251626014709473e-01
-4.186649248003959656e-02
