-8.681672811508178711e-02
7.939776778221130371e-02
1.684886962175369263e-02
-1.317028850317001343e-01
-1.064077392220497131e-01
-6.646774709224700928e-02
-4.470625892281532288e-02
-1.408316940069198608e-01
1.589486002922058105e-01
-1.131504997611045837e-01
2.538012564182281494e-01
-4.287721961736679077e-02
-1.895491480827331543e-01
-1.264318972826004028e-01
-5.741820856928825378e-02
2.132703810930252075e-01
-2.430312484502792358e-01
-1.538911014795303345e-01
-4.045778512954711914e-02
5.975354462862014771e-02
1.181363090872764587e-01
2.597669372335076332e-03
9.001074731349945068e-02
3.790364786982536316e-02
-1.422893255949020386e-01
-3.901287317276000977e-01
-6.733747571706771851e-02
-5.474171414971351624e-02
-1.517939567565917969e-02
7.310083135962486267e-03
-2.286230958998203278e-02
3.777325898408889771e-02
-2.242363989353179932e-01
-1.269640773534774780e-02
3.608728572726249695e-02
7.948557287454605103e-02
2.507457323372364044e-02
-7.193433493375778198e-02
1.600902527570724487e-01
-1.034199260175228119e-03
-2.945190966129302979e-01
-1.132416725158691406e-02
6.197176128625869751e-02
2.066186368465423584e-01
1.358690559864044189e-01
6.732290145009756088e-03
5.006337165832519531e-02
-1.272614598274230957e-01
1.197921857237815857e-01
-2.002839446067810059e-01
-4.548337310552597046e-04
8.879373967647552490e-02
9.112531319260597229e-03
3.520668298006057739e-02
-1.141738705337047577e-02
-8.390849083662033081e-02
6.283586472272872925e-02
1.628679782152175903e-01
-1.516348868608474731e-01
-2.045857347548007965e-02
1.039872616529464722e-01
-8.304087072610855103e-02
-6.509148329496383667e-02
-1.326003670692443848e-01
2.147502005100250244e-01
9.663568437099456787e-02
-1.398621797561645508e-01
-1.834733337163925171e-01
2.973817475140094757e-02
-1.390286386013031006e-01
-9.780325740575790405e-02
4.481459408998489380e-02
-1.385966539382934570e-01
-1.629835814237594604e-01
-3.283254504203796387e-01
-5.588188767433166504e-02
3.290827274322509766e-01
1.069529354572296143e-01
-1.855485290288925171e-01
8.981719613075256348e-03
-1.171272993087768555e-02
7.202690094709396362e-02
1.459283679723739624e-01
1.394966989755630493e-01
-6.617011502385139465e-03
1.237274929881095886e-01
-1.262109726667404175e-01
9.733553975820541382e-03
2.349859923124313354e-01
-9.500881284475326538e-02
6.636228645220398903e-04
2.700597941875457764e-01
-1.443246752023696899e-02
1.050370261073112488e-01
-1.113972440361976624e-02
3.674795106053352356e-02
-4.756382852792739868e-02
6.828332692384719849e-02
-1.099940836429595947e-01
6.026668474078178406e-02
6.294810771942138672e-02
-5.278354510664939880e-04
-4.905401729047298431e-03
7.672589272260665894e-02
-1.516466736793518066e-01
8.839963376522064209e-02
-3.210191428661346436e-02
4.480615258216857910e-02
4.334439337253570557e-02
-2.305521257221698761e-02
-4.445073008537292480e-02
-1.154688000679016113e-01
5.342959612607955933e-02
-1.866266876459121704e-01
1.976189911365509033e-01
2.282283753156661987e-01
6.326822936534881592e-02
1.167937070131301880e-01
9.618496149778366089e-02
4.431296885013580322e-02
-5.473156645894050598e-02
8.273923769593238831e-03
-1.851265877485275269e-01
-1.075106486678123474e-02
1.138434112071990967e-01
-5.276831984519958496e-02
9.483093768358230591e-02
-4.544181004166603088e-02
