-1.420423388481140137e-01
6.849297136068344116e-02
2.989311143755912781e-02
-1.347155272960662842e-01
-1.409693062305450439e-01
1.140740606933832169e-02
-3.853731602430343628e-02
-1.362725049257278442e-01
2.212331146001815796e-01
-1.871292591094970703e-01
2.989257872104644775e-01
-5.802606046199798584e-02
-1.940814107656478882e-01
-1.023512631654739380e-01
-3.470853716135025024e-02
1.978268921375274658e-01
-2.213034629821777344e-01
-1.399060487747192383e-01
1.122442819178104401e-02
1.731757260859012604e-02
6.849767267704010010e-02
-3.515765443444252014e-02
1.273489743471145630e-02
5.885316804051399231e-02
-9.974937140941619873e-02
-4.123215675354003906e-01
-1.249832957983016968e-01
-1.110860705375671387e-01
1.525908987969160080e-02
-1.919098384678363800e-02
-6.953331641852855682e-03
3.989830985665321350e-02
-1.813041418790817261e-01
-1.555211842060089111e-03
-3.738554194569587708e-02
6.266114115715026855e-02
-4.207526147365570068e-02
-7.005546987056732178e-02
1.243714541196823120e-01
-3.896023705601692200e-02
-2.260403186082839966e-01
-5.327494814991950989e-02
6.436469405889511108e-02
2.065518200397491455e-01
1.320102065801620483e-01
2.261862903833389282e-02
3.791474923491477966e-02
-1.180871576070785522e-01
1.126432865858078003e-01
-1.205650120973587036e-01
7.426623255014419556e-03
9.189376980066299438e-02
8.103950321674346924e-02
1.977073773741722107e-02
4.060932248830795288e-02
-1.424986869096755981e-01
3.165093064308166504e-02
1.271110624074935913e-01
-1.495184898376464844e-01
2.915095910429954529e-02
5.082299560308456421e-02
-5.085070431232452393e-02
-4.538886994123458862e-02
-9.655296802520751953e-02
2.814281284809112549e-01
1.465736180543899536e-01
-1.042854264378547668e-01
-2.093332856893539429e-01
1.613763123750686646e-01
-1.145096346735954285e-01
-7.871977984905242920e-02
1.750719547271728516e-02
-2.103449404239654541e-01
-1.756754368543624878e-01
-2.699197828769683838e-01
-2.345480397343635559e-02
3.656885921955108643e-01
5.176087841391563416e-02
-1.122832894325256348e-01
4.832626879215240479e-02
-1.961475238204002380e-02
-2.709566242992877960e-02
8.126652985811233521e-02
1.682845354080200195e-01
-3.004555217921733856e-02
-1.078297663480043411e-02
-8.570758998394012451e-02
1.597189530730247498e-02
2.034544050693511963e-01
-9.686930477619171143e-02
2.460785023868083954e-02
2.044291049242019653e-01
-7.371512055397033691e-02
5.332348495721817017e-02
-3.448885306715965271e-02
-2.831556461751461029e-02
-9.545236080884933472e-02
1.270418763160705566e-01
-8.593123406171798706e-02
1.434677559882402420e-02
2.056162431836128235e-02
-5.600439757108688354e-02
-5.614178720861673355e-03
8.121299743652343750e-02
-1.669436395168304443e-01
7.897982001304626465e-02
9.505338966846466064e-03
5.663698539137840271e-02
3.780577704310417175e-02
8.645849302411079407e-03
-1.099585741758346558e-01
-8.305815607309341431e-02
1.274086236953735352e-01
-1.915555596351623535e-01
2.407987117767333984e-01
1.640825122594833374e-01
1.014442294836044312e-01
1.389019638299942017e-01
1.111589968204498291e-01
8.189058303833007812e-02
5.178106948733329773e-03
5.304236896336078644e-03
-2.356358617544174194e-01
4.806941747665405273e-02
8.086631447076797485e-02
-9.694144129753112793e-02
3.285661339759826660e-02
7.283090613782405853e-03
