-1.028941720724105835e-01
5.894137918949127197e-02
3.284830972552299500e-02
-1.237690225243568420e-01
-1.061152294278144836e-01
-2.910133078694343567e-02
-7.982198894023895264e-02
-1.419952213764190674e-01
1.757395714521408081e-01
-1.790488660335540771e-01
2.930806875228881836e-01
-7.209616154432296753e-02
-1.789027303457260132e-01
-8.746618777513504028e-02
-4.061065614223480225e-02
1.973278820514678955e-01
-2.233790755271911621e-01
-1.055348813533782959e-01
-1.901619695127010345e-02
1.786791160702705383e-02
1.019274592399597168e-01
-5.383306182920932770e-03
4.950903728604316711e-02
2.100824192166328430e-02
-1.074469238519668579e-01
-3.582196235656738281e-01
-1.430397778749465942e-01
-7.005789130926132202e-02
-1.734147779643535614e-03
-5.890678986907005310e-02
-3.264449536800384521e-02
8.385211229324340820e-02
-2.205999940633773804e-01
4.778273403644561768e-03
-1.134250313043594360e-03
1.096001490950584412e-01
-1.425351481884717941e-02
-3.822760283946990967e-02
1.289581507444381714e-01
-5.901088472455739975e-03
-2.320970147848129272e-01
-1.464380510151386261e-02
1.034602895379066467e-02
2.082647830247879028e-01
1.046959906816482544e-01
-1.527775311842560768e-03
2.059501782059669495e-02
-1.100780293345451355e-01
8.755868673324584961e-02
-1.345061957836151123e-01
-3.671590238809585571e-03
1.416035294532775879e-01
3.244709596037864685e-02
2.049721963703632355e-02
1.600036583840847015e-02
-8.166472613811492920e-02
6.069245934486389160e-02
1.319619417190551758e-01
-1.438921838998794556e-01
8.840443566441535950e-03
1.324480921030044556e-01
-1.135278120636940002e-01
-5.697040259838104248e-02
-9.991038590669631958e-02
2.321284562349319458e-01
1.411523669958114624e-01
-1.157090514898300171e-01
-2.179946899414062500e-01
9.798467904329299927e-02
-8.196993917226791382e-02
-5.391428992152214050e-02
6.851715594530105591e-02
-2.088718116283416748e-01
-1.849150508642196655e-01
-2.772242128849029541e-01
-1.970836147665977478e-02
3.816516399383544922e-01
5.030335485935211182e-02
-1.339204311370849609e-01
5.891787633299827576e-02
-1.988372765481472015e-02
-6.828493904322385788e-03
1.232607886195182800e-01
1.587982773780822754e-01
-1.049283146858215332e-02
1.035677790641784668e-01
-9.840895235538482666e-02
8.661212027072906494e-02
1.946740299463272095e-01
-1.107541471719741821e-01
5.742816254496574402e-03
2.058687508106231689e-01
-7.835266739130020142e-02
8.079293370246887207e-02
-6.420182529836893082e-03
-1.492637768387794495e-02
-3.899486735463142395e-02
4.198385402560234070e-02
-1.034898012876510620e-01
3.492064401507377625e-02
2.070597186684608459e-02
-6.672765314579010010e-02
-5.227288603782653809e-02
7.774859666824340820e-02
-9.135532379150390625e-02
8.010663092136383057e-02
-1.565545052289962769e-02
2.330441772937774658e-02
-2.439817041158676147e-02
-2.254617027938365936e-02
-8.873713761568069458e-02
-7.353673130273818970e-02
1.016104742884635925e-01
-2.138851433992385864e-01
2.144737243652343750e-01
1.701214164495468140e-01
5.048406496644020081e-02
1.004092767834663391e-01
8.935962617397308350e-02
1.074388697743415833e-01
-4.398312047123908997e-02
-3.698356449604034424e-03
-2.069491595029830933e-01
6.575638893991708755e-03
9.301710128784179688e-02
-2.369575202465057373e-02
6.793242692947387695e-02
-5.500589683651924133e-02
