-8.590418100357055664e-02
2.295668423175811768e-02
5.582322925329208374e-02
-7.368326187133789062e-02
-1.472479552030563354e-01
-3.022935800254344940e-02
-8.865061402320861816e-02
-1.556484550237655640e-01
2.062105089426040649e-01
-1.657406091690063477e-01
2.693316936492919922e-01
-1.872627809643745422e-02
-1.134261935949325562e-01
-1.240981742739677429e-01
-3.717214614152908325e-02
2.200817912817001343e-01
-2.306505590677261353e-01
-1.875578016042709351e-01
1.143566612154245377e-02
-7.456993311643600464e-02
-2.361149713397026062e-02
-2.733850106596946716e-02
4.854035004973411560e-02
5.343860387802124023e-02
-1.473064273595809937e-01
-3.394786119461059570e-01
-9.268359094858169556e-02
-9.844774007797241211e-02
8.327860385179519653e-02
-3.416313603520393372e-02
-2.577140368521213531e-02
1.004489734768867493e-01
-1.901088505983352661e-01
-4.929453134536743164e-04
2.763458341360092163e-02
1.344531476497650146e-01
7.791183143854141235e-02
-7.372867316007614136e-02
6.804657727479934692e-02
-3.145000711083412170e-02
-2.588597834110260010e-01
-2.474003098905086517e-02
9.271636605262756348e-02
2.279237806797027588e-01
1.914658397436141968e-01
-4.502556845545768738e-02
1.580445095896720886e-02
-9.426744282245635986e-02
1.196111887693405151e-01
-1.780211031436920166e-01
1.571603491902351379e-02
6.086060404777526855e-02
7.961289584636688232e-02
-4.350082948803901672e-03
3.444943577051162720e-02
-1.296828985214233398e-01
4.327896609902381897e-02
1.363923996686935425e-01
-1.692817807197570801e-01
-7.192902266979217529e-03
1.020609289407730103e-01
-1.211966760456562042e-02
2.008736133575439453e-03
-5.573707818984985352e-02
2.419899702072143555e-01
1.846808344125747681e-01
-8.941005170345306396e-02
-1.932514905929565430e-01
1.733486205339431763e-01
-1.409979462623596191e-01
-5.679719150066375732e-02
4.222251474857330322e-02
-1.371120214462280273e-01
-1.305221468210220337e-01
-2.899179160594940186e-01
-6.106282770633697510e-02
4.701650440692901611e-01
8.797559142112731934e-02
-1.579397469758987427e-01
5.135778710246086121e-02
-5.966907739639282227e-02
-1.703571993857622147e-03
6.613256037235260010e-02
9.945941716432571411e-02
-3.339052572846412659e-02
1.066411938518285751e-02
-1.341371238231658936e-01
-5.797285586595535278e-03
2.434117496013641357e-01
-2.272602170705795288e-02
2.922535315155982971e-02
1.520016491413116455e-01
-2.619356289505958557e-02
9.073807857930660248e-03
2.593890205025672913e-02
5.095924064517021179e-02
-1.083491370081901550e-01
8.066282421350479126e-02
-1.674112677574157715e-01
-3.853410109877586365e-02
-9.685356914997100830e-02
-4.712782055139541626e-02
-4.422053229063749313e-03
7.825785130262374878e-02
-1.836487948894500732e-01
1.536689847707748413e-01
4.865223169326782227e-02
-1.503295917063951492e-02
9.286478161811828613e-04
7.473535090684890747e-02
-6.362771615386009216e-03
-4.872331023216247559e-02
1.183320432901382446e-01
-2.186245918273925781e-01
1.949709057807922363e-01
1.634801626205444336e-01
1.371327638626098633e-01
1.922383457422256470e-01
4.470793530344963074e-02
1.071258112788200378e-01
-4.485969990491867065e-02
-5.605420470237731934e-02
-1.039049625396728516e-01
-2.908608503639698029e-02
-4.876784235239028931e-02
-1.616906374692916870e-01
4.018793627619743347e-02
6.118781119585037231e-02
