-3.769805282354354858e-02
2.112754806876182556e-02
6.590634118765592575e-03
-5.335513129830360413e-02
-1.035512685775756836e-01
-4.951731115579605103e-02
-9.373664110898971558e-02
-1.334921121597290039e-01
1.162346154451370239e-01
-9.049430489540100098e-02
2.802328169345855713e-01
-6.496541202068328857e-02
-1.980408430099487305e-01
-1.065910831093788147e-01
-5.384800583124160767e-02
2.346445620059967041e-01
-2.420826256275177002e-01
-1.658850163221359253e-01
1.343799754977226257e-02
6.108976900577545166e-02
1.086065620183944702e-01
-4.504834115505218506e-02
3.302555903792381287e-02
3.090481087565422058e-02
-9.894166141748428345e-02
-3.582769334316253662e-01
-7.537637650966644287e-02
-1.212598606944084167e-01
5.789035558700561523e-02
-5.079031735658645630e-02
-2.589960768818855286e-02
9.408483654260635376e-02
-2.116646170616149902e-01
-2.007309161126613617e-02
5.434663593769073486e-02
7.057183235883712769e-02
3.698534891009330750e-02
-1.515468657016754150e-01
1.587939411401748657e-01
7.979029789566993713e-03
-3.219750225543975830e-01
-3.060120716691017151e-02
9.303514659404754639e-02
1.775338351726531982e-01
1.487743109464645386e-01
3.416451439261436462e-02
2.934040501713752747e-03
-1.252248585224151611e-01
1.270065903663635254e-01
-1.863895207643508911e-01
-5.774341523647308350e-03
9.817494451999664307e-02
5.918157100677490234e-02
3.417072445154190063e-02
1.306313741952180862e-02
-1.400421857833862305e-01
7.147680222988128662e-02
1.049665510654449463e-01
-2.125105857849121094e-01
-1.120070181787014008e-02
9.630165249109268188e-02
-4.114445298910140991e-02
3.340750932693481445e-02
-1.615972965955734253e-01
2.387596964836120605e-01
1.151568666100502014e-01
-9.114360064268112183e-02
-1.255805194377899170e-01
1.415729969739913940e-01
-1.139137223362922668e-01
-7.124395668506622314e-02
7.320471853017807007e-02
-1.439013630151748657e-01
-1.907319724559783936e-01
-2.389125972986221313e-01
-8.985777199268341064e-02
3.297231793403625488e-01
9.926276654005050659e-02
-1.308829188346862793e-01
5.158047378063201904e-02
1.308439485728740692e-02
-2.156740054488182068e-02
1.309266388416290283e-01
1.395989060401916504e-01
6.212872266769409180e-02
4.798191785812377930e-02
-6.257773190736770630e-02
-4.925767704844474792e-02
2.829878926277160645e-01
-8.710080385208129883e-02
5.441141501069068909e-02
2.383978813886642456e-01
-1.143450736999511719e-01
3.843593597412109375e-02
1.552853267639875412e-03
1.147821429185569286e-03
-4.416412860155105591e-02
8.480717986822128296e-02
-1.174832358956336975e-01
-1.716042309999465942e-02
-3.749490529298782349e-02
-5.266894772648811340e-02
1.247403770685195923e-02
6.153219565749168396e-02
-1.250143796205520630e-01
-3.334742411971092224e-02
3.886495018377900124e-03
5.086267739534378052e-02
5.402944236993789673e-02
-1.413416489958763123e-02
-6.174408644437789917e-02
-8.981326967477798462e-02
9.611844271421432495e-02
-2.057490497827529907e-01
2.787197232246398926e-01
1.577543616294860840e-01
8.110320568084716797e-02
6.891760230064392090e-02
8.884637057781219482e-02
1.006472185254096985e-01
-4.018866270780563354e-02
-1.119306609034538269e-01
-2.219586223363876343e-01
-9.408079087734222412e-03
1.046727746725082397e-01
-6.681142747402191162e-02
4.149600863456726074e-02
-4.541712254285812378e-02
