-1.101284772157669067e-01
1.783780381083488464e-02
5.181021243333816528e-02
-9.102727472782135010e-02
-1.334941387176513672e-01
-1.136112492531538010e-03
-6.694413721561431885e-02
-1.680378317832946777e-01
1.243259236216545105e-01
-1.583735942840576172e-01
3.226530849933624268e-01
-4.378911480307579041e-02
-2.447687834501266479e-01
-1.060422211885452271e-01
3.281851857900619507e-02
2.128645926713943481e-01
-1.972895115613937378e-01
-1.514313369989395142e-01
-4.037330299615859985e-02
-2.583974041044712067e-03
7.235489040613174438e-02
-5.444874241948127747e-02
4.380441457033157349e-02
5.158790946006774902e-02
-1.362144947052001953e-01
-3.610067665576934814e-01
-7.896503806114196777e-02
-1.025090664625167847e-01
2.969842031598091125e-02
1.565556228160858154e-02
-4.420597851276397705e-02
4.576590284705162048e-02
-2.439835369586944580e-01
-1.693573594093322754e-02
1.275183167308568954e-02
7.004753500223159790e-02
6.466492079198360443e-03
-1.125952452421188354e-01
1.423064470291137695e-01
-6.374536454677581787e-02
-2.558712661266326904e-01
-3.593995422124862671e-02
4.475618153810501099e-02
1.335152089595794678e-01
8.555373549461364746e-02
7.192872464656829834e-03
6.823483854532241821e-02
-8.852688968181610107e-02
7.301149517297744751e-02
-1.599774807691574097e-01
4.072713106870651245e-02
9.703705459833145142e-02
6.786350905895233154e-02
-8.967591449618339539e-03
2.452291361987590790e-02
-1.497802138328552246e-01
4.632131382822990417e-02
1.986284404993057251e-01
-2.043897509574890137e-01
3.462539613246917725e-02
8.400686085224151611e-02
-5.305035039782524109e-02
-1.985532790422439575e-02
-1.307867318391799927e-01
2.349209189414978027e-01
1.782576739788055420e-01
-7.991148531436920166e-02
-1.986097842454910278e-01
1.239024624228477478e-01
-7.817574590444564819e-02
-7.560515403747558594e-02
4.112922400236129761e-02
-2.190514653921127319e-01
-1.981937736272811890e-01
-2.900176644325256348e-01
-1.991728506982326508e-02
3.698013424873352051e-01
9.397728741168975830e-02
-1.572510898113250732e-01
2.351064980030059814e-02
1.336727663874626160e-02
-1.379074901342391968e-02
1.220251470804214478e-01
9.243462234735488892e-02
1.170680858194828033e-02
9.325938299298286438e-03
-7.765018194913864136e-02
3.689565509557723999e-02
2.341161072254180908e-01
-6.380178034305572510e-02
2.020210959017276764e-02
2.241591662168502808e-01
-7.233384251594543457e-02
-2.521597966551780701e-02
-9.436809457838535309e-03
-6.370999384671449661e-03
-5.626121908426284790e-02
6.160551682114601135e-02
-1.044301614165306091e-01
-2.410930581390857697e-03
-3.418659791350364685e-03
-4.364328458905220032e-02
1.783453114330768585e-02
7.697740942239761353e-02
-1.580710411071777344e-01
1.078474521636962891e-02
-4.233676940202713013e-02
1.143790315836668015e-02
1.548627018928527832e-02
4.291076213121414185e-03
-9.819877147674560547e-02
-8.886814862489700317e-02
9.373187273740768433e-02
-1.935518980026245117e-01
2.373268157243728638e-01
1.959128379821777344e-01
9.002385288476943970e-02
1.016985177993774414e-01
7.197660952806472778e-02
7.319990545511245728e-02
-3.766998648643493652e-03
-9.208397939801216125e-03
-2.282784730195999146e-01
-2.313796244561672211e-02
1.363476663827896118e-01
-7.277110964059829712e-02
9.039203822612762451e-02
-2.829512115567922592e-03
