-1.327398419380187988e-01
3.182601183652877808e-02
2.415717765688896179e-02
-1.041929274797439575e-01
-1.326232254505157471e-01
-1.925165019929409027e-02
-1.061435639858245850e-01
-1.319221705198287964e-01
1.956132948398590088e-01
-1.775827407836914062e-01
2.297416776418685913e-01
-9.152853488922119141e-02
-2.199890315532684326e-01
-8.421894907951354980e-02
-5.401620641350746155e-02
2.580016851425170898e-01
-2.136435657739639282e-01
-1.584970504045486450e-01
-4.891513660550117493e-02
1.067582983523607254e-02
3.705270588397979736e-02
-2.344114147126674652e-02
1.743352226912975311e-02
2.281676232814788818e-02
-8.386084437370300293e-02
-3.668155968189239502e-01
-6.742189079523086548e-02
-9.073007106781005859e-02
1.675297878682613373e-02
-2.394626662135124207e-02
-3.638946264982223511e-02
1.933223195374011993e-02
-1.964737772941589355e-01
-2.723152190446853638e-02
2.332210727035999298e-02
1.321942955255508423e-01
-3.245984017848968506e-02
-8.654846251010894775e-02
9.703373163938522339e-02
-4.934944957494735718e-02
-2.977771759033203125e-01
-3.270230442285537720e-02
8.283555507659912109e-02
1.653037220239639282e-01
1.689727753400802612e-01
5.359444022178649902e-02
-4.201069474220275879e-03
-1.851423829793930054e-01
1.535445302724838257e-01
-1.709271520376205444e-01
-2.846237272024154663e-02
9.333562850952148438e-02
4.209059104323387146e-02
2.268563397228717804e-02
6.260930746793746948e-02
-1.071802675724029541e-01
8.800512552261352539e-02
1.326865851879119873e-01
-1.849503815174102783e-01
-3.805586369708180428e-03
1.423381417989730835e-01
-5.629473179578781128e-02
-2.218367904424667358e-02
-1.336508542299270630e-01
2.419776916503906250e-01
9.194467216730117798e-02
-1.120941787958145142e-01
-2.094736099243164062e-01
1.355686038732528687e-01
-1.514824479818344116e-01
-6.738594174385070801e-02
6.021553277969360352e-02
-1.125530451536178589e-01
-2.012539654970169067e-01
-3.064309954643249512e-01
-6.963270902633666992e-02
3.599472343921661377e-01
9.807461500167846680e-02
-9.914352744817733765e-02
7.285287231206893921e-02
2.653779089450836182e-02
-2.866722829639911652e-02
1.084091141819953918e-01
1.452620923519134521e-01
2.483041957020759583e-03
1.419174205511808395e-02
-8.773951977491378784e-02
-4.476992413401603699e-02
2.469305098056793213e-01
-9.814339131116867065e-02
7.480804622173309326e-02
1.813212931156158447e-01
-7.150773704051971436e-02
2.593402937054634094e-02
-2.925887517631053925e-02
2.219533547759056091e-02
-1.319396048784255981e-01
9.781031310558319092e-02
-1.204977557063102722e-01
-1.787974871695041656e-02
1.245456375181674957e-02
-5.207748711109161377e-02
3.076824173331260681e-02
2.248856797814369202e-02
-1.127483397722244263e-01
8.066245168447494507e-02
-2.722815424203872681e-02
4.758599027991294861e-02
3.231635689735412598e-02
-1.130346581339836121e-02
-8.987779915332794189e-02
-6.815394759178161621e-02
1.351658105850219727e-01
-1.911064088344573975e-01
2.401797771453857422e-01
1.660954654216766357e-01
1.208182722330093384e-01
1.055777445435523987e-01
1.427180618047714233e-01
1.095032840967178345e-01
-3.558927774429321289e-02
1.391824521124362946e-02
-2.150919437408447266e-01
-2.875255793333053589e-02
5.076261237263679504e-02
-8.935436606407165527e-02
8.061265945434570312e-02
1.166998315602540970e-02
