-1.263251453638076782e-01
9.907690435647964478e-02
2.018926665186882019e-03
-9.708695113658905029e-02
-9.623267501592636108e-02
2.081855945289134979e-02
-7.375442236661911011e-02
-1.692743301391601562e-01
1.923015564680099487e-01
-1.948141604661941528e-01
3.152097463607788086e-01
-8.610837161540985107e-02
-2.630220651626586914e-01
-1.220629215240478516e-01
5.349015444517135620e-02
1.969874054193496704e-01
-2.215085476636886597e-01
-1.422808617353439331e-01
-2.210503630340099335e-02
-5.022095143795013428e-02
1.803087256848812103e-02
-1.437972672283649445e-02
6.778680719435214996e-03
5.920719355344772339e-02
-1.127725541591644287e-01
-4.108199775218963623e-01
-1.211297959089279175e-01
-1.213622167706489563e-01
-1.037250086665153503e-02
-1.541649736464023590e-02
-8.440820127725601196e-02
3.680422529578208923e-02
-2.130815237760543823e-01
-8.803293108940124512e-03
-1.957481727004051208e-04
9.513679891824722290e-02
-7.444760296493768692e-03
-9.967202693223953247e-02
1.605005562305450439e-01
-2.667974680662155151e-02
-1.837319433689117432e-01
-7.693921029567718506e-02
7.984860986471176147e-02
1.683650314807891846e-01
1.331789642572402954e-01
-6.609562784433364868e-03
1.430457178503274918e-02
-3.515196591615676880e-02
1.190034598112106323e-01
-1.454354077577590942e-01
1.446026097983121872e-02
1.223136484622955322e-01
1.596349477767944336e-01
2.242564409971237183e-02
2.499964833259582520e-02
-1.833536773920059204e-01
-1.555269677191972733e-02
1.773280501365661621e-01
-1.975176930427551270e-01
-3.162618353962898254e-02
3.130781650543212891e-02
-3.598371893167495728e-02
-8.157452195882797241e-02
-5.690027400851249695e-02
3.280248343944549561e-01
2.350955307483673096e-01
-1.244309693574905396e-01
-1.642165035009384155e-01
1.713398993015289307e-01
-9.314168989658355713e-02
-4.280124604701995850e-02
1.306257955729961395e-02
-2.131724953651428223e-01
-2.155504524707794189e-01
-2.228271067142486572e-01
2.645926736295223236e-02
3.537769317626953125e-01
4.972552508115768433e-02
-1.532645523548126221e-01
2.820190414786338806e-02
-2.594723179936408997e-02
-5.563895404338836670e-02
5.809124931693077087e-02
8.606738597154617310e-02
-6.836257129907608032e-02
3.074080869555473328e-02
-5.872135609388351440e-02
4.197848960757255554e-02
2.406508922576904297e-01
-4.653851687908172607e-02
1.965580135583877563e-02
2.288342416286468506e-01
-8.978077024221420288e-02
3.684270381927490234e-02
1.646748185157775879e-02
-4.344716668128967285e-02
-2.456017024815082550e-02
1.768837310373783112e-02
-1.105986982583999634e-01
3.358709625899791718e-03
1.941500231623649597e-02
-1.294696033000946045e-01
-4.778420925140380859e-02
6.224941834807395935e-02
-2.290807217359542847e-01
4.369031265377998352e-02
2.396851778030395508e-02
-4.671337082982063293e-03
-7.092562504112720490e-03
-1.623917743563652039e-02
-1.042880117893218994e-01
-4.363572224974632263e-02
1.611562520265579224e-01
-2.619348764419555664e-01
2.214854210615158081e-01
1.482049971818923950e-01
4.397254437208175659e-02
1.903908550739288330e-01
5.849539861083030701e-02
7.275307178497314453e-02
1.795685663819313049e-02
-6.076452136039733887e-02
-2.234818637371063232e-01
-4.764112457633018494e-02
1.348833292722702026e-01
-5.619994550943374634e-02
6.708687543869018555e-02
-1.313221175223588943e-03
