-9.160382300615310669e-02
6.830267608165740967e-02
2.445370145142078400e-02
-9.619223326444625854e-02
-1.410696357488632202e-01
-3.495935723185539246e-02
-6.528932601213455200e-02
-1.335596144199371338e-01
1.356033533811569214e-01
-1.331878304481506348e-01
2.464166134595870972e-01
-1.038158982992172241e-01
-1.860803961753845215e-01
-8.362259715795516968e-02
-5.564235895872116089e-02
2.708064019680023193e-01
-2.419519275426864624e-01
-1.506416499614715576e-01
6.525379605591297150e-03
-5.696546286344528198e-04
8.066332340240478516e-02
-3.455452993512153625e-02
6.489051878452301025e-02
8.981397002935409546e-02
-1.218912154436111450e-01
-3.957771062850952148e-01
-4.160994291305541992e-02
-8.688192814588546753e-02
-5.332265049219131470e-02
1.338963024318218231e-02
6.161650642752647400e-03
7.616961747407913208e-02
-2.069103717803955078e-01
-1.482572220265865326e-02
4.514164477586746216e-02
8.224488794803619385e-02
-1.537811011075973511e-02
-9.077882021665573120e-02
1.699231714010238647e-01
-2.737251669168472290e-02
-3.101280033588409424e-01
3.408643230795860291e-02
1.230080425739288330e-01
2.249272763729095459e-01
1.611158996820449829e-01
1.134099438786506653e-02
2.948776260018348694e-02
-1.330323368310928345e-01
1.491357088088989258e-01
-1.515924185514450073e-01
-2.306881919503211975e-02
1.096042245626449585e-01
3.174445033073425293e-02
-2.061318978667259216e-02
5.692642554640769958e-02
-7.100369036197662354e-02
7.138334959745407104e-02
1.357124298810958862e-01
-1.766340136528015137e-01
-1.397872716188430786e-02
1.109066829085350037e-01
-4.475576803088188171e-02
2.308357134461402893e-02
-1.821307986974716187e-01
2.313333004713058472e-01
8.105085790157318115e-02
-1.134431734681129456e-01
-1.739326119422912598e-01
9.395886957645416260e-02
-1.185861527919769287e-01
-1.002159342169761658e-01
7.774255424737930298e-02
-1.727217137813568115e-01
-2.113746553659439087e-01
-3.395352661609649658e-01
-6.989045441150665283e-02
3.569036126136779785e-01
1.328910291194915771e-01
-1.254343837499618530e-01
5.165484920144081116e-02
5.727524310350418091e-02
1.031821966171264648e-02
1.464312821626663208e-01
2.145357578992843628e-01
3.997167944908142090e-02
3.519790247082710266e-02
-6.673542410135269165e-02
1.563904806971549988e-04
2.129440158605575562e-01
-5.960993096232414246e-02
-3.965133801102638245e-02
2.281452417373657227e-01
-5.892635509371757507e-02
2.480189874768257141e-02
-3.253218531608581543e-02
1.503650564700365067e-02
-1.148743778467178345e-01
9.056759625673294067e-02
-1.547992825508117676e-01
-5.307085346430540085e-03
-3.212105855345726013e-02
5.282678641378879547e-03
1.687387749552726746e-02
7.601658999919891357e-02
-1.542171537876129150e-01
3.719921410083770752e-02
-6.463307142257690430e-02
5.266747623682022095e-02
-1.901647821068763733e-02
3.813229501247406006e-02
-7.643659412860870361e-02
-4.087880998849868774e-02
6.476209312677383423e-02
-2.087032943964004517e-01
1.924556344747543335e-01
1.732947379350662231e-01
7.132057845592498779e-02
8.345959335565567017e-02
1.176545694470405579e-01
3.766244649887084961e-02
-3.306975960731506348e-02
-1.636696234345436096e-02
-2.160171270370483398e-01
-1.615049131214618683e-02
9.691049158573150635e-02
-7.748399674892425537e-02
1.511791944503784180e-01
-1.416323706507682800e-02
