-6.946222484111785889e-02
4.599793627858161926e-02
6.246693432331085205e-02
-1.013674363493919373e-01
-1.551875621080398560e-01
-2.672049403190612793e-02
-1.070838496088981628e-01
-1.110468059778213501e-01
1.871863901615142822e-01
-1.935328841209411621e-01
2.692268788814544678e-01
-7.033501565456390381e-02
-1.799822896718978882e-01
-8.714323490858078003e-02
-6.011071056127548218e-02
2.491112500429153442e-01
-2.237494438886642456e-01
-1.448484659194946289e-01
-1.199155859649181366e-02
-4.283707588911056519e-02
6.607215106487274170e-02
5.476415157318115234e-03
3.182342974469065666e-03
5.770047008991241455e-02
-8.176708966493606567e-02
-3.778592050075531006e-01
-8.539466559886932373e-02
-9.179768711328506470e-02
2.278274856507778168e-03
-5.606837198138237000e-02
-1.718624494969844818e-02
3.342957422137260437e-02
-2.094860076904296875e-01
-1.992742717266082764e-02
5.406669527292251587e-02
1.196341961622238159e-01
-1.054937113076448441e-02
-1.193509846925735474e-01
1.181567758321762085e-01
-5.714123137295246124e-03
-2.776861786842346191e-01
4.936773329973220825e-03
5.085816606879234314e-02
2.078885436058044434e-01
1.624666005373001099e-01
1.602111384272575378e-02
-4.931261762976646423e-03
-1.281661987304687500e-01
2.134291231632232666e-01
-1.277172267436981201e-01
-1.040194183588027954e-04
9.575912356376647949e-02
5.970411747694015503e-02
-5.973043851554393768e-03
6.633248180150985718e-02
-1.316185742616653442e-01
7.676196098327636719e-02
1.726208776235580444e-01
-2.289303243160247803e-01
-3.611435368657112122e-02
1.059239581227302551e-01
-9.028251469135284424e-02
-2.203476615250110626e-03
-1.479931026697158813e-01
1.992963850498199463e-01
1.155594289302825928e-01
-7.393345236778259277e-02
-2.893618345260620117e-01
1.450770944356918335e-01
-1.684246063232421875e-01
-5.977877974510192871e-02
9.716210514307022095e-02
-1.608285158872604370e-01
-1.704794168472290039e-01
-2.947208881378173828e-01
-4.280202835798263550e-02
4.184801578521728516e-01
1.112911477684974670e-01
-1.020188778638839722e-01
5.821615457534790039e-02
4.804916307330131531e-02
-3.439105302095413208e-02
1.091998890042304993e-01
1.580131351947784424e-01
2.602051943540573120e-02
5.320623517036437988e-02
-7.321887463331222534e-02
-2.610257454216480255e-02
2.277552187442779541e-01
-4.645654931664466858e-02
-1.437845267355442047e-02
1.877471059560775757e-01
-1.064578667283058167e-01
2.946197800338268280e-02
2.898597624152898788e-03
-7.351174950599670410e-02
-1.246336698532104492e-01
1.123072803020477295e-01
-1.219535171985626221e-01
-1.091728638857603073e-02
-9.222491830587387085e-02
-6.965279579162597656e-02
-1.358088478446006775e-02
2.889146097004413605e-02
-1.578198820352554321e-01
8.048118650913238525e-02
-6.121870130300521851e-02
3.085142001509666443e-02
-6.657180935144424438e-02
-5.136559717357158661e-03
-1.327493190765380859e-01
-9.897572919726371765e-03
1.503487378358840942e-01
-2.569458484649658203e-01
2.356273680925369263e-01
1.619274616241455078e-01
1.562339365482330322e-01
1.383433640003204346e-01
1.087808161973953247e-01
6.195301562547683716e-02
-2.184873819351196289e-02
-4.450392350554466248e-02
-2.366397082805633545e-01
-2.616219408810138702e-02
6.007894501090049744e-02
-1.140851899981498718e-01
1.224280893802642822e-01
-2.465171366930007935e-02
