-9.895138442516326904e-02
9.936092048883438110e-02
-1.030263397842645645e-02
-1.489920467138290405e-01
-1.106044873595237732e-01
1.795298606157302856e-02
-1.431835293769836426e-01
-9.767574071884155273e-02
2.242570221424102783e-01
-2.628093659877777100e-01
1.665545850992202759e-01
-1.112450733780860901e-01
-1.940809786319732666e-01
-2.412441372871398926e-02
-9.524764120578765869e-02
2.469725757837295532e-01
-2.143107056617736816e-01
-2.290325164794921875e-01
-5.794008262455463409e-03
-3.629522398114204407e-02
9.068786352872848511e-02
1.346052531152963638e-02
-7.602106779813766479e-02
8.356203883886337280e-02
-1.403165459632873535e-01
-3.546873033046722412e-01
-8.133462816476821899e-02
-8.072221279144287109e-02
-7.456019520759582520e-02
-9.997192770242691040e-02
3.614022396504878998e-03
1.709178648889064789e-02
-1.909618675708770752e-01
4.739443957805633545e-02
-2.190258726477622986e-02
9.157057851552963257e-02
3.772841766476631165e-02
-8.725327998399734497e-02
1.147883236408233643e-01
3.792806342244148254e-02
-3.025496304035186768e-01
-7.152412086725234985e-03
8.458213508129119873e-02
2.055976241827011108e-01
1.189997419714927673e-01
-6.204665638506412506e-03
-6.533646583557128906e-02
-1.373291164636611938e-01
1.808137297630310059e-01
-1.711596697568893433e-01
-2.747394517064094543e-02
1.352292895317077637e-01
6.351556628942489624e-02
6.017823517322540283e-02
3.971953317523002625e-02
-9.244515746831893921e-02
1.006326302886009216e-01
1.488500833511352539e-01
-2.163088321685791016e-01
-1.738578826189041138e-02
4.527071863412857056e-02
-1.157468259334564209e-01
-5.007689818739891052e-03
-8.019488304853439331e-02
2.259530872106552124e-01
1.678809076547622681e-01
-5.774896964430809021e-02
-2.390413284301757812e-01
1.457621157169342041e-01
-1.448551416397094727e-01
-9.449947625398635864e-02
9.792948514223098755e-02
-1.190534308552742004e-01
-1.773475110530853271e-01
-2.791765630245208740e-01
-5.532734841108322144e-02
3.498212099075317383e-01
1.435106396675109863e-01
-1.224699318408966064e-01
8.797661215066909790e-02
4.010599851608276367e-02
-3.626945614814758301e-02
1.357955038547515869e-01
1.778515577316284180e-01
1.120862551033496857e-02
2.766959369182586670e-03
-5.754315853118896484e-02
3.196465969085693359e-02
2.499220520257949829e-01
-3.197856992483139038e-02
-2.996294759213924408e-02
1.478606462478637695e-01
-6.750468164682388306e-02
6.369365751743316650e-02
-1.611160300672054291e-02
1.975535647943615913e-03
-1.492670774459838867e-01
5.057360231876373291e-02
-9.959208965301513672e-02
-5.237020179629325867e-02
-2.871830016374588013e-02
5.585080385208129883e-02
-5.674833804368972778e-02
8.742830902338027954e-02
-1.081238538026809692e-01
1.000290513038635254e-01
-1.455858163535594940e-02
-3.582161664962768555e-02
-6.196455657482147217e-02
6.488331407308578491e-02
-1.828523539006710052e-02
-4.214370995759963989e-02
9.854313731193542480e-02
-1.743733435869216919e-01
2.033748775720596313e-01
1.226666495203971863e-01
6.881287693977355957e-02
1.252322494983673096e-01
8.360988646745681763e-02
5.297745019197463989e-02
-3.759709373116493225e-02
-6.305500119924545288e-02
-2.316094338893890381e-01
-3.159730881452560425e-02
9.119133651256561279e-02
-6.095924228429794312e-02
1.194932758808135986e-01
-4.440839588642120361e-02
