-1.082649305462837219e-01
5.652791261672973633e-02
5.027974769473075867e-02
-1.586078852415084839e-01
-1.588626205921173096e-01
-3.863339498639106750e-02
-1.143788248300552368e-01
-1.250228732824325562e-01
1.884732544422149658e-01
-2.297207862138748169e-01
2.323056012392044067e-01
-1.174232065677642822e-01
-1.371662616729736328e-01
-4.983863234519958496e-02
-7.999348640441894531e-02
2.510464787483215332e-01
-2.456274479627609253e-01
-1.457529217004776001e-01
6.632277742028236389e-03
2.266230806708335876e-02
9.325872361660003662e-02
-4.848521947860717773e-02
-4.398393258452415466e-02
4.739198833703994751e-02
-1.273381710052490234e-01
-3.627560138702392578e-01
-1.262058168649673462e-01
-3.875722736120223999e-02
-6.320543587207794189e-02
-5.668786913156509399e-02
-6.636328995227813721e-03
6.478691846132278442e-02
-2.177574783563613892e-01
6.610861048102378845e-03
-3.603108972311019897e-02
9.297851473093032837e-02
5.304576363414525986e-03
-1.024209856986999512e-01
9.374469518661499023e-02
1.847225986421108246e-02
-2.904972136020660400e-01
4.966644570231437683e-02
1.072698533535003662e-01
1.780280619859695435e-01
1.462727338075637817e-01
-1.973831560462713242e-03
-3.831654042005538940e-02
-1.383577287197113037e-01
1.908111423254013062e-01
-1.689330935478210449e-01
-8.629849180579185486e-03
8.604601025581359863e-02
8.315099030733108521e-02
3.299183025956153870e-02
6.074279546737670898e-02
-4.473895579576492310e-02
1.055052727460861206e-01
1.732015758752822876e-01
-2.047291398048400879e-01
3.053623717278242111e-03
8.963618427515029907e-02
-9.443487972021102905e-02
-1.570650190114974976e-02
-1.292083710432052612e-01
2.317539602518081665e-01
2.107178419828414917e-01
-5.901469290256500244e-02
-2.207791209220886230e-01
1.377518773078918457e-01
-9.844718128442764282e-02
-1.224540323019027710e-01
4.557127878069877625e-02
-1.368468254804611206e-01
-1.692702323198318481e-01
-3.138675689697265625e-01
-3.333260118961334229e-02
3.588464856147766113e-01
1.278108358383178711e-01
-1.557603776454925537e-01
6.362123787403106689e-02
2.988802082836627960e-02
-3.396740183234214783e-02
1.347882300615310669e-01
1.828447878360748291e-01
4.646413028240203857e-03
5.540222860872745514e-03
-5.579875409603118896e-02
7.758302614092826843e-03
2.430876344442367554e-01
-5.379774793982505798e-02
7.463486399501562119e-03
2.145079821348190308e-01
-4.544509202241897583e-02
5.290862172842025757e-02
-3.514292463660240173e-02
-5.717121437191963196e-02
-1.242759376764297485e-01
6.883134692907333374e-02
-1.271424740552902222e-01
-5.155082792043685913e-02
1.485718414187431335e-03
3.012428525835275650e-03
-4.726197943091392517e-02
1.002057120203971863e-01
-1.483802646398544312e-01
8.703450113534927368e-02
-2.147152647376060486e-02
3.078796900808811188e-03
-5.211185198277235031e-03
2.981559932231903076e-02
-3.719849884510040283e-02
-3.757136315107345581e-02
6.563305854797363281e-02
-1.894425600767135620e-01
2.055002003908157349e-01
1.193194314837455750e-01
7.292078435420989990e-02
9.782510250806808472e-02
1.120428889989852905e-01
7.294465601444244385e-02
-2.662437036633491516e-02
-2.440425381064414978e-02
-1.953706145286560059e-01
4.947604145854711533e-03
1.188488155603408813e-01
-7.069566100835800171e-02
1.047480627894401550e-01
-1.354945916682481766e-02
