-5.247782915830612183e-02
2.405459061264991760e-02
7.344748824834823608e-03
-8.274310082197189331e-02
-1.150083169341087341e-01
-2.745569869875907898e-02
-8.145003765821456909e-02
-9.750624001026153564e-02
1.607161909341812134e-01
-1.173032075166702271e-01
1.922274529933929443e-01
-9.713002294301986694e-02
-1.957917064428329468e-01
-6.471056491136550903e-02
-5.184637010097503662e-02
2.420168071985244751e-01
-1.862300336360931396e-01
-1.161437481641769409e-01
9.840784594416618347e-03
5.381961166858673096e-02
5.305792018771171570e-02
-4.180649295449256897e-02
4.611185193061828613e-02
8.243872225284576416e-02
-8.559575676918029785e-02
-3.862537443637847900e-01
-7.505143433809280396e-02
-1.061776727437973022e-01
-4.790639504790306091e-02
-7.165929675102233887e-02
-3.876319527626037598e-02
1.169121116399765015e-01
-1.994468271732330322e-01
-4.555623605847358704e-02
2.242946997284889221e-02
8.609663695096969604e-02
-1.967266388237476349e-02
-1.045538634061813354e-01
1.795390397310256958e-01
2.880884706974029541e-02
-2.976288199424743652e-01
-4.229274392127990723e-02
8.037400245666503906e-02
2.285290062427520752e-01
1.092351898550987244e-01
1.944216340780258179e-02
6.218267604708671570e-03
-9.627563506364822388e-02
1.109375879168510437e-01
-1.936906725168228149e-01
7.775131613016128540e-03
7.085282355546951294e-02
9.484244138002395630e-02
3.602832183241844177e-02
5.064869299530982971e-03
-1.157589629292488098e-01
8.996266126632690430e-02
9.396328032016754150e-02
-2.143673896789550781e-01
-8.059691637754440308e-03
7.363206148147583008e-02
-8.504748344421386719e-02
1.757410354912281036e-03
-1.121095120906829834e-01
2.911005616188049316e-01
1.390819847583770752e-01
-8.398585021495819092e-02
-1.403644829988479614e-01
1.295304447412490845e-01
-7.126274704933166504e-02
-4.483322799205780029e-02
6.172706931829452515e-02
-1.474358141422271729e-01
-2.075415998697280884e-01
-2.673506140708923340e-01
-1.901950687170028687e-02
3.243100047111511230e-01
1.002351865172386169e-01
-1.360797286033630371e-01
2.400550991296768188e-02
-3.031705692410469055e-02
-4.122140631079673767e-02
8.052419126033782959e-02
1.673201173543930054e-01
4.156271368265151978e-02
2.882088348269462585e-02
-1.823995262384414673e-02
2.014863491058349609e-02
2.172535061836242676e-01
-1.233491972088813782e-01
1.676076673902571201e-03
1.717328131198883057e-01
-6.181991100311279297e-02
3.039941936731338501e-02
-4.801895841956138611e-02
-1.230445038527250290e-02
-7.818352431058883667e-02
1.288371831178665161e-01
-1.342283934354782104e-01
1.190301217138767242e-02
2.716532908380031586e-02
-2.149225957691669464e-02
2.612353488802909851e-02
8.806758373975753784e-02
-1.921448856592178345e-01
3.458546474575996399e-02
1.262309774756431580e-02
-5.795761570334434509e-02
6.006581708788871765e-02
2.137621119618415833e-02
-1.115009337663650513e-01
-1.044709160923957825e-01
1.052592396736145020e-01
-2.328291684389114380e-01
2.509574294090270996e-01
1.714637577533721924e-01
8.680898696184158325e-02
1.082720309495925903e-01
6.169521436095237732e-02
8.601090312004089355e-02
1.479200925678014755e-02
-5.306778848171234131e-02
-1.993458867073059082e-01
4.623778164386749268e-03
1.681274473667144775e-01
-2.151488326489925385e-02
4.747024551033973694e-02
-2.256853319704532623e-02
