-1.665330976247787476e-01
3.897788375616073608e-02
4.043148830533027649e-02
-1.571299582719802856e-01
-1.457267254590988159e-01
-1.987826451659202576e-02
-9.442050009965896606e-02
-2.028751224279403687e-01
1.811219900846481323e-01
-1.936418116092681885e-01
2.351261675357818604e-01
-1.067165732383728027e-01
-2.334365248680114746e-01
-4.564096033573150635e-02
-5.306334048509597778e-02
2.283630222082138062e-01
-2.058923989534378052e-01
-1.448919028043746948e-01
1.606510952115058899e-02
-3.174287267029285431e-03
3.717412799596786499e-02
-1.265545957721769810e-03
5.638733133673667908e-02
3.400039672851562500e-02
-1.009016185998916626e-01
-3.767618834972381592e-01
-1.337105929851531982e-01
-7.270161062479019165e-02
-2.715391106903553009e-03
2.393177943304181099e-03
9.752744808793067932e-04
6.751780956983566284e-02
-1.870709508657455444e-01
-3.347630798816680908e-02
2.434044517576694489e-02
1.281240284442901611e-01
-3.529644757509231567e-02
-1.070483475923538208e-01
1.891196817159652710e-01
-1.332074403762817383e-02
-2.644270956516265869e-01
-5.479551479220390320e-02
1.126707270741462708e-01
2.512424588203430176e-01
1.374901384115219116e-01
6.009095348417758942e-03
2.842059731483459473e-02
-1.621824353933334351e-01
9.914417564868927002e-02
-1.447183191776275635e-01
3.681861609220504761e-02
1.092453971505165100e-01
3.847034275531768799e-02
1.405278686434030533e-02
5.810089781880378723e-02
-9.063897281885147095e-02
8.833133429288864136e-02
1.627894490957260132e-01
-1.566651910543441772e-01
-1.861606910824775696e-02
2.158133089542388916e-01
-5.010347813367843628e-02
-1.602444425225257874e-02
-1.594107151031494141e-01
2.957162857055664062e-01
1.138090640306472778e-01
-1.059786006808280945e-01
-1.740689873695373535e-01
1.585103571414947510e-01
-7.097640633583068848e-02
-1.078133136034011841e-01
9.509982541203498840e-03
-1.970291137695312500e-01
-1.634796112775802612e-01
-2.829261720180511475e-01
-3.844263777136802673e-02
3.457975685596466064e-01
1.224094927310943604e-01
-9.077415615320205688e-02
7.512482255697250366e-02
-6.449135951697826385e-03
-3.058605454862117767e-02
1.037919819355010986e-01
1.721922457218170166e-01
1.572833210229873657e-02
2.163489535450935364e-02
-2.352936379611492157e-02
1.636746525764465332e-02
2.071124464273452759e-01
-6.481345742940902710e-02
4.351920261979103088e-02
1.860273778438568115e-01
-3.486333787441253662e-02
-8.764952421188354492e-03
-7.106213364750146866e-03
-6.379661615937948227e-03
-1.372903883457183838e-01
7.876452058553695679e-02
-1.677198261022567749e-01
-1.507347449660301208e-02
-1.245366409420967102e-03
-1.771171763539314270e-02
5.752842500805854797e-02
1.285097599029541016e-01
-1.942909359931945801e-01
1.419226676225662231e-01
-1.333675719797611237e-02
-1.055314298719167709e-02
3.137258812785148621e-02
-3.297648578882217407e-02
-4.232482239603996277e-02
-4.244403913617134094e-02
1.216449290513992310e-01
-1.922342479228973389e-01
1.742359101772308350e-01
1.399726420640945435e-01
1.118103489279747009e-01
1.312476843595504761e-01
1.205348744988441467e-01
1.131864041090011597e-01
-2.347059920430183411e-02
3.576104715466499329e-02
-2.556947469711303711e-01
-1.107513159513473511e-02
8.844792842864990234e-02
-6.209979951381683350e-02
1.082339137792587280e-01
4.296362027525901794e-02
