-1.018631011247634888e-01
1.221336610615253448e-02
6.552696228027343750e-02
-7.702051103115081787e-02
-7.825542241334915161e-02
-5.277848243713378906e-02
-5.739708989858627319e-02
-2.021712362766265869e-01
1.108559295535087585e-01
-1.640963554382324219e-01
2.797686159610748291e-01
-7.863017171621322632e-02
-2.028852105140686035e-01
-8.819010108709335327e-02
-5.829464271664619446e-02
2.000603377819061279e-01
-2.649171948432922363e-01
-1.014655753970146179e-01
-2.125466056168079376e-02
4.951846227049827576e-02
7.975471764802932739e-02
-1.741991192102432251e-02
4.330728575587272644e-02
2.505391091108322144e-02
-9.896861761808395386e-02
-3.773024380207061768e-01
-1.195611730217933655e-01
-8.988539129495620728e-02
-6.981181912124156952e-03
5.374879390001296997e-02
-3.862310573458671570e-02
-4.494106397032737732e-03
-1.882375627756118774e-01
2.234207093715667725e-02
1.326065231114625931e-02
6.108013540506362915e-02
1.593076973222196102e-03
-8.318840712308883667e-02
1.382239013910293579e-01
-2.203236147761344910e-02
-2.407055944204330444e-01
-2.818501181900501251e-02
5.746703222393989563e-02
1.977191418409347534e-01
1.673679202795028687e-01
2.776818722486495972e-02
1.527748350054025650e-02
-1.126925945281982422e-01
1.143410801887512207e-01
-1.880842596292495728e-01
2.044685930013656616e-02
6.797659397125244141e-02
8.253397047519683838e-02
3.410939872264862061e-02
2.650303207337856293e-02
-8.637039363384246826e-02
5.541558936238288879e-02
1.778472214937210083e-01
-1.867323815822601318e-01
2.629651129245758057e-02
1.066838204860687256e-01
-8.523100614547729492e-02
-2.401172369718551636e-02
-1.020300984382629395e-01
2.185800075531005859e-01
1.067148298025131226e-01
-1.513804495334625244e-01
-1.578653305768966675e-01
7.975050806999206543e-02
-1.601037234067916870e-01
-7.812710851430892944e-02
1.141819171607494354e-02
-1.636763066053390503e-01
-2.154301106929779053e-01
-3.355999886989593506e-01
-3.009859845042228699e-02
3.864496052265167236e-01
1.240244358777999878e-01
-1.611039936542510986e-01
-7.135960739105939865e-03
1.201641559600830078e-02
7.133954670280218124e-03
1.827339082956314087e-01
1.564478278160095215e-01
3.827313333749771118e-02
1.585448533296585083e-02
-8.799670636653900146e-02
-6.810737773776054382e-03
1.989264041185379028e-01
-9.872008860111236572e-02
9.221299551427364349e-03
2.516904771327972412e-01
-7.952723652124404907e-02
1.739333197474479675e-02
-4.377424344420433044e-02
9.223431348800659180e-03
-3.762104734778404236e-02
9.251691401004791260e-02
-7.699873298406600952e-02
5.351101607084274292e-02
8.877440355718135834e-03
-2.270979806780815125e-02
1.780780218541622162e-02
5.986929684877395630e-02
-1.597674190998077393e-01
7.541660219430923462e-02
-2.547094225883483887e-02
2.241516485810279846e-02
7.117776572704315186e-02
-6.407699733972549438e-02
-9.544180333614349365e-02
-7.766520977020263672e-02
1.038056463003158569e-01
-2.481352239847183228e-01
1.849753707647323608e-01
2.169273197650909424e-01
7.706371694803237915e-02
1.301613748073577881e-01
3.416190296411514282e-02
6.321751326322555542e-02
-2.755822613835334778e-02
4.166990518569946289e-03
-2.312200069427490234e-01
-1.140290964394807816e-02
8.355718106031417847e-02
-6.122422590851783752e-02
7.067199051380157471e-02
-3.081318549811840057e-02
