-1.321612447500228882e-01
3.088084608316421509e-02
3.389587253332138062e-02
-1.557580977678298950e-01
-1.781329214572906494e-01
-8.054992556571960449e-02
-1.184278875589370728e-01
-9.117615222930908203e-02
1.176689565181732178e-01
-1.732447147369384766e-01
2.045901864767074585e-01
-7.231369614601135254e-02
-1.667539328336715698e-01
-3.612596914172172546e-02
-6.529665738344192505e-02
2.470109015703201294e-01
-1.591038405895233154e-01
-1.571982949972152710e-01
-6.040087342262268066e-02
2.844178676605224609e-02
4.887904599308967590e-02
8.736398816108703613e-02
-1.084942463785409927e-02
3.717174381017684937e-02
-1.419209986925125122e-01
-3.549188971519470215e-01
-1.191889345645904541e-01
-4.217548668384552002e-02
-8.618718385696411133e-02
2.153411321341991425e-02
-4.740015417337417603e-02
3.536495938897132874e-02
-1.384745687246322632e-01
-1.076337136328220367e-02
9.299513697624206543e-02
9.922454506158828735e-02
-1.885634101927280426e-02
-9.775061160326004028e-02
1.046319827437400818e-01
1.400556229054927826e-02
-3.181733191013336182e-01
2.580599114298820496e-02
1.249943226575851440e-01
2.338130474090576172e-01
1.672514975070953369e-01
2.452760562300682068e-02
5.546171963214874268e-02
-1.282587796449661255e-01
1.451363861560821533e-01
-1.744063645601272583e-01
9.382969699800014496e-03
9.614437818527221680e-02
7.154139131307601929e-02
3.432754427194595337e-02
4.525831341743469238e-02
-9.588001668453216553e-02
7.121844589710235596e-02
1.958831995725631714e-01
-1.807116270065307617e-01
-4.636480659246444702e-02
1.011792570352554321e-01
-3.719468601047992706e-03
-3.920837864279747009e-02
-1.315709799528121948e-01
2.385737448930740356e-01
1.158418133854866028e-01
-1.840989291667938232e-01
-1.882606446743011475e-01
1.121302992105484009e-01
-1.533879935741424561e-01
-9.621253609657287598e-02
3.327300772070884705e-02
-1.990408003330230713e-01
-2.151412367820739746e-01
-3.250560760498046875e-01
-2.335958182811737061e-02
3.361920714378356934e-01
1.579617261886596680e-01
-1.477391272783279419e-01
5.163364112377166748e-02
3.738064691424369812e-02
8.041229844093322754e-02
8.650013059377670288e-02
1.588720381259918213e-01
-2.550463564693927765e-02
7.250234484672546387e-02
-6.692926585674285889e-02
-1.266717631369829178e-02
2.239864915609359741e-01
-8.051485568284988403e-02
-3.132027341052889824e-04
2.205783873796463013e-01
1.904463395476341248e-02
3.403451293706893921e-02
3.573833964765071869e-04
5.868243053555488586e-02
-9.161174297332763672e-02
-2.619667211547493935e-03
-1.008818298578262329e-01
2.682084590196609497e-02
3.123045712709426880e-02
-4.979601129889488220e-03
1.017694082111120224e-02
1.355893760919570923e-01
-1.237115040421485901e-01
1.510755121707916260e-01
-5.661036446690559387e-02
5.012986809015274048e-02
-3.431775420904159546e-02
4.385447129607200623e-02
-2.349379472434520721e-02
-1.053568571805953979e-01
5.229924619197845459e-02
-1.498744934797286987e-01
1.206457838416099548e-01
1.691519916057586670e-01
5.288056656718254089e-02
1.337127536535263062e-01
1.280691623687744141e-01
5.911067873239517212e-02
-5.195727944374084473e-02
2.288942411541938782e-02
-1.893199831247329712e-01
-5.868014320731163025e-02
8.911485970020294189e-02
-4.175923019647598267e-02
1.273075044155120850e-01
1.875627413392066956e-02
