-1.312587708234786987e-01
8.880107849836349487e-02
2.826926298439502716e-03
-9.320583939552307129e-02
-1.634870469570159912e-01
-6.047382578253746033e-02
-9.491185098886489868e-02
-1.371844261884689331e-01
1.323404908180236816e-01
-1.191969215869903564e-01
2.425470650196075439e-01
-5.287553369998931885e-02
-2.235480695962905884e-01
-1.019841656088829041e-01
-9.284557402133941650e-02
1.981316804885864258e-01
-2.193655967712402344e-01
-1.468542218208312988e-01
2.467136085033416748e-02
1.534737460315227509e-02
9.440623223781585693e-02
3.612184897065162659e-02
2.149517461657524109e-02
4.099663812667131424e-03
-1.183110922574996948e-01
-3.508606255054473877e-01
-9.742797911167144775e-02
-6.369226425886154175e-02
8.915424346923828125e-03
-7.203283905982971191e-02
2.626119647175073624e-03
7.352007180452346802e-02
-1.575569063425064087e-01
-1.364585012197494507e-02
5.192414671182632446e-02
1.051533073186874390e-01
1.952654495835304260e-02
-5.626293271780014038e-02
1.308265626430511475e-01
-1.628502085804939270e-02
-2.409272044897079468e-01
-4.288720432668924332e-03
6.700727343559265137e-02
2.298113554716110229e-01
1.632235497236251831e-01
-2.806972898542881012e-02
2.308977022767066956e-02
-1.959216147661209106e-01
1.156509071588516235e-01
-1.663580685853958130e-01
-4.822248220443725586e-02
1.307628750801086426e-01
1.361859031021595001e-02
5.001825094223022461e-02
1.891964673995971680e-02
-5.618852376937866211e-02
7.535763084888458252e-02
1.302753388881683350e-01
-1.743000149726867676e-01
-1.396937482059001923e-02
1.201604977250099182e-01
-5.959150940179824829e-02
-4.040898382663726807e-02
-1.023847088217735291e-01
1.837230324745178223e-01
4.383020475506782532e-02
-1.239003539085388184e-01
-1.934772580862045288e-01
1.064138635993003845e-01
-1.700079739093780518e-01
-1.370588392019271851e-01
8.389530330896377563e-02
-1.179661303758621216e-01
-1.880010962486267090e-01
-3.086610734462738037e-01
-5.709239840507507324e-02
3.776892125606536865e-01
1.424456685781478882e-01
-1.682250052690505981e-01
6.741161644458770752e-02
1.003044191747903824e-02
-1.776452921330928802e-02
1.541548520326614380e-01
1.530909836292266846e-01
9.321913123130798340e-03
3.196179866790771484e-02
-1.087056696414947510e-01
2.714087814092636108e-02
2.354020029306411743e-01
-6.459300965070724487e-02
8.617461426183581352e-04
2.147523760795593262e-01
1.806696504354476929e-02
1.387867033481597900e-01
3.400307893753051758e-02
7.896112650632858276e-02
-5.142639577388763428e-02
3.447326272726058960e-02
-1.142128556966781616e-01
7.036141585558652878e-03
1.697388291358947754e-02
-3.522492945194244385e-02
-9.059485048055648804e-03
1.084035336971282959e-01
-7.311034202575683594e-02
1.415400654077529907e-01
3.966783173382282257e-03
4.137841612100601196e-02
-1.832426711916923523e-02
-2.742143161594867706e-02
-4.385941196233034134e-03
-2.945361472666263580e-02
9.139898419380187988e-02
-2.141017317771911621e-01
2.149192541837692261e-01
1.775135099887847900e-01
5.717825144529342651e-02
1.080880761146545410e-01
8.846686035394668579e-02
4.900586605072021484e-02
-5.687648802995681763e-02
-6.174244731664657593e-02
-1.723674833774566650e-01
-4.274671897292137146e-02
2.883385121822357178e-02
-7.615880668163299561e-02
7.242062687873840332e-02
-3.963960707187652588e-02
