-9.391088038682937622e-02
6.120872870087623596e-02
3.980516269803047180e-02
-1.077973693609237671e-01
-1.444315761327743530e-01
-5.042931064963340759e-02
-1.090036928653717041e-01
-1.407663822174072266e-01
1.376469433307647705e-01
-1.693352758884429932e-01
2.552810311317443848e-01
-9.529514610767364502e-02
-1.843550205230712891e-01
-8.688859641551971436e-02
-5.377247929573059082e-02
2.316898256540298462e-01
-2.022227644920349121e-01
-1.688732653856277466e-01
1.627124845981597900e-03
2.861432358622550964e-02
1.112857237458229065e-01
-1.497221924364566803e-02
1.546183042228221893e-02
6.646209210157394409e-02
-1.229954957962036133e-01
-4.063332974910736084e-01
-8.786761015653610229e-02
-7.144273072481155396e-02
5.734788626432418823e-02
-3.072381578385829926e-02
-5.269926413893699646e-02
3.786588832736015320e-02
-2.267647683620452881e-01
-2.809916250407695770e-02
1.168653275817632675e-02
8.248263597488403320e-02
2.783168479800224304e-02
-1.125217452645301819e-01
1.510090529918670654e-01
3.286264091730117798e-02
-3.288349807262420654e-01
4.209468886256217957e-02
5.780974030494689941e-02
2.016848176717758179e-01
8.405305445194244385e-02
6.018078327178955078e-02
5.392658337950706482e-02
-1.567611992359161377e-01
1.490993946790695190e-01
-1.616270095109939575e-01
1.734203658998012543e-02
9.228856861591339111e-02
5.126794427633285522e-02
-1.526046171784400940e-02
3.034933470189571381e-02
-1.431007683277130127e-01
8.166595548391342163e-02
1.412483006715774536e-01
-2.417917549610137939e-01
6.279823184013366699e-02
1.111288219690322876e-01
-7.978598773479461670e-02
4.652478545904159546e-02
-1.301695704460144043e-01
2.212673723697662354e-01
1.316695809364318848e-01
-5.721103027462959290e-02
-1.703751981258392334e-01
1.454340219497680664e-01
-1.249069720506668091e-01
-6.482036411762237549e-02
6.066963449120521545e-02
-1.047014296054840088e-01
-1.786261200904846191e-01
-3.108274638652801514e-01
-5.551421642303466797e-02
3.828806281089782715e-01
1.309345215559005737e-01
-1.387546062469482422e-01
5.277339741587638855e-02
1.792465336620807648e-02
-2.003594674170017242e-02
1.767764538526535034e-01
1.466412842273712158e-01
7.277335971593856812e-04
2.708283998072147369e-02
-9.361793845891952515e-02
-1.268637087196111679e-02
2.901290953159332275e-01
-4.805388301610946655e-02
2.980479039251804352e-02
2.295218557119369507e-01
-4.393628612160682678e-02
7.005397975444793701e-02
-6.636298727244138718e-03
1.482145767658948898e-02
-1.489344835281372070e-01
7.608956098556518555e-02
-8.325114846229553223e-02
1.733038760721683502e-02
-3.274628147482872009e-02
-5.664762854576110840e-02
9.413470514118671417e-03
6.902442127466201782e-02
-1.719694584608078003e-01
5.140970647335052490e-02
-2.925428561866283417e-02
-9.656894952058792114e-03
-1.517333649098873138e-02
4.675570502877235413e-02
-6.968241184949874878e-02
-6.813456863164901733e-02
7.186356931924819946e-02
-2.037869542837142944e-01
2.559740841388702393e-01
1.995142698287963867e-01
1.127944812178611755e-01
1.296070367097854614e-01
1.294072717428207397e-01
4.945679754018783569e-02
-1.712236925959587097e-02
-6.486571580171585083e-02
-2.041534781455993652e-01
-4.521862044930458069e-02
1.053121164441108704e-01
-9.754112362861633301e-02
1.169537827372550964e-01
8.980950340628623962e-03
