-9.746326506137847900e-02
8.284820616245269775e-02
1.351991295814514160e-02
-8.886299282312393188e-02
-1.211801245808601379e-01
-5.843701958656311035e-02
-7.838750630617141724e-02
-1.776606440544128418e-01
1.481585204601287842e-01
-1.685264110565185547e-01
2.349264174699783325e-01
-6.048174947500228882e-02
-2.112694084644317627e-01
-1.007733494043350220e-01
-8.141514658927917480e-02
2.174855470657348633e-01
-2.310359328985214233e-01
-1.605979949235916138e-01
-4.831538349390029907e-02
1.869474723935127258e-02
8.939304202795028687e-02
9.619260206818580627e-03
1.916894689202308655e-02
1.396284066140651703e-02
-1.119335740804672241e-01
-3.499482274055480957e-01
-5.589827150106430054e-02
-6.573116779327392578e-02
1.678987033665180206e-02
-4.217448085546493530e-02
-1.232331432402133942e-02
4.736964777112007141e-02
-1.986293941736221313e-01
-1.186942122876644135e-02
1.018931996077299118e-02
8.082595467567443848e-02
-8.814535103738307953e-04
-6.960261613130569458e-02
1.637910902500152588e-01
-2.153011411428451538e-02
-2.771497666835784912e-01
-6.243842653930187225e-04
1.742569170892238617e-02
1.779112517833709717e-01
1.382130533456802368e-01
1.404453534632921219e-02
4.298360645771026611e-02
-1.646549850702285767e-01
1.455571651458740234e-01
-1.729471683502197266e-01
-3.767502307891845703e-02
1.114832311868667603e-01
5.226781964302062988e-02
5.487244203686714172e-02
-3.325691074132919312e-02
-1.271530240774154663e-01
4.617442563176155090e-02
1.255611032247543335e-01
-1.584369689226150513e-01
-1.039771176874637604e-02
1.063453555107116699e-01
-9.119577705860137939e-02
-9.094708599150180817e-03
-8.125413954257965088e-02
2.297704070806503296e-01
4.500597715377807617e-02
-1.391390115022659302e-01
-1.449101269245147705e-01
8.555521070957183838e-02
-1.391138285398483276e-01
-7.775018364191055298e-02
4.229431971907615662e-02
-1.158464401960372925e-01
-1.877976655960083008e-01
-2.949416637420654297e-01
-2.514238655567169189e-02
3.689632415771484375e-01
9.554957598447799683e-02
-1.422790437936782837e-01
3.109462745487689972e-02
-2.186691388487815857e-02
3.825145773589611053e-03
1.103221774101257324e-01
1.393156945705413818e-01
-3.110059723258018494e-02
6.422572582960128784e-02
-7.778193801641464233e-02
1.349400915205478668e-02
2.562123537063598633e-01
-8.360777050256729126e-02
-7.720729801803827286e-03
2.369553446769714355e-01
-3.526670485734939575e-02
1.067815274000167847e-01
-1.476427353918552399e-02
3.001623414456844330e-02
-6.218281388282775879e-02
6.438369303941726685e-02
-4.296068474650382996e-02
4.243881255388259888e-02
5.551388114690780640e-02
-4.934153705835342407e-02
1.761412434279918671e-02
7.340276986360549927e-02
-1.033494547009468079e-01
1.300410032272338867e-01
-4.125097393989562988e-02
7.164864987134933472e-02
2.538434788584709167e-02
1.517765922471880913e-04
-6.990805268287658691e-02
-8.077840507030487061e-02
1.083706468343734741e-01
-1.804538816213607788e-01
2.483971863985061646e-01
2.006002217531204224e-01
7.825208455324172974e-02
1.322614103555679321e-01
1.266756355762481689e-01
6.385064125061035156e-02
-3.410136699676513672e-02
1.775169745087623596e-03
-1.871632486581802368e-01
-4.427058249711990356e-02
1.247495934367179871e-01
-5.088985711336135864e-02
1.245036348700523376e-01
-2.013878151774406433e-02
