-6.008600443601608276e-02
8.570098876953125000e-02
1.857328228652477264e-02
-1.250225901603698730e-01
-1.413792520761489868e-01
-6.735037267208099365e-02
-3.257198259234428406e-02
-1.291760355234146118e-01
1.646821647882461548e-01
-1.282908320426940918e-01
2.533755898475646973e-01
-1.052334085106849670e-01
-2.144335955381393433e-01
-5.621151253581047058e-02
-4.796127602458000183e-02
2.356232106685638428e-01
-2.318282872438430786e-01
-1.630510836839675903e-01
-7.573595643043518066e-02
2.938368916511535645e-02
3.640438243746757507e-02
-5.703554302453994751e-02
6.953045725822448730e-03
7.390166819095611572e-02
-4.060158133506774902e-02
-3.816023766994476318e-01
-9.237427264451980591e-02
-5.955044925212860107e-02
-1.178774051368236542e-03
-3.120932541787624359e-02
-4.781651496887207031e-02
7.134764641523361206e-02
-1.923045814037322998e-01
-7.237795740365982056e-02
2.664066851139068604e-02
8.190248906612396240e-02
-1.924590952694416046e-02
-1.240725815296173096e-01
1.299539059400558472e-01
-5.243367701768875122e-02
-3.047996461391448975e-01
1.639104261994361877e-02
1.062204539775848389e-01
1.920119822025299072e-01
1.777042597532272339e-01
-2.312547154724597931e-02
2.602367475628852844e-02
-1.608698219060897827e-01
1.201661899685859680e-01
-1.593008190393447876e-01
-3.849858790636062622e-02
1.008326113224029541e-01
6.853802502155303955e-02
6.390591710805892944e-02
-9.950846433639526367e-03
-1.186129227280616760e-01
6.391043215990066528e-02
1.611267030239105225e-01
-1.528118103742599487e-01
-5.387180298566818237e-02
1.437407732009887695e-01
-8.630293607711791992e-02
-3.211669996380805969e-02
-1.527293622493743896e-01
2.648946046829223633e-01
1.173893287777900696e-01
-1.442539542913436890e-01
-1.940289139747619629e-01
1.318925768136978149e-01
-1.214930564165115356e-01
-7.856680452823638916e-02
2.784192189574241638e-02
-1.449826657772064209e-01
-1.687654852867126465e-01
-2.723391652107238770e-01
-1.577261835336685181e-03
3.967223465442657471e-01
1.074109375476837158e-01
-1.575655341148376465e-01
5.310845002532005310e-02
-6.062429770827293396e-02
1.719792559742927551e-02
9.747165441513061523e-02
1.772470027208328247e-01
-4.737328737974166870e-03
4.993947967886924744e-02
-9.747018665075302124e-02
-7.677856832742691040e-03
2.129499465227127075e-01
-7.351226359605789185e-02
2.910344302654266357e-02
1.952416896820068359e-01
-3.355133533477783203e-02
9.384471178054809570e-02
1.348218694329261780e-02
2.549256943166255951e-02
-8.850759267807006836e-02
9.622245281934738159e-02
-1.660728454589843750e-01
5.208307877182960510e-02
-2.849676832556724548e-02
-5.061166733503341675e-02
-2.106925286352634430e-02
7.086844742298126221e-02
-9.595683962106704712e-02
8.695136755704879761e-02
1.015038602054119110e-02
6.309792399406433105e-02
2.207302302122116089e-02
1.070429757237434387e-02
-1.258480176329612732e-02
-1.014866158366203308e-01
9.014953672885894775e-02
-2.228420972824096680e-01
1.963899880647659302e-01
1.632599979639053345e-01
9.754297137260437012e-02
1.121128052473068237e-01
1.164491027593612671e-01
1.071064844727516174e-01
-1.596655882894992828e-02
-4.367019608616828918e-02
-2.418314367532730103e-01
2.203110791742801666e-02
1.123732402920722961e-01
-5.562055110931396484e-02
6.534244120121002197e-02
-1.454860437661409378e-03
