-1.437901407480239868e-01
4.497667774558067322e-02
-6.336825434118509293e-03
-1.627190262079238892e-01
-1.548801660537719727e-01
-5.321954190731048584e-02
-8.897539973258972168e-02
-1.540812104940414429e-01
2.226709872484207153e-01
-1.830058544874191284e-01
2.353142797946929932e-01
-5.411177501082420349e-02
-1.629122495651245117e-01
-9.735782444477081299e-02
-3.652814403176307678e-02
1.876266002655029297e-01
-2.625801563262939453e-01
-1.576111465692520142e-01
5.144783854484558105e-02
8.881250396370887756e-04
7.467915117740631104e-02
-1.110856328159570694e-02
1.367874816060066223e-02
5.242061614990234375e-02
-1.187806278467178345e-01
-3.826748728752136230e-01
-1.170009672641754150e-01
-9.878897666931152344e-02
1.601532474160194397e-02
6.974504329264163971e-03
2.526061050593852997e-02
3.298527002334594727e-02
-1.954628676176071167e-01
-1.757169701159000397e-02
2.112158574163913727e-03
7.424286007881164551e-02
1.008370425552129745e-02
-5.641216039657592773e-02
1.386613845825195312e-01
1.687962934374809265e-02
-2.844918370246887207e-01
2.130270376801490784e-02
2.779718115925788879e-02
2.133826315402984619e-01
1.480682045221328735e-01
2.084712730720639229e-03
2.603148669004440308e-02
-1.765059381723403931e-01
1.855235099792480469e-01
-1.475155502557754517e-01
1.889645308256149292e-02
1.290458142757415771e-01
3.521949052810668945e-02
-6.481217220425605774e-03
2.637917920947074890e-02
-9.863431006669998169e-02
7.414110749959945679e-02
1.614592373371124268e-01
-1.908659636974334717e-01
2.927767671644687653e-02
1.464202553033828735e-01
-2.308578416705131531e-02
-1.559309475123882294e-02
-1.044542193412780762e-01
2.025101780891418457e-01
1.142276450991630554e-01
-1.042787358164787292e-01
-2.389704287052154541e-01
8.929958939552307129e-02
-1.301372051239013672e-01
-1.197162866592407227e-01
6.825039535760879517e-02
-1.756647080183029175e-01
-2.092208117246627808e-01
-2.987219393253326416e-01
9.830018505454063416e-03
3.990162611007690430e-01
1.200601086020469666e-01
-1.227523982524871826e-01
5.650836974382400513e-02
-2.756623318418860435e-03
-1.014853082597255707e-02
1.495666056871414185e-01
1.675718873739242554e-01
-9.618066251277923584e-03
-1.009662635624408722e-03
-7.346004992723464966e-02
-1.463392004370689392e-02
2.162010669708251953e-01
-4.342923685908317566e-02
-1.332683674991130829e-02
2.184234708547592163e-01
-4.670487716794013977e-02
1.066060960292816162e-01
-2.473077178001403809e-02
2.714123949408531189e-02
-1.155955120921134949e-01
1.128226071596145630e-01
-9.879401326179504395e-02
-1.015005819499492645e-02
2.926899679005146027e-02
-2.158853411674499512e-02
6.167452316731214523e-03
9.344096481800079346e-02
-1.675837635993957520e-01
1.618528515100479126e-01
-2.937453240156173706e-02
3.474011644721031189e-02
-8.987523615360260010e-03
1.349909417331218719e-02
-3.816634416580200195e-02
-2.429497614502906799e-02
9.636777639389038086e-02
-1.877991557121276855e-01
2.541722059249877930e-01
1.761784553527832031e-01
1.333917826414108276e-01
1.556488871574401855e-01
1.174968779087066650e-01
3.547202050685882568e-02
-3.536123782396316528e-02
6.975990720093250275e-03
-2.088266760110855103e-01
1.777271274477243423e-03
5.943575501441955566e-02
-7.470019161701202393e-02
9.692273288965225220e-02
-1.265336200594902039e-02
