-1.230001002550125122e-01
7.104477286338806152e-02
3.752308338880538940e-02
-2.001186907291412354e-01
-1.180347502231597900e-01
-4.749949276447296143e-02
-1.156371682882308960e-01
-1.467112898826599121e-01
1.382362246513366699e-01
-2.307129502296447754e-01
2.083320319652557373e-01
-1.292038261890411377e-01
-1.701268404722213745e-01
-4.697281494736671448e-02
-4.505079984664916992e-02
2.285289913415908813e-01
-2.287657707929611206e-01
-2.000969797372817993e-01
1.784699968993663788e-02
-2.245190553367137909e-02
6.549344956874847412e-02
-6.582263391464948654e-03
-7.028049975633621216e-02
1.003395244479179382e-01
-1.586781144142150879e-01
-3.071689009666442871e-01
-1.282826364040374756e-01
-5.412115156650543213e-02
-8.823344111442565918e-02
-1.005928665399551392e-01
5.505555868148803711e-02
7.734726369380950928e-02
-1.834061890840530396e-01
4.328092932701110840e-02
-2.804056182503700256e-02
1.230528429150581360e-01
1.047731414437294006e-01
-1.106278151273727417e-01
1.448661983013153076e-01
2.494174055755138397e-02
-2.884196341037750244e-01
-2.537854760885238647e-02
1.267057508230209351e-01
2.249860316514968872e-01
9.704703092575073242e-02
-4.794742166996002197e-02
-1.122204400599002838e-02
-7.364610582590103149e-02
1.461035609245300293e-01
-1.237296462059020996e-01
-5.765860900282859802e-02
9.954997897148132324e-02
3.995509445667266846e-02
2.782062813639640808e-02
2.492742240428924561e-02
-1.126358360052108765e-01
9.990721195936203003e-02
1.102081686258316040e-01
-1.609963774681091309e-01
-5.638633668422698975e-02
7.083462178707122803e-02
-8.435112237930297852e-02
7.107466459274291992e-03
-9.686027467250823975e-02
2.385861575603485107e-01
1.349870562553405762e-01
-7.047628611326217651e-02
-2.175449728965759277e-01
1.360597610473632812e-01
-1.074471026659011841e-01
-1.449814885854721069e-01
5.175907909870147705e-02
-1.870714873075485229e-01
-1.145931184291839600e-01
-3.170563578605651855e-01
-3.653632849454879761e-02
3.032591044902801514e-01
8.487775176763534546e-02
-1.488351821899414062e-01
1.062750071287155151e-01
5.425436049699783325e-02
-3.890092298388481140e-02
1.186318099498748779e-01
2.016754001379013062e-01
2.580045908689498901e-02
9.201851487159729004e-02
-3.578809276223182678e-02
6.647826731204986572e-02
2.487016320228576660e-01
-2.602940797805786133e-02
5.086592864245176315e-03
1.410003155469894409e-01
-5.017799884080886841e-02
5.215754732489585876e-02
3.842889796942472458e-03
-1.418550964444875717e-02
-8.674597740173339844e-02
7.162287086248397827e-02
-1.069262176752090454e-01
4.644272848963737488e-02
1.608638465404510498e-02
3.630185872316360474e-02
-3.527875989675521851e-02
1.450691223144531250e-01
-1.502576172351837158e-01
9.079378098249435425e-02
1.115559833124279976e-03
-5.788744613528251648e-02
-9.968639910221099854e-02
8.223295211791992188e-02
-3.572521731257438660e-02
-4.277957603335380554e-02
9.982760995626449585e-02
-1.735570281744003296e-01
1.566467434167861938e-01
1.713590174913406372e-01
1.406032964587211609e-02
7.913547754287719727e-02
9.959230571985244751e-02
7.706710696220397949e-02
-2.545664831995964050e-02
9.569417685270309448e-03
-1.938441097736358643e-01
-2.982441894710063934e-02
1.027496084570884705e-01
-7.572603970766067505e-02
1.072353869676589966e-01
-2.030897699296474457e-02
