-1.253736764192581177e-01
6.791858375072479248e-02
7.836686074733734131e-02
-1.329753845930099487e-01
-1.580146551132202148e-01
-3.747369349002838135e-02
-5.550390481948852539e-02
-6.645362824201583862e-02
1.482638120651245117e-01
-1.012769117951393127e-01
2.562789618968963623e-01
-9.657248854637145996e-02
-1.773806810379028320e-01
-9.575298428535461426e-02
-8.153399080038070679e-02
2.749267518520355225e-01
-2.009887695312500000e-01
-1.182346343994140625e-01
1.394044980406761169e-02
2.742106840014457703e-02
6.711110472679138184e-02
2.328346483409404755e-02
-1.497266348451375961e-02
9.233995527029037476e-02
-1.421188116073608398e-01
-4.095592498779296875e-01
-7.265813648700714111e-02
-3.582452610135078430e-02
-3.393229097127914429e-02
-7.022455334663391113e-02
-4.950573667883872986e-02
1.406064033508300781e-01
-1.919634044170379639e-01
-6.099196523427963257e-02
6.715332716703414917e-02
1.198551133275032043e-01
4.754764493554830551e-03
-7.284540683031082153e-02
9.355547279119491577e-02
2.626044861972332001e-02
-3.031454682350158691e-01
6.634619086980819702e-03
1.340856105089187622e-01
2.437203973531723022e-01
9.407477825880050659e-02
2.064416185021400452e-02
2.406048588454723358e-02
-1.121643483638763428e-01
1.211221143603324890e-01
-1.666717529296875000e-01
-4.014583304524421692e-02
1.100601330399513245e-01
2.391940914094448090e-02
3.350864723324775696e-02
5.124842375516891479e-02
-7.350553572177886963e-02
8.048513531684875488e-02
1.142202988266944885e-01
-2.163585275411605835e-01
-2.935520745813846588e-02
7.602172344923019409e-02
-7.798410207033157349e-02
6.623743101954460144e-04
-1.426589339971542358e-01
1.599430739879608154e-01
9.315156936645507812e-02
-8.591578900814056396e-02
-1.940549314022064209e-01
1.234989240765571594e-01
-1.129106208682060242e-01
-8.979140967130661011e-02
5.873192101716995239e-02
-1.240433901548385620e-01
-1.784002333879470825e-01
-3.552956581115722656e-01
-2.895596437156200409e-02
3.459032773971557617e-01
1.666898131370544434e-01
-1.291065812110900879e-01
7.330089062452316284e-02
3.099899366497993469e-02
-1.475042942911386490e-02
1.067332401871681213e-01
1.696268618106842041e-01
3.987997770309448242e-03
9.262962639331817627e-02
-4.376451298594474792e-02
3.976429253816604614e-02
1.697526872158050537e-01
-2.514205686748027802e-02
2.504390664398670197e-02
2.024822682142257690e-01
-1.654429733753204346e-02
7.261135429143905640e-02
-3.372007049620151520e-03
4.358896613121032715e-02
-1.182456016540527344e-01
8.109058439731597900e-02
-1.254442036151885986e-01
1.826495304703712463e-02
1.258156448602676392e-02
-8.189628832042217255e-03
4.386644810438156128e-02
1.215164288878440857e-01
-1.671911776065826416e-01
9.435658901929855347e-02
-1.119113154709339142e-02
3.958446905016899109e-03
-1.579015702009201050e-02
8.454696089029312134e-02
-4.780812934041023254e-02
-6.682650744915008545e-02
3.823215886950492859e-02
-2.235522121191024780e-01
1.869641095399856567e-01
1.958191841840744019e-01
3.587470203638076782e-02
9.092666208744049072e-02
1.167939007282257080e-01
3.326667845249176025e-02
-2.488505095243453979e-02
-6.693598628044128418e-02
-1.339608430862426758e-01
-4.840530082583427429e-02
1.103139817714691162e-01
-1.071765944361686707e-01
9.274236857891082764e-02
-2.658591791987419128e-02
