-8.000187575817108154e-02
3.932204470038414001e-02
8.026564866304397583e-02
-3.993333503603935242e-02
-8.478859812021255493e-02
-4.938521981239318848e-02
-4.219154641032218933e-02
-1.709264814853668213e-01
1.393427103757858276e-01
-1.206915453076362610e-01
3.119401037693023682e-01
-4.103925824165344238e-02
-1.301400214433670044e-01
-1.237481907010078430e-01
-4.451741650700569153e-02
1.727882623672485352e-01
-2.504218816757202148e-01
-1.595408171415328979e-01
-3.710899502038955688e-03
7.115308195352554321e-03
9.563340991735458374e-02
-4.106549173593521118e-02
6.443098187446594238e-02
2.337449975311756134e-02
-1.215824484825134277e-01
-3.949128091335296631e-01
-1.106420308351516724e-01
-1.065628007054328918e-01
5.855491757392883301e-02
4.947556555271148682e-02
-2.778166532516479492e-02
4.290910065174102783e-02
-2.515978217124938965e-01
-8.366011083126068115e-03
1.110311318188905716e-02
6.338616460561752319e-02
2.138883993029594421e-02
-6.039192900061607361e-02
1.543684154748916626e-01
-1.817560568451881409e-02
-2.738240659236907959e-01
5.086113698780536652e-03
6.540047377347946167e-02
2.286467105150222778e-01
1.788849085569381714e-01
2.464390918612480164e-02
-1.076582819223403931e-03
-8.163767307996749878e-02
9.850896894931793213e-02
-1.713566482067108154e-01
6.073152646422386169e-02
1.081176623702049255e-01
9.580313414335250854e-02
3.919492289423942566e-02
5.358733702450990677e-03
-1.396648585796356201e-01
5.138240009546279907e-02
1.218199729919433594e-01
-1.982647180557250977e-01
1.708466559648513794e-02
8.299281448125839233e-02
-7.741227746009826660e-02
-7.740158587694168091e-03
-1.060120165348052979e-01
2.025948017835617065e-01
1.428255438804626465e-01
-9.612467885017395020e-02
-1.970952302217483521e-01
9.610864520072937012e-02
-1.381041109561920166e-01
-4.514101892709732056e-02
7.357516884803771973e-02
-1.879662722349166870e-01
-2.075313776731491089e-01
-3.245021998882293701e-01
6.742063909769058228e-03
4.634413123130798340e-01
1.206471547484397888e-01
-1.769668310880661011e-01
2.358913421630859375e-03
-1.620560651645064354e-03
1.061990763992071152e-02
1.736458092927932739e-01
1.399138867855072021e-01
1.109120622277259827e-02
5.168074741959571838e-02
-1.314003020524978638e-01
5.054785870015621185e-03
1.887559294700622559e-01
-7.263535261154174805e-02
-5.383071303367614746e-02
2.200193405151367188e-01
-8.061791211366653442e-02
4.806166514754295349e-02
-5.038441158831119537e-03
2.323270961642265320e-02
-4.345799982547760010e-02
1.213724687695503235e-01
-1.640013754367828369e-01
1.957283169031143188e-02
-4.269407317042350769e-02
-4.968984983861446381e-03
-1.872877590358257294e-02
5.607741326093673706e-02
-1.380517482757568359e-01
6.550961732864379883e-02
1.027582585811614990e-02
1.105933450162410736e-02
-1.038725581020116806e-02
-2.349215932190418243e-02
-8.704559504985809326e-02
-6.872177124023437500e-02
8.452826738357543945e-02
-2.406429946422576904e-01
2.306641191244125366e-01
2.027926594018936157e-01
9.579698741436004639e-02
1.758744269609451294e-01
7.798518240451812744e-02
6.188039109110832214e-02
-2.699048817157745361e-02
-4.437933117151260376e-02
-2.082713842391967773e-01
6.741504184901714325e-03
6.882058084011077881e-02
-6.558361649513244629e-02
8.748920261859893799e-02
-5.919999908655881882e-03
