-1.024567112326622009e-01
2.746602147817611694e-02
1.941058598458766937e-02
-1.032271310687065125e-01
-1.088939160108566284e-01
-1.923078112304210663e-02
-6.708889454603195190e-02
-1.239558160305023193e-01
2.275671064853668213e-01
-2.084955722093582153e-01
2.279044091701507568e-01
-3.954602032899856567e-02
-1.830032467842102051e-01
-1.260980516672134399e-01
-4.713177680969238281e-03
2.293383181095123291e-01
-2.532980144023895264e-01
-1.441553831100463867e-01
-2.159202471375465393e-02
-1.692128367722034454e-03
4.300002381205558777e-02
8.823244832456111908e-03
8.499293774366378784e-02
5.631577223539352417e-02
-2.034425288438796997e-01
-4.289320409297943115e-01
-1.071299538016319275e-01
-8.234534412622451782e-02
-4.589665681123733521e-02
7.688727229833602905e-03
-9.136553853750228882e-02
7.193516939878463745e-02
-1.727797836065292358e-01
-2.497698739171028137e-02
2.877813950181007385e-02
1.222593858838081360e-01
-7.033123634755611420e-03
-5.001300945878028870e-02
1.547054946422576904e-01
-7.202612236142158508e-03
-2.794730067253112793e-01
-6.441020965576171875e-02
9.176915884017944336e-02
2.502208352088928223e-01
1.511941552162170410e-01
1.131975930184125900e-02
2.188412472605705261e-02
-1.076096817851066589e-01
1.474369168281555176e-01
-1.584807783365249634e-01
4.378739744424819946e-02
6.626593321561813354e-02
7.653690129518508911e-02
3.051386214792728424e-02
6.015023216605186462e-02
-1.011362597346305847e-01
2.926181443035602570e-02
1.746506989002227783e-01
-1.428114175796508789e-01
-5.278331413865089417e-02
4.823196679353713989e-02
-5.912236869335174561e-02
-3.273452445864677429e-02
-1.014023870229721069e-01
3.051763474941253662e-01
1.471877247095108032e-01
-1.287184804677963257e-01
-1.703460216522216797e-01
1.256161630153656006e-01
-1.225806325674057007e-01
-8.139042556285858154e-02
1.930360868573188782e-02
-1.756939440965652466e-01
-1.769306510686874390e-01
-3.763744831085205078e-01
-8.614012598991394043e-02
3.352555632591247559e-01
9.013391286134719849e-02
-1.733509004116058350e-01
1.662417128682136536e-02
-6.131434813141822815e-03
1.373122073709964752e-02
1.498183906078338623e-01
2.015759944915771484e-01
-2.869915403425693512e-02
1.090877577662467957e-01
-7.209461927413940430e-02
2.805727533996105194e-02
2.127775251865386963e-01
-8.230804651975631714e-02
-2.405233308672904968e-02
2.024296373128890991e-01
1.286208070814609528e-02
7.289479672908782959e-02
1.978028193116188049e-02
-1.251759007573127747e-02
-8.778776973485946655e-02
5.138588696718215942e-02
-1.835574954748153687e-01
2.802260592579841614e-02
3.105201199650764465e-02
2.579814568161964417e-02
-8.489852771162986755e-04
1.100696697831153870e-01
-1.683719456195831299e-01
1.057343930006027222e-01
3.554071113467216492e-02
-4.856534767895936966e-03
3.930463641881942749e-02
1.453162357211112976e-02
-9.661816805601119995e-02
-1.398180425167083740e-01
7.870127260684967041e-02
-2.447891384363174438e-01
1.219708919525146484e-01
1.815489083528518677e-01
6.365909427404403687e-02
1.812418848276138306e-01
6.116877496242523193e-02
6.222573667764663696e-02
-5.601524561643600464e-02
1.391545776277780533e-02
-2.119384109973907471e-01
3.631253540515899658e-02
1.324765831232070923e-01
-6.980922073125839233e-02
1.100823506712913513e-01
2.270641736686229706e-03
