-1.350121051073074341e-01
-1.706822589039802551e-02
-1.192831806838512421e-02
-1.481322199106216431e-01
-1.455146819353103638e-01
-8.426092565059661865e-02
-4.220581054687500000e-02
-1.627566963434219360e-01
1.848381310701370239e-01
-1.503624916076660156e-01
2.161127179861068726e-01
-1.072467416524887085e-01
-1.916500329971313477e-01
-9.287176281213760376e-02
-9.905786067247390747e-02
2.616342902183532715e-01
-2.363037616014480591e-01
-2.106995135545730591e-01
-1.029542554169893265e-02
-1.227162592113018036e-02
5.241566337645053864e-03
-1.446039602160453796e-02
-2.167965658009052277e-02
8.827079832553863525e-02
-1.199873462319374084e-01
-3.483622670173645020e-01
-1.283251047134399414e-01
-7.824028283357620239e-02
-4.505132138729095459e-02
2.971186116337776184e-02
-3.219229169189929962e-03
1.162171363830566406e-01
-1.628412455320358276e-01
-3.244069218635559082e-02
7.818135619163513184e-02
1.126310825347900391e-01
4.602032527327537537e-02
-8.423458039760589600e-02
1.113618090748786926e-01
-1.247201114892959595e-03
-2.672429382801055908e-01
-7.400469481945037842e-02
1.423274725675582886e-01
2.407647073268890381e-01
1.197764202952384949e-01
2.387454733252525330e-02
-3.315424546599388123e-03
-1.244172900915145874e-01
1.201447322964668274e-01
-1.334343552589416504e-01
-4.185523837804794312e-02
7.276401668787002563e-02
5.171261727809906006e-02
3.096373751759529114e-02
3.545263409614562988e-02
-1.267609000205993652e-01
9.609037637710571289e-02
1.213598102331161499e-01
-1.516366451978683472e-01
-7.754574716091156006e-02
7.245802879333496094e-02
-6.682832539081573486e-02
-4.815793409943580627e-02
-1.274643093347549438e-01
3.010271787643432617e-01
9.434680640697479248e-02
-1.243212819099426270e-01
-1.692219525575637817e-01
2.141234278678894043e-01
-9.837970882654190063e-02
-1.141406744718551636e-01
-6.666630506515502930e-04
-1.675387769937515259e-01
-1.317073851823806763e-01
-3.328580856323242188e-01
-5.894292891025543213e-02
3.822744190692901611e-01
9.393118321895599365e-02
-1.468952596187591553e-01
8.462222665548324585e-02
5.299077602103352547e-04
5.606734752655029297e-02
1.037735641002655029e-01
1.394296288490295410e-01
-3.225117176771163940e-02
8.093689382076263428e-02
-1.041966378688812256e-01
-4.012646153569221497e-02
1.987329721450805664e-01
-5.715612322092056274e-02
2.688041888177394867e-03
1.419946551322937012e-01
-3.459203988313674927e-02
6.309138983488082886e-02
4.522423818707466125e-02
1.679179072380065918e-02
-7.580602169036865234e-02
7.173702120780944824e-02
-1.640747636556625366e-01
3.541070502251386642e-03
7.094619423151016235e-02
2.728096209466457367e-02
2.997012622654438019e-02
1.125469729304313660e-01
-1.122880354523658752e-01
7.590051740407943726e-02
3.306549414992332458e-02
7.458521984517574310e-03
-2.621635422110557556e-02
5.191558972001075745e-02
-5.037915706634521484e-02
-8.188834786415100098e-02
8.063782006502151489e-02
-2.057390064001083374e-01
1.837097108364105225e-01
1.438349634408950806e-01
7.619394361972808838e-02
1.347619444131851196e-01
9.316176921129226685e-02
5.933431908488273621e-02
-8.046145737171173096e-02
-2.583961561322212219e-02
-1.779316365718841553e-01
-3.819722682237625122e-02
1.025668233633041382e-01
-7.928677648305892944e-02
1.031855195760726929e-01
3.050702251493930817e-02
