-1.307931691408157349e-01
8.267527818679809570e-02
2.474601566791534424e-02
-9.987124055624008179e-02
-1.671906113624572754e-01
-5.596794560551643372e-02
-8.821114152669906616e-02
-1.504318416118621826e-01
1.706226617097854614e-01
-1.923937946557998657e-01
2.703801989555358887e-01
-5.674775317311286926e-02
-1.724547445774078369e-01
-1.279208809137344360e-01
-2.474750764667987823e-02
2.500104010105133057e-01
-2.138409018516540527e-01
-1.490200161933898926e-01
-1.554896403104066849e-02
-2.185361832380294800e-02
6.394119560718536377e-02
-2.643892914056777954e-02
4.383619874715805054e-02
8.177164942026138306e-02
-9.470403939485549927e-02
-3.777053654193878174e-01
-8.284677565097808838e-02
-1.027455776929855347e-01
4.701554402709007263e-02
-3.141323104500770569e-02
-3.024404495954513550e-02
4.699703678488731384e-02
-1.953737139701843262e-01
-3.321619331836700439e-02
1.480690203607082367e-03
1.149686872959136963e-01
-2.699266932904720306e-02
-3.577174991369247437e-02
1.157221421599388123e-01
-5.919092148542404175e-02
-2.554576098918914795e-01
5.243108607828617096e-04
4.987380653619766235e-02
1.802456676959991455e-01
1.350155323743820190e-01
3.733615577220916748e-02
4.134127497673034668e-02
-1.509275138378143311e-01
1.474511772394180298e-01
-1.619005799293518066e-01
-2.768348902463912964e-03
9.143325686454772949e-02
8.096504956483840942e-02
3.419231995940208435e-02
2.988771162927150726e-02
-1.094994097948074341e-01
7.287203520536422729e-02
1.521366536617279053e-01
-1.842689812183380127e-01
2.990339417010545731e-03
8.196027576923370361e-02
-6.166701763868331909e-02
-2.447959035634994507e-02
-8.779538422822952271e-02
2.642492949962615967e-01
1.209759861230850220e-01
-1.232409849762916565e-01
-1.610267907381057739e-01
1.049390062689781189e-01
-1.292281150817871094e-01
-8.151616156101226807e-02
5.078991502523422241e-02
-1.326545029878616333e-01
-1.646568179130554199e-01
-3.103845715522766113e-01
-4.554230719804763794e-02
3.709854483604431152e-01
6.863895803689956665e-02
-1.337051093578338623e-01
3.705386072397232056e-02
-1.354832481592893600e-02
-1.476448960602283478e-02
9.116128832101821899e-02
1.285122632980346680e-01
-2.983086183667182922e-02
-3.109606541693210602e-02
-8.931304514408111572e-02
1.122321747243404388e-02
2.045000642538070679e-01
-1.031613796949386597e-01
5.611468851566314697e-02
2.066309303045272827e-01
-3.119089640676975250e-02
1.087673157453536987e-01
-4.599166288971900940e-02
4.934616386890411377e-02
-1.098829135298728943e-01
8.904889971017837524e-02
-5.881343409419059753e-02
2.814434841275215149e-02
3.267859108746051788e-03
-4.688049107789993286e-02
-1.145449653267860413e-02
2.520227432250976562e-02
-1.630063652992248535e-01
1.197865381836891174e-01
-1.102082803845405579e-02
5.820334702730178833e-02
1.249018218368291855e-02
2.479653805494308472e-02
-8.403623104095458984e-02
-6.637483835220336914e-02
9.683918952941894531e-02
-2.050747871398925781e-01
2.797334492206573486e-01
2.099369764328002930e-01
5.850036069750785828e-02
1.397991776466369629e-01
1.096287816762924194e-01
5.883956328034400940e-02
-2.930268272757530212e-02
-5.313134193420410156e-02
-1.912603080272674561e-01
-1.625736430287361145e-02
1.063832342624664307e-01
-1.258749216794967651e-01
4.765484854578971863e-02
1.888464670628309250e-03
