-1.072146445512771606e-01
8.070625364780426025e-02
-1.305871177464723587e-03
-1.779936850070953369e-01
-1.329405605792999268e-01
-2.160299196839332581e-02
-1.091745942831039429e-01
-1.112114414572715759e-01
1.944751739501953125e-01
-2.555944919586181641e-01
1.721612066030502319e-01
-7.911293953657150269e-02
-1.672077178955078125e-01
-7.176747173070907593e-02
-4.441157728433609009e-02
2.532893717288970947e-01
-2.640416026115417480e-01
-1.822456568479537964e-01
-3.346275538206100464e-02
6.268773227930068970e-03
9.602735191583633423e-02
4.499594867229461670e-02
3.939107060432434082e-03
1.070942878723144531e-01
-1.230787709355354309e-01
-4.011149108409881592e-01
-5.493180453777313232e-02
-8.726429939270019531e-02
1.197547931224107742e-02
-5.766357854008674622e-02
-3.238867223262786865e-02
1.250429265201091766e-02
-2.326426506042480469e-01
8.794700726866722107e-03
-2.981078997254371643e-02
1.410034149885177612e-01
1.411944534629583359e-02
-9.023828059434890747e-02
1.217179596424102783e-01
3.872895613312721252e-02
-3.048624098300933838e-01
6.518006324768066406e-02
3.291135281324386597e-02
1.883936375379562378e-01
1.530478894710540771e-01
-6.578837521374225616e-03
3.615463525056838989e-02
-1.729621887207031250e-01
1.597637683153152466e-01
-2.051783651113510132e-01
-3.085385076701641083e-02
8.754126727581024170e-02
-8.029354736208915710e-03
2.448125556111335754e-02
2.659079059958457947e-02
-1.008751466870307922e-01
9.510445594787597656e-02
1.178366020321846008e-01
-2.515031993389129639e-01
2.427850849926471710e-04
1.118324026465415955e-01
-5.743071436882019043e-02
-1.503108069300651550e-02
-5.702906847000122070e-02
2.244814336299896240e-01
1.470900326967239380e-01
-7.115308195352554321e-02
-2.277041673660278320e-01
1.597895920276641846e-01
-1.949205994606018066e-01
-8.026193082332611084e-02
8.038047701120376587e-02
-7.792879641056060791e-02
-1.580080091953277588e-01
-2.608403861522674561e-01
-4.185996577143669128e-02
3.650646209716796875e-01
1.427402347326278687e-01
-1.464985013008117676e-01
6.933397799730300903e-02
1.521587278693914413e-02
-2.294249460101127625e-02
1.841110289096832275e-01
1.632028520107269287e-01
2.367956750094890594e-02
2.404874563217163086e-02
-7.661233097314834595e-02
6.218263506889343262e-02
2.495885640382766724e-01
-2.143892645835876465e-02
1.948595046997070312e-02
2.086746841669082642e-01
2.921917662024497986e-02
4.863601177930831909e-02
4.421330615878105164e-02
4.107060283422470093e-02
-1.384412944316864014e-01
6.511776149272918701e-02
-1.363541036844253540e-01
2.199618704617023468e-02
-6.035068072378635406e-03
-1.802446320652961731e-03
-4.414106160402297974e-02
6.997571885585784912e-02
-1.002478972077369690e-01
1.704421192407608032e-01
-5.684870854020118713e-02
-6.991422921419143677e-02
-4.393969103693962097e-02
3.166283667087554932e-02
-4.957748576998710632e-02
-4.011337459087371826e-02
9.061924368143081665e-02
-1.674528568983078003e-01
2.218639105558395386e-01
1.791182458400726318e-01
7.194744795560836792e-02
1.458623558282852173e-01
7.995896041393280029e-02
8.193445205688476562e-02
-3.632116690278053284e-02
-3.104799985885620117e-02
-2.364929914474487305e-01
-5.766719207167625427e-02
8.879762142896652222e-02
-8.429690450429916382e-02
1.274165809154510498e-01
-3.123668022453784943e-02
