-1.321449875831604004e-01
4.617993906140327454e-02
8.119829744100570679e-02
-1.389957368373870850e-01
-9.594539552927017212e-02
-7.609607279300689697e-02
-3.617385029792785645e-02
-1.831296086311340332e-01
1.589402854442596436e-01
-1.787867397069931030e-01
2.953681051731109619e-01
-1.255556941032409668e-01
-1.942109912633895874e-01
-1.042470857501029968e-01
-4.888209328055381775e-02
2.206424325704574585e-01
-2.046258002519607544e-01
-1.544490903615951538e-01
-1.186801120638847351e-02
-2.406701818108558655e-02
4.093549400568008423e-02
-3.162621706724166870e-02
-1.646030694246292114e-02
7.673963904380798340e-02
-9.605164825916290283e-02
-3.669162392616271973e-01
-1.221530660986900330e-01
-6.782521307468414307e-02
2.254344709217548370e-02
-4.029663652181625366e-02
-3.961028531193733215e-02
1.240006387233734131e-01
-2.493007034063339233e-01
-2.148392982780933380e-02
-2.784316055476665497e-02
1.131831482052803040e-01
-1.303912326693534851e-02
-4.997390508651733398e-02
4.412899911403656006e-02
-4.109733179211616516e-02
-2.532110512256622314e-01
-6.789042800664901733e-02
7.217247784137725830e-02
1.957301050424575806e-01
1.372550129890441895e-01
-2.187219634652137756e-02
6.813789717853069305e-03
-9.524445980787277222e-02
5.391475930809974670e-02
-1.426685303449630737e-01
-7.454972714185714722e-02
1.135048940777778625e-01
4.237863048911094666e-02
5.451643839478492737e-02
-2.802875638008117676e-02
-1.326556205749511719e-01
2.029623836278915405e-02
1.124472916126251221e-01
-1.606653630733489990e-01
-8.012974634766578674e-03
9.010185301303863525e-02
-1.152021065354347229e-01
-4.916829615831375122e-02
-1.206689700484275818e-01
2.271222919225692749e-01
9.619240462779998779e-02
-1.459716558456420898e-01
-1.625040620565414429e-01
1.482127159833908081e-01
-1.313481926918029785e-01
-8.761040866374969482e-03
2.902645990252494812e-02
-1.718161404132843018e-01
-1.888184845447540283e-01
-2.888997197151184082e-01
9.414634667336940765e-03
3.457565009593963623e-01
4.548136517405509949e-02
-7.396078854799270630e-02
8.662202209234237671e-02
-4.912561178207397461e-02
-9.445531293749809265e-03
3.556855022907257080e-02
1.377635449171066284e-01
3.364291042089462280e-04
9.153069555759429932e-02
-5.403693020343780518e-02
6.509104371070861816e-02
1.677562296390533447e-01
-9.498561173677444458e-02
8.985249698162078857e-02
2.026488184928894043e-01
-1.274572163820266724e-01
5.959640443325042725e-02
-3.281180560588836670e-02
3.105739876627922058e-02
-7.694800943136215210e-02
9.435560554265975952e-02
-9.571181237697601318e-02
7.867151498794555664e-02
-5.082515627145767212e-02
-9.776523709297180176e-02
-8.997266180813312531e-03
5.423764884471893311e-02
-1.167655587196350098e-01
9.572899341583251953e-02
3.859288617968559265e-02
3.873917832970619202e-02
-9.314876049757003784e-03
6.677334196865558624e-03
-6.336654722690582275e-02
-1.220675557851791382e-01
1.029910594224929810e-01
-2.170152068138122559e-01
2.127199918031692505e-01
2.215007990598678589e-01
8.818143606185913086e-02
1.384341716766357422e-01
8.942822366952896118e-02
9.057227522134780884e-02
-1.726611517369747162e-02
-4.071870446205139160e-02
-1.756512671709060669e-01
3.169615939259529114e-02
1.005704775452613831e-01
-1.136438399553298950e-01
-8.567109704017639160e-03
-2.160407789051532745e-02
