-1.272683441638946533e-01
2.552588284015655518e-02
2.559007890522480011e-02
-1.078247576951980591e-01
-9.463420510292053223e-02
-6.200049445033073425e-02
-4.670285061001777649e-02
-9.592096507549285889e-02
1.615937650203704834e-01
-9.973177313804626465e-02
3.152573108673095703e-01
-8.072252571582794189e-02
-2.283248156309127808e-01
-1.054455414414405823e-01
-3.277333825826644897e-02
1.735902130603790283e-01
-2.636097371578216553e-01
-1.448167711496353149e-01
-2.697271481156349182e-02
3.171702474355697632e-02
7.502781599760055542e-02
-5.643692798912525177e-03
4.699170589447021484e-02
4.224322736263275146e-02
-1.726766228675842285e-01
-4.200327992439270020e-01
-1.043312475085258484e-01
-1.126996800303459167e-01
-1.090902835130691528e-03
-1.329427026212215424e-02
3.415159881114959717e-04
3.118710964918136597e-02
-2.246855646371841431e-01
-3.372750431299209595e-02
3.892602398991584778e-03
1.490902528166770935e-02
5.507580190896987915e-02
-5.181904882192611694e-02
1.976061612367630005e-01
1.936922967433929443e-02
-2.748889625072479248e-01
-3.051790595054626465e-02
5.732753872871398926e-02
2.307647764682769775e-01
5.339110642671585083e-02
5.901103466749191284e-02
3.888583183288574219e-02
-7.487916201353073120e-02
9.298452734947204590e-02
-1.446937471628189087e-01
3.216776996850967407e-02
1.312012374401092529e-01
8.092166483402252197e-02
-2.404289506375789642e-02
2.687664702534675598e-03
-8.707144856452941895e-02
2.781738713383674622e-02
1.738703250885009766e-01
-1.944011300802230835e-01
6.205159239470958710e-03
1.017571389675140381e-01
-2.885876782238483429e-02
-5.150809884071350098e-02
-1.098645851016044617e-01
2.706589996814727783e-01
1.025558859109878540e-01
-1.376846134662628174e-01
-1.693044900894165039e-01
9.302861243486404419e-02
-8.266344666481018066e-02
-9.396315366029739380e-02
5.568763986229896545e-02
-1.818193048238754272e-01
-1.740069389343261719e-01
-3.519852459430694580e-01
2.932915464043617249e-03
3.538987934589385986e-01
4.498582333326339722e-02
-1.840849071741104126e-01
1.765503175556659698e-02
-2.710209228098392487e-02
2.174691855907440186e-02
1.339990496635437012e-01
1.457554101943969727e-01
-3.510756045579910278e-02
9.600935876369476318e-02
-1.199315041303634644e-01
3.904774785041809082e-04
1.836651265621185303e-01
-4.299954324960708618e-02
-2.408021688461303711e-02
1.906712502241134644e-01
-2.250399067997932434e-02
6.185328960418701172e-02
2.408833708614110947e-03
1.686116494238376617e-02
-8.854675292968750000e-02
1.159417908638715744e-02
-1.009067222476005554e-01
3.919007629156112671e-02
6.728732585906982422e-02
6.798288226127624512e-02
-3.350639715790748596e-02
1.058316528797149658e-01
-1.078852787613868713e-01
5.238042399287223816e-02
-6.805883720517158508e-03
-3.483562171459197998e-02
8.358457125723361969e-04
2.624682337045669556e-02
-3.803909569978713989e-02
-1.517415791749954224e-01
3.813638165593147278e-02
-2.210630625486373901e-01
1.534612178802490234e-01
1.623711884021759033e-01
5.229042842984199524e-02
1.163493767380714417e-01
7.176675647497177124e-02
3.068197332322597504e-02
-7.433178275823593140e-02
5.496144294738769531e-02
-2.221580594778060913e-01
-4.173396900296211243e-02
1.331544518470764160e-01
-5.366613715887069702e-02
1.299435347318649292e-01
-5.470575392246246338e-02
