-1.546540707349777222e-01
4.841139540076255798e-02
2.309826575219631195e-02
-1.328926533460617065e-01
-1.315983533859252930e-01
-7.191488146781921387e-02
-6.085408478975296021e-02
-1.407729238271713257e-01
1.290749013423919678e-01
-1.539571285247802734e-01
2.220899760723114014e-01
-9.788841009140014648e-02
-1.737213134765625000e-01
-7.265692204236984253e-02
-7.046556472778320312e-02
1.782088577747344971e-01
-1.962592750787734985e-01
-1.373762786388397217e-01
-2.089677006006240845e-02
-2.115830034017562866e-02
5.721101909875869751e-02
-7.956746034324169159e-03
6.623765919357538223e-03
1.698099821805953979e-02
-1.242033764719963074e-01
-3.355719745159149170e-01
-1.033976823091506958e-01
-6.812581419944763184e-02
2.845087274909019470e-02
-5.980655550956726074e-03
1.289205718785524368e-02
3.901831805706024170e-02
-1.702087223529815674e-01
1.542403176426887512e-02
2.014721930027008057e-02
9.105542302131652832e-02
3.928043879568576813e-03
-4.708915576338768005e-02
1.399969011545181274e-01
2.196007966995239258e-02
-2.136061340570449829e-01
2.990925684571266174e-03
3.955014795064926147e-02
2.542696893215179443e-01
9.773254394531250000e-02
-8.201861055567860603e-04
5.885117501020431519e-02
-1.584872305393218994e-01
1.681533455848693848e-01
-1.190309077501296997e-01
7.742002606391906738e-03
1.031113043427467346e-01
4.839191958308219910e-02
2.275894954800605774e-02
4.957478493452072144e-02
-6.652694940567016602e-02
7.903046905994415283e-02
1.810119897127151489e-01
-1.548433899879455566e-01
5.607692897319793701e-02
1.243592873215675354e-01
-1.868849992752075195e-02
-7.155283540487289429e-02
-1.333110779523849487e-01
2.262065708637237549e-01
6.899103522300720215e-02
-1.350687444210052490e-01
-2.204244881868362427e-01
9.975308924913406372e-02
-9.109727293252944946e-02
-1.236545443534851074e-01
4.552857950329780579e-02
-1.586591452360153198e-01
-1.610420942306518555e-01
-2.984424829483032227e-01
2.922035194933414459e-02
4.018260836601257324e-01
1.174178197979927063e-01
-1.426335424184799194e-01
6.641484797000885010e-02
-1.286946237087249756e-02
-2.107685431838035583e-02
1.438920348882675171e-01
1.527804732322692871e-01
-4.317255318164825439e-02
4.634669050574302673e-02
-7.636526972055435181e-02
3.701848909258842468e-03
2.082053422927856445e-01
-7.031358778476715088e-02
-2.593754976987838745e-02
1.640396416187286377e-01
-2.486926317214965820e-02
9.603543579578399658e-02
-5.701142176985740662e-02
-2.221317216753959656e-02
-1.304105967283248901e-01
8.375766873359680176e-02
-8.492641896009445190e-02
-2.542638033628463745e-02
5.999169126152992249e-02
-2.672727964818477631e-02
3.105765674263238907e-03
8.345825225114822388e-02
-1.319713443517684937e-01
1.582324802875518799e-01
-9.983538184314966202e-04
3.971979767084121704e-02
-5.347833968698978424e-03
3.325796499848365784e-02
-7.484382390975952148e-02
-3.531282395124435425e-02
6.921037286520004272e-02
-2.196706086397171021e-01
2.071351557970046997e-01
1.840254962444305420e-01
1.398820877075195312e-01
1.029222384095191956e-01
1.511433571577072144e-01
1.778284460306167603e-02
1.291307620704174042e-02
7.168178260326385498e-02
-1.734500974416732788e-01
-2.534617856144905090e-02
8.720773458480834961e-02
-4.585728794336318970e-02
7.422377914190292358e-02
-5.295224487781524658e-03
