-1.341523528099060059e-01
6.239096447825431824e-02
3.917647153139114380e-02
-1.489871740341186523e-01
-1.048310324549674988e-01
-1.403786428272724152e-02
-7.581645995378494263e-02
-1.808178871870040894e-01
1.730995923280715942e-01
-2.023579478263854980e-01
2.370904833078384399e-01
-1.093178614974021912e-01
-2.294870764017105103e-01
-9.218363463878631592e-02
-2.385879494249820709e-02
2.420341819524765015e-01
-2.487060874700546265e-01
-2.078535407781600952e-01
-2.518641389906406403e-02
2.990760281682014465e-02
5.953388288617134094e-02
-5.082486197352409363e-02
1.687753386795520782e-02
5.385314300656318665e-02
-1.727207601070404053e-01
-4.066103398799896240e-01
-8.311353623867034912e-02
-6.523077934980392456e-02
-5.627315118908882141e-02
-7.011470198631286621e-02
-6.444568745791912079e-03
8.125243335962295532e-02
-2.245045155286788940e-01
1.291995123028755188e-02
-4.516145586967468262e-02
7.504548877477645874e-02
6.543039530515670776e-02
-1.017517894506454468e-01
1.342403590679168701e-01
9.783181361854076385e-03
-3.470406532287597656e-01
1.672869175672531128e-02
6.816545873880386353e-02
2.261301875114440918e-01
1.277476847171783447e-01
-7.163132727146148682e-02
1.671463251113891602e-02
-9.569245576858520508e-02
1.190964728593826294e-01
-1.727114766836166382e-01
-5.789057537913322449e-02
1.051943823695182800e-01
5.610742606222629547e-03
-3.057888336479663849e-02
2.406445145606994629e-02
-4.014407470822334290e-02
6.209585070610046387e-02
1.101009324193000793e-01
-1.745291501283645630e-01
-1.152273546904325485e-02
1.690241098403930664e-01
-6.182193756103515625e-02
-3.125525638461112976e-02
-1.248867288231849670e-01
1.693000346422195435e-01
1.087536141276359558e-01
-7.974603772163391113e-02
-1.990365087985992432e-01
9.905955940485000610e-02
-9.264445304870605469e-02
-7.658247649669647217e-02
3.915859758853912354e-02
-1.666093170642852783e-01
-1.975208073854446411e-01
-2.783991992473602295e-01
-3.689874708652496338e-02
3.638097941875457764e-01
1.059431433677673340e-01
-1.380224823951721191e-01
9.705156832933425903e-02
-4.543175455182790756e-03
-3.054860979318618774e-02
1.173609420657157898e-01
1.518069058656692505e-01
3.012412227690219879e-02
1.098942905664443970e-01
-6.956092268228530884e-02
8.511568605899810791e-02
2.450876086950302124e-01
-2.259242720901966095e-02
4.607789963483810425e-02
2.473272979259490967e-01
-4.006036743521690369e-02
-4.231116268783807755e-03
1.009678840637207031e-02
1.505377888679504395e-02
-9.052893519401550293e-02
8.188401162624359131e-02
-1.453242897987365723e-01
1.673032715916633606e-02
3.220240399241447449e-02
-2.073125541210174561e-02
8.826721459627151489e-03
8.317779004573822021e-02
-1.537303626537322998e-01
1.154616549611091614e-01
-4.165020771324634552e-03
1.993368007242679596e-02
2.629424259066581726e-02
5.545948818325996399e-02
-3.543874993920326233e-02
-7.461418956518173218e-02
7.376505434513092041e-02
-1.795228421688079834e-01
1.222172379493713379e-01
1.880563795566558838e-01
9.310138970613479614e-02
5.618777871131896973e-02
9.195443242788314819e-02
5.022960901260375977e-02
-2.917033620178699493e-02
3.819794580340385437e-02
-2.155820727348327637e-01
-2.587382309138774872e-02
1.033231988549232483e-01
-6.709078699350357056e-02
9.251452237367630005e-02
-1.292144879698753357e-02
