-1.619900315999984741e-01
9.912528842687606812e-02
4.263777285814285278e-02
-1.142873913049697876e-01
-1.265342533588409424e-01
-4.772650450468063354e-02
-6.528820842504501343e-02
-1.234856545925140381e-01
1.639449894428253174e-01
-1.580167263746261597e-01
2.170875072479248047e-01
-1.197764351963996887e-01
-1.994001120328903198e-01
-9.091909974813461304e-02
-4.521265625953674316e-02
2.801448702812194824e-01
-2.640513479709625244e-01
-1.440646350383758545e-01
-2.922796830534934998e-02
1.512945815920829773e-02
1.023913100361824036e-01
2.210557088255882263e-02
1.784011162817478180e-02
8.062887191772460938e-02
-1.142445132136344910e-01
-4.545325040817260742e-01
-6.915645301342010498e-02
-3.848325088620185852e-02
-7.435820996761322021e-03
-4.581958055496215820e-03
-5.452208593487739563e-02
8.011219650506973267e-02
-2.241828292608261108e-01
-4.482902213931083679e-02
3.658719360828399658e-02
1.373497247695922852e-01
6.794435530900955200e-02
-7.036420702934265137e-02
1.061225086450576782e-01
-1.414577942341566086e-02
-2.847315073013305664e-01
-3.038427047431468964e-02
1.360812485218048096e-01
2.259775251150131226e-01
1.428102254867553711e-01
1.510825287550687790e-02
3.233289346098899841e-02
-9.167530387639999390e-02
9.945736080408096313e-02
-1.963596045970916748e-01
-3.073487058281898499e-02
8.840525895357131958e-02
1.545828301459550858e-02
3.811362385749816895e-02
2.906938828527927399e-02
-1.510207355022430420e-01
2.305268868803977966e-02
1.395393610000610352e-01
-1.308951824903488159e-01
-3.793259710073471069e-02
9.040336310863494873e-02
-9.776875376701354980e-02
-2.574942633509635925e-02
-1.252750456333160400e-01
2.857233881950378418e-01
1.149646118283271790e-01
-1.186402142047882080e-01
-1.837512850761413574e-01
1.128764376044273376e-01
-9.933637827634811401e-02
-4.373162239789962769e-02
-2.696094661951065063e-02
-1.563607454299926758e-01
-1.319886296987533569e-01
-3.222137093544006348e-01
-2.632914669811725616e-02
3.395771384239196777e-01
8.288794755935668945e-02
-1.721109300851821899e-01
8.604452013969421387e-02
-1.722503080964088440e-02
2.774160914123058319e-02
1.230582445859909058e-01
2.068283855915069580e-01
5.298138409852981567e-02
8.599251508712768555e-02
-7.077581435441970825e-02
4.306712001562118530e-02
1.902853250503540039e-01
-7.398401945829391479e-02
5.695002153515815735e-02
2.181926965713500977e-01
-4.429946094751358032e-02
5.794022977352142334e-02
-5.130341742187738419e-03
2.152921864762902260e-03
-1.341449469327926636e-01
6.341297924518585205e-02
-1.251224428415298462e-01
3.449938073754310608e-02
1.039177458733320236e-02
6.882941816002130508e-03
7.946957834064960480e-03
1.022886782884597778e-01
-1.508782058954238892e-01
7.274293154478073120e-02
-1.870960183441638947e-02
2.436261065304279327e-02
1.775791123509407043e-02
1.482094917446374893e-02
-1.938663981854915619e-02
-1.020653992891311646e-01
5.937493965029716492e-02
-1.805396229028701782e-01
2.059751749038696289e-01
1.972171068191528320e-01
8.850737940520048141e-04
1.734572947025299072e-01
8.261559903621673584e-02
1.091366559267044067e-01
7.006605155766010284e-03
3.544944152235984802e-02
-1.809083670377731323e-01
-5.053153727203607559e-04
1.102952137589454651e-01
-9.472928941249847412e-02
5.245630443096160889e-02
-1.668380573391914368e-02
