-9.797325730323791504e-02
4.041262716054916382e-02
-2.293144166469573975e-02
-1.181987002491950989e-01
-1.363193392753601074e-01
-3.521334752440452576e-02
-7.771944999694824219e-02
-1.142686009407043457e-01
1.765539795160293579e-01
-1.819228976964950562e-01
2.275360375642776489e-01
-1.019553989171981812e-01
-1.596773266792297363e-01
-1.044007539749145508e-01
-9.410254657268524170e-02
1.992287337779998779e-01
-2.346397787332534790e-01
-1.620579957962036133e-01
-2.799681387841701508e-03
2.060322836041450500e-02
7.583521306514739990e-02
1.493661478161811829e-02
-5.081987474113702774e-03
6.163807585835456848e-02
-1.588247567415237427e-01
-3.808811902999877930e-01
-5.785902217030525208e-02
-8.470891416072845459e-02
-7.754648104310035706e-03
-1.975096389651298523e-02
-2.963887155055999756e-02
4.700091481208801270e-02
-1.967245489358901978e-01
-1.135514676570892334e-02
4.082334041595458984e-02
9.149220585823059082e-02
4.616243764758110046e-02
-6.241669133305549622e-02
1.355292648077011108e-01
-1.750248298048973083e-02
-2.960415482521057129e-01
6.821658462285995483e-04
1.053994745016098022e-01
2.276981770992279053e-01
1.048758402466773987e-01
1.333871856331825256e-02
-2.175549045205116272e-03
-1.562716662883758545e-01
1.597398221492767334e-01
-1.467906236648559570e-01
-2.982268109917640686e-03
9.681493788957595825e-02
3.635096177458763123e-02
-1.011828146874904633e-02
4.692722856998443604e-02
-7.781869918107986450e-02
5.924226343631744385e-02
1.291796863079071045e-01
-1.690211296081542969e-01
-2.505748160183429718e-02
9.046025574207305908e-02
1.119310222566127777e-02
-4.783692955970764160e-02
-1.365282833576202393e-01
2.205096632242202759e-01
8.722224831581115723e-02
-9.752552956342697144e-02
-2.236277163028717041e-01
1.154063269495964050e-01
-1.680207699537277222e-01
-1.155156642198562622e-01
6.430955231189727783e-02
-1.100621521472930908e-01
-1.808868944644927979e-01
-3.069860339164733887e-01
-5.076322704553604126e-02
3.914691805839538574e-01
1.473209857940673828e-01
-1.411380469799041748e-01
9.997630119323730469e-02
3.107796795666217804e-02
-1.969410665333271027e-02
1.760462075471878052e-01
1.503418833017349243e-01
-8.183800615370273590e-03
9.464203566312789917e-02
-6.060348823666572571e-02
2.687441557645797729e-02
2.439562827348709106e-01
-3.509617596864700317e-02
-2.074552327394485474e-02
1.697951853275299072e-01
-2.374549210071563721e-02
6.418770551681518555e-02
6.066193804144859314e-03
-2.502840012311935425e-02
-9.217080473899841309e-02
9.809932112693786621e-02
-1.341044306755065918e-01
2.172405272722244263e-02
6.855449825525283813e-02
2.016423456370830536e-02
7.392428815364837646e-03
1.009269282221794128e-01
-1.536194384098052979e-01
1.034449115395545959e-01
-9.930302388966083527e-03
-4.195736721158027649e-03
3.815790265798568726e-02
5.641652643680572510e-02
-7.375095039606094360e-02
-5.478287488222122192e-02
7.990607619285583496e-02
-2.228762656450271606e-01
1.994225084781646729e-01
1.296973526477813721e-01
1.236184611916542053e-01
1.230152398347854614e-01
1.226799264550209045e-01
1.904642581939697266e-02
-9.066276252269744873e-04
8.989466354250907898e-03
-2.256209701299667358e-01
-4.980035126209259033e-02
9.460139274597167969e-02
-1.150577366352081299e-01
1.413512229919433594e-01
-3.232052549719810486e-02
