-1.042852401733398438e-01
2.950500696897506714e-02
3.528413362801074982e-03
-8.008809387683868408e-02
-1.585939824581146240e-01
-3.909086436033248901e-02
-4.533462226390838623e-02
-8.086138218641281128e-02
1.560166925191879272e-01
-1.408599466085433960e-01
1.915093511343002319e-01
-4.176662862300872803e-02
-1.876646429300308228e-01
-8.706753700971603394e-02
-7.136508822441101074e-02
2.284820079803466797e-01
-2.320668101310729980e-01
-1.223923936486244202e-01
-1.094837021082639694e-02
1.921438425779342651e-02
9.874659776687622070e-02
3.658138588070869446e-02
8.737958036363124847e-03
3.006409108638763428e-02
-1.223222613334655762e-01
-3.651763498783111572e-01
-5.999252945184707642e-02
-9.765204787254333496e-02
-4.137219861149787903e-02
-1.831434108316898346e-02
-9.215123020112514496e-03
1.475479751825332642e-01
-1.522519737482070923e-01
-2.059107832610607147e-02
4.491973668336868286e-02
8.188804239034652710e-02
-1.748429052531719208e-02
-3.256643563508987427e-02
1.197912693023681641e-01
-2.079530432820320129e-02
-2.653459906578063965e-01
-4.184816032648086548e-02
9.188056737184524536e-02
2.126785218715667725e-01
1.144725680351257324e-01
2.359468676149845123e-02
2.519649267196655273e-02
-9.372546523809432983e-02
1.070912331342697144e-01
-1.810512244701385498e-01
-4.609932750463485718e-02
9.271664172410964966e-02
6.030854582786560059e-02
2.446907758712768555e-02
7.691196352243423462e-02
-1.240412965416908264e-01
6.536398082971572876e-02
7.479500770568847656e-02
-1.294513046741485596e-01
-1.164900697767734528e-02
6.524105370044708252e-02
-7.616963982582092285e-02
-2.187176048755645752e-02
-1.304699927568435669e-01
2.517400383949279785e-01
4.354845359921455383e-02
-1.115999817848205566e-01
-1.506597697734832764e-01
1.243697628378868103e-01
-1.168514341115951538e-01
-1.097123250365257263e-01
4.181456193327903748e-02
-1.469779461622238159e-01
-1.871412396430969238e-01
-2.846008837223052979e-01
-5.639531090855598450e-02
3.498561084270477295e-01
1.208035424351692200e-01
-1.418900638818740845e-01
8.128020167350769043e-02
3.100854344666004181e-02
-5.428857635706663132e-03
1.287090182304382324e-01
1.674720346927642822e-01
-5.652634426951408386e-03
7.081924378871917725e-02
-6.236808747053146362e-02
2.573162317276000977e-03
1.985398530960083008e-01
-9.062305837869644165e-02
-1.173381693661212921e-02
1.824963986873626709e-01
-3.289217501878738403e-02
7.917214930057525635e-02
-3.430605866014957428e-03
-5.915685743093490601e-02
-4.482631012797355652e-02
8.059995621442794800e-02
-1.122353151440620422e-01
3.610388562083244324e-02
4.564615339040756226e-02
-5.943290889263153076e-02
-8.306441828608512878e-03
8.575871586799621582e-02
-8.570521324872970581e-02
6.588011980056762695e-02
-2.797586284577846527e-02
4.889310896396636963e-02
-4.085225518792867661e-03
3.406413644552230835e-02
-1.345712542533874512e-01
-5.032105743885040283e-02
9.563893079757690430e-02
-1.879512965679168701e-01
2.335650026798248291e-01
1.619968861341476440e-01
3.561552986502647400e-02
1.121200323104858398e-01
1.133768483996391296e-01
6.560527533292770386e-02
-3.216997534036636353e-02
-9.076260030269622803e-04
-2.110821008682250977e-01
-3.367699682712554932e-02
1.513651609420776367e-01
-1.032854020595550537e-01
7.710538804531097412e-02
-2.785512804985046387e-02
