-1.004977077245712280e-01
5.859897658228874207e-02
8.768563717603683472e-02
-1.707213670015335083e-01
-8.849502354860305786e-02
-4.095679894089698792e-02
-9.939171373844146729e-02
-5.572358146309852600e-02
2.073244601488113403e-01
-2.328994423151016235e-01
1.965102106332778931e-01
-6.238647550344467163e-02
-1.928777396678924561e-01
-5.168966203927993774e-02
-2.003610879182815552e-02
2.530221939086914062e-01
-2.272751033306121826e-01
-1.534177213907241821e-01
-1.531104184687137604e-02
-1.980027183890342712e-02
5.347321555018424988e-02
2.545612677931785583e-02
-4.020207561552524567e-03
6.141193583607673645e-02
-1.191399022936820984e-01
-4.341149330139160156e-01
-9.998380392789840698e-02
-6.163487583398818970e-02
-5.388558283448219299e-02
-6.092796474695205688e-02
-4.987604916095733643e-05
6.889376044273376465e-02
-2.189040035009384155e-01
2.471842244267463684e-02
-5.865832045674324036e-02
1.232729703187942505e-01
1.575053483247756958e-02
-3.814818710088729858e-02
1.090860739350318909e-01
7.460203766822814941e-02
-3.228574693202972412e-01
1.411799155175685883e-02
8.157838135957717896e-02
2.045056223869323730e-01
1.571037769317626953e-01
-2.338301204144954681e-02
2.193155139684677124e-02
-5.273226648569107056e-02
1.173714399337768555e-01
-2.098726332187652588e-01
-3.234259411692619324e-02
7.430650293827056885e-02
7.678734511137008667e-02
8.507319726049900055e-03
7.837789505720138550e-02
-9.337738156318664551e-02
4.778193682432174683e-02
1.170188933610916138e-01
-2.028616964817047119e-01
6.525762379169464111e-03
7.150945067405700684e-02
-1.124424636363983154e-01
-3.570967353880405426e-03
-3.174319863319396973e-02
2.427086532115936279e-01
1.514997035264968872e-01
-8.828112483024597168e-02
-1.907342374324798584e-01
1.645656675100326538e-01
-1.452917605638504028e-01
-6.674689799547195435e-02
6.311175972223281860e-02
-1.181876957416534424e-01
-1.351744532585144043e-01
-3.453882634639739990e-01
-1.500483416020870209e-02
3.675792217254638672e-01
9.286587685346603394e-02
-1.099807992577552795e-01
1.016929894685745239e-01
-4.715414252132177353e-03
-3.704249486327171326e-02
8.541812747716903687e-02
1.880413442850112915e-01
-2.861300855875015259e-02
9.492372721433639526e-02
-6.598635017871856689e-02
6.627418845891952515e-02
1.939085870981216431e-01
-1.249247323721647263e-02
9.582865983247756958e-03
1.776774525642395020e-01
-4.138817638158798218e-02
1.085445359349250793e-01
-4.377906676381826401e-03
-1.041998248547315598e-02
-1.304225176572799683e-01
8.938383311033248901e-03
-1.588299274444580078e-01
-9.866712614893913269e-03
-5.222320556640625000e-02
-1.115387305617332458e-02
-3.831125423312187195e-02
9.182164818048477173e-02
-1.317356228828430176e-01
1.125185042619705200e-01
-1.962994597852230072e-02
-6.282921135425567627e-02
-5.876873806118965149e-02
1.332568079233169556e-01
-4.023908823728561401e-02
-7.098223268985748291e-02
6.600307673215866089e-02
-1.788921505212783813e-01
1.533890813589096069e-01
1.861866861581802368e-01
2.976936101913452148e-02
1.132216602563858032e-01
1.088475212454795837e-01
5.393814668059349060e-02
-3.881946206092834473e-02
-1.980416476726531982e-02
-1.912874579429626465e-01
-1.246524974703788757e-02
6.774126738309860229e-02
-7.279646396636962891e-02
1.140157058835029602e-01
3.907353617250919342e-03
