-1.081492453813552856e-01
8.594862371683120728e-02
1.962822489440441132e-02
-1.040573939681053162e-01
-1.142662689089775085e-01
-6.132887676358222961e-02
-8.826014399528503418e-02
-1.634973436594009399e-01
1.335906833410263062e-01
-9.032556414604187012e-02
2.780735790729522705e-01
-5.747461691498756409e-02
-1.952026635408401489e-01
-1.318753957748413086e-01
-4.536736011505126953e-02
2.398608028888702393e-01
-2.322396188974380493e-01
-1.273530423641204834e-01
-2.513939514756202698e-02
2.495725825428962708e-02
7.497356086969375610e-02
-2.490984974429011345e-03
6.252914667129516602e-02
4.612376168370246887e-02
-9.903801977634429932e-02
-3.766807913780212402e-01
-6.422814726829528809e-02
-9.230269491672515869e-02
4.680845141410827637e-02
-3.157621994614601135e-02
-5.193777009844779968e-02
6.160958111286163330e-02
-2.071528434753417969e-01
-8.404034376144409180e-02
5.601575598120689392e-02
8.727677911520004272e-02
-2.162418793886899948e-03
-6.881438195705413818e-02
1.429905444383621216e-01
-1.487199030816555023e-02
-2.460259944200515747e-01
-2.159381471574306488e-02
3.533562272787094116e-02
2.294208109378814697e-01
1.133260279893875122e-01
2.372799068689346313e-02
7.378230243921279907e-02
-1.643200665712356567e-01
9.925511479377746582e-02
-1.523074805736541748e-01
9.794883430004119873e-03
1.097990646958351135e-01
1.928734220564365387e-02
2.866073884069919586e-02
1.245514955371618271e-02
-8.152626454830169678e-02
8.760619163513183594e-02
1.505194753408432007e-01
-1.850941628217697144e-01
1.832633651793003082e-02
1.616638749837875366e-01
-4.650488868355751038e-02
-2.246959134936332703e-02
-1.247423067688941956e-01
2.439296394586563110e-01
9.109149873256683350e-02
-9.585360437631607056e-02
-1.546588838100433350e-01
9.718656539916992188e-02
-7.890738546848297119e-02
-8.899687975645065308e-02
1.837173849344253540e-02
-1.444384902715682983e-01
-1.782624870538711548e-01
-2.869670391082763672e-01
-6.317708641290664673e-02
3.592744767665863037e-01
1.232625246047973633e-01
-1.928935796022415161e-01
4.060165584087371826e-02
-2.583779208362102509e-02
1.038830913603305817e-02
1.818506121635437012e-01
1.228155791759490967e-01
8.427340537309646606e-03
7.558209449052810669e-02
-7.868333160877227783e-02
6.077338010072708130e-03
2.158151268959045410e-01
-6.501607596874237061e-02
2.462149970233440399e-02
2.305502444505691528e-01
-2.309077233076095581e-02
5.183447152376174927e-02
3.847581148147583008e-02
2.306171320378780365e-02
-7.168336212635040283e-02
6.399382650852203369e-02
-1.133588999509811401e-01
-5.025851540267467499e-03
3.497939556837081909e-02
-3.912438079714775085e-02
3.381422907114028931e-02
7.993432134389877319e-02
-1.211839839816093445e-01
1.037651970982551575e-01
-2.548869466409087181e-03
7.355546206235885620e-02
4.823751002550125122e-02
7.497470360249280930e-03
-3.834979981184005737e-02
-1.117820292711257935e-01
9.580020606517791748e-02
-1.677308082580566406e-01
2.390826940536499023e-01
1.932606399059295654e-01
6.300953775644302368e-02
1.005095243453979492e-01
8.421857655048370361e-02
9.449750185012817383e-02
-5.456353351473808289e-02
-1.904862001538276672e-02
-1.812754720449447632e-01
-1.923931017518043518e-02
1.081200465559959412e-01
-6.084924563765525818e-02
1.043384224176406860e-01
-2.154510468244552612e-02
