-1.298754364252090454e-01
1.520680040121078491e-01
6.877787411212921143e-02
-1.380245983600616455e-01
-1.389849632978439331e-01
-9.060759097337722778e-03
-8.639005571603775024e-02
-1.361497938632965088e-01
1.500847339630126953e-01
-1.914710104465484619e-01
2.578479945659637451e-01
-7.034593820571899414e-02
-1.964715719223022461e-01
-7.964027673006057739e-02
-4.293605685234069824e-02
2.335527539253234863e-01
-2.200919687747955322e-01
-1.464375257492065430e-01
8.514336310327053070e-03
-5.868067964911460876e-03
7.569292187690734863e-02
2.325912006199359894e-03
2.384402602910995483e-02
6.530793756246566772e-02
-1.088104471564292908e-01
-3.441689610481262207e-01
-7.158596813678741455e-02
-9.173583239316940308e-02
1.025779359042644501e-02
-3.975873440504074097e-02
-2.601585537195205688e-02
3.824003413319587708e-02
-2.229071557521820068e-01
9.160608053207397461e-03
-1.385471597313880920e-02
1.417960375547409058e-01
2.859157137572765350e-02
-8.022571355104446411e-02
1.332465261220932007e-01
-1.582206971943378448e-02
-2.404842674732208252e-01
-4.106283187866210938e-02
4.570155218243598938e-02
2.185970246791839600e-01
1.074065193533897400e-01
1.204667612910270691e-03
5.247695744037628174e-02
-8.039227128028869629e-02
1.109644621610641479e-01
-1.275003254413604736e-01
4.503103904426097870e-03
9.045325964689254761e-02
5.056708306074142456e-02
1.445594895631074905e-02
3.281784802675247192e-02
-1.469855904579162598e-01
6.511218845844268799e-02
1.241068243980407715e-01
-1.372327357530593872e-01
-2.633224427700042725e-02
1.036453396081924438e-01
-5.049657076597213745e-02
-3.857474401593208313e-02
-1.083919107913970947e-01
2.675336897373199463e-01
1.278119683265686035e-01
-8.462921530008316040e-02
-1.998605877161026001e-01
1.499827802181243896e-01
-9.742815792560577393e-02
-8.837056159973144531e-02
5.657850578427314758e-02
-1.660719662904739380e-01
-1.168164163827896118e-01
-2.321319878101348877e-01
-1.923004910349845886e-02
3.304609954357147217e-01
9.808832406997680664e-02
-1.535149961709976196e-01
3.844746202230453491e-02
2.272330410778522491e-02
-2.135580778121948242e-02
1.124868243932723999e-01
1.709145009517669678e-01
1.732617616653442383e-02
7.893133163452148438e-02
-7.580692321062088013e-02
4.825440794229507446e-02
2.200077921152114868e-01
-7.824131846427917480e-02
3.028229251503944397e-02
1.929813474416732788e-01
-4.858286678791046143e-02
1.986465416848659515e-02
-2.661272510886192322e-02
-3.433676436543464661e-02
-8.222998678684234619e-02
1.054019555449485779e-01
-9.400304406881332397e-02
2.116754278540611267e-02
3.822255134582519531e-02
-4.450705274939537048e-02
-5.693253874778747559e-02
9.446804225444793701e-02
-1.797641664743423462e-01
7.216618955135345459e-02
-3.764848411083221436e-02
9.180149063467979431e-03
-2.853815443813800812e-02
4.453312605619430542e-03
-7.319889962673187256e-02
-3.982807695865631104e-02
1.300344616174697876e-01
-1.770344525575637817e-01
2.271511703729629517e-01
1.914101839065551758e-01
5.582736805081367493e-03
1.036941483616828918e-01
1.055930554866790771e-01
9.510964900255203247e-02
2.989337220788002014e-02
-2.777482196688652039e-02
-2.233922630548477173e-01
-6.570391356945037842e-02
1.100695431232452393e-01
-1.138278394937515259e-01
7.416372001171112061e-02
-2.161590568721294403e-02
