-1.215545460581779480e-01
1.060206145048141479e-01
3.586742654442787170e-02
-1.361524164676666260e-01
-1.664524823427200317e-01
-1.328860409557819366e-02
-4.977471008896827698e-02
-1.287695765495300293e-01
1.488344073295593262e-01
-1.169595271348953247e-01
2.934167981147766113e-01
-8.792904764413833618e-02
-2.211560010910034180e-01
-9.093697369098663330e-02
-8.270407468080520630e-02
2.209940999746322632e-01
-2.592329680919647217e-01
-1.667824238538742065e-01
-2.532618120312690735e-02
6.066763401031494141e-02
9.363606572151184082e-02
7.566970307379961014e-03
5.352250486612319946e-02
3.263045102357864380e-02
-1.660075485706329346e-01
-4.027564227581024170e-01
-9.162671864032745361e-02
-4.721281677484512329e-02
-5.208193510770797729e-02
-7.675127591937780380e-03
-1.357487216591835022e-02
2.993344701826572418e-02
-2.223516106605529785e-01
-1.293986476957798004e-02
4.792669042944908142e-02
6.621364504098892212e-02
2.091005677357316017e-03
-9.786704927682876587e-02
1.148313805460929871e-01
-3.255521506071090698e-02
-2.952035069465637207e-01
-1.537621486932039261e-03
1.562501341104507446e-01
2.374871820211410522e-01
1.491188555955886841e-01
1.881861872971057892e-02
1.683656685054302216e-02
-1.684669107198715210e-01
9.512360394001007080e-02
-1.437779068946838379e-01
-3.402363508939743042e-04
1.307186037302017212e-01
1.257402636110782623e-02
-3.626607358455657959e-04
4.151751846075057983e-02
-1.080926582217216492e-01
6.397242844104766846e-02
1.717893332242965698e-01
-1.274782270193099976e-01
-2.731312811374664307e-02
1.114312559366226196e-01
-2.494064532220363617e-02
-2.966008707880973816e-02
-1.658837795257568359e-01
2.364476621150970459e-01
8.573948591947555542e-02
-1.195370629429817200e-01
-2.447333931922912598e-01
9.444779902696609497e-02
-9.860950708389282227e-02
-1.116309985518455505e-01
4.231984540820121765e-02
-1.984240859746932983e-01
-1.936146914958953857e-01
-3.285678625106811523e-01
-5.669049918651580811e-02
3.759778439998626709e-01
8.568717539310455322e-02
-1.477831751108169556e-01
8.296401798725128174e-02
-4.825356882065534592e-03
3.024757467210292816e-02
1.210504025220870972e-01
1.717537939548492432e-01
-3.252483904361724854e-03
5.680689588189125061e-02
-1.378997564315795898e-01
3.062146902084350586e-02
2.351621091365814209e-01
-1.014232784509658813e-01
1.429446879774332047e-02
2.212499231100082397e-01
-4.196011275053024292e-02
1.173242181539535522e-02
5.873014684766530991e-03
3.265783307142555714e-04
-1.253229826688766479e-01
1.267459988594055176e-01
-1.479065269231796265e-01
2.123712562024593353e-02
3.352598845958709717e-02
-2.204767055809497833e-02
-1.016848720610141754e-02
1.211674585938453674e-01
-1.537565141916275024e-01
3.540173545479774475e-02
-2.849776297807693481e-03
3.266063332557678223e-02
2.922147139906883240e-02
-2.254137210547924042e-02
-6.462773680686950684e-02
-9.981019794940948486e-02
7.082606106996536255e-02
-2.276955842971801758e-01
2.103965580463409424e-01
1.662114709615707397e-01
8.598808944225311279e-02
1.100727990269660950e-01
1.437294036149978638e-01
7.477348297834396362e-02
-2.158818393945693970e-02
4.315024241805076599e-02
-2.131638228893280029e-01
1.081129629164934158e-02
8.471456915140151978e-02
-9.230443090200424194e-02
1.040229871869087219e-01
-1.787001825869083405e-02
