-1.204085648059844971e-01
7.242535054683685303e-02
6.730584800243377686e-02
-1.287410706281661987e-01
-1.381713449954986572e-01
-3.223196044564247131e-02
-5.151955783367156982e-02
-1.164275333285331726e-01
2.028672546148300171e-01
-1.740863770246505737e-01
2.017894238233566284e-01
-9.883792698383331299e-02
-2.001481205224990845e-01
-7.872510701417922974e-02
-7.916416972875595093e-02
2.533633112907409668e-01
-1.983041614294052124e-01
-1.747353821992874146e-01
7.160091772675514221e-04
8.650403469800949097e-03
4.539227858185768127e-02
-4.188495129346847534e-02
6.128434836864471436e-02
1.083000898361206055e-01
-1.059096157550811768e-01
-4.044422507286071777e-01
-6.529520452022552490e-02
-7.558108866214752197e-02
-2.719170600175857544e-02
-6.267485022544860840e-02
-3.477584198117256165e-02
6.205679103732109070e-02
-2.887856662273406982e-01
-1.805067248642444611e-02
-3.112565353512763977e-02
1.586099416017532349e-01
1.729657314717769623e-02
-8.703026175498962402e-02
1.476462483406066895e-01
-2.527466043829917908e-03
-2.836022973060607910e-01
-6.945114582777023315e-02
6.526799499988555908e-02
2.522113025188446045e-01
8.698901534080505371e-02
-2.094286493957042694e-02
4.105096310377120972e-02
-8.646127581596374512e-02
1.129720732569694519e-01
-1.832903027534484863e-01
-8.745374158024787903e-03
7.413347065448760986e-02
5.568734183907508850e-02
9.439547546207904816e-03
-1.399022154510021210e-02
-1.101158633828163147e-01
7.243557274341583252e-02
1.040316522121429443e-01
-1.191836297512054443e-01
-9.670357219874858856e-03
1.002180278301239014e-01
-9.132060408592224121e-02
-5.894524231553077698e-02
-1.391519904136657715e-01
3.206386864185333252e-01
8.445976674556732178e-02
-9.741770476102828979e-02
-1.957623511552810669e-01
1.035017371177673340e-01
-1.166191026568412781e-01
-5.554251745343208313e-02
3.399086743593215942e-02
-1.305362880229949951e-01
-1.335511952638626099e-01
-3.316539227962493896e-01
-9.401248767971992493e-03
3.629345893859863281e-01
8.806484937667846680e-02
-1.403099149465560913e-01
1.049550846219062805e-01
-8.781559020280838013e-02
1.419134065508842468e-02
3.784360736608505249e-02
1.796506792306900024e-01
-1.685153692960739136e-04
1.888030022382736206e-01
-9.327952563762664795e-02
5.500935018062591553e-02
2.347188293933868408e-01
-1.208425611257553101e-01
3.538446128368377686e-02
1.842747628688812256e-01
-4.439786821603775024e-02
5.496063455939292908e-02
-3.581002354621887207e-02
-5.365148559212684631e-02
-9.875448793172836304e-02
9.751801192760467529e-02
-1.369530707597732544e-01
3.575017303228378296e-02
3.774934262037277222e-02
-3.148165345191955566e-02
-8.012719452381134033e-03
4.878323525190353394e-02
-2.491040229797363281e-01
7.261359691619873047e-02
-9.233404416590929031e-04
-4.436483234167098999e-02
3.833677247166633606e-02
4.726361483335494995e-02
-1.427387595176696777e-01
-1.327639371156692505e-01
1.198583245277404785e-01
-2.475294321775436401e-01
2.041933089494705200e-01
2.188461869955062866e-01
9.654239565134048462e-02
1.479917913675308228e-01
1.350760459899902344e-01
1.030752137303352356e-01
4.533317871391773224e-03
2.423991635441780090e-02
-1.484327316284179688e-01
-7.673494983464479446e-03
1.494382768869400024e-01
-7.275166362524032593e-02
7.377115637063980103e-02
1.127233542501926422e-02
