-1.085532307624816895e-01
6.402613222599029541e-02
1.125288195908069611e-02
-9.348744899034500122e-02
-1.119859740138053894e-01
-1.592434942722320557e-02
-9.033926576375961304e-02
-2.166750431060791016e-01
1.753017604351043701e-01
-2.033442854881286621e-01
2.281105220317840576e-01
-1.018542423844337463e-01
-1.808222681283950806e-01
-9.722782671451568604e-02
-5.119877308607101440e-02
1.811565905809402466e-01
-2.140478640794754028e-01
-1.574269831180572510e-01
8.271120488643646240e-03
1.718642562627792358e-02
8.434039354324340820e-02
-3.378050029277801514e-02
1.319666486233472824e-02
2.651465125381946564e-02
-1.647299975156784058e-01
-3.341805338859558105e-01
-1.507855504751205444e-01
-7.250988483428955078e-02
-2.516233921051025391e-02
-2.723137848079204559e-02
-7.439656555652618408e-02
3.569319099187850952e-02
-1.694900989532470703e-01
-3.132591396570205688e-02
2.028576098382472992e-03
1.191692501306533813e-01
-2.890797704458236694e-02
-5.336645618081092834e-02
1.213724687695503235e-01
-1.546319480985403061e-02
-2.263539731502532959e-01
3.715432062745094299e-02
7.955422997474670410e-02
2.103479802608489990e-01
1.697279512882232666e-01
-2.089319191873073578e-02
2.553061209619045258e-02
-1.690405905246734619e-01
1.488825827836990356e-01
-1.539046019315719604e-01
5.920828320086002350e-03
1.260347217321395874e-01
9.112425893545150757e-02
7.012169063091278076e-02
2.429454028606414795e-02
-1.008782535791397095e-01
3.585076332092285156e-02
1.495716869831085205e-01
-1.507036387920379639e-01
4.901758208870887756e-02
1.509515643119812012e-01
-6.150662526488304138e-02
-5.568895861506462097e-02
-7.772168517112731934e-02
1.820833235979080200e-01
1.575835645198822021e-01
-1.137711852788925171e-01
-2.370079308748245239e-01
8.827843517065048218e-02
-1.232065707445144653e-01
-9.172328561544418335e-02
3.725998476147651672e-02
-1.763206124305725098e-01
-2.172236293554306030e-01
-2.736913263797760010e-01
-2.087091095745563507e-02
3.541097939014434814e-01
9.046356379985809326e-02
-1.473697423934936523e-01
5.386249348521232605e-02
-2.041614055633544922e-02
2.944129053503274918e-03
1.292767077684402466e-01
1.296212524175643921e-01
2.475356310606002808e-02
2.035682275891304016e-02
-8.614560961723327637e-02
4.123397916555404663e-02
2.055245339870452881e-01
-1.095631867647171021e-01
1.904078572988510132e-02
1.886897385120391846e-01
-3.921196982264518738e-02
7.493212819099426270e-02
6.133527494966983795e-03
5.414636433124542236e-02
-1.153681427240371704e-01
1.063036471605300903e-01
-1.223673149943351746e-01
2.194096520543098450e-02
1.978651061654090881e-02
-4.611442238092422485e-02
1.022529602050781250e-02
5.072148144245147705e-02
-1.125612705945968628e-01
1.649217754602432251e-01
-8.107246831059455872e-04
3.973038867115974426e-02
-2.041836269199848175e-04
-5.080212652683258057e-02
-8.401103317737579346e-02
-1.166828069835901260e-02
1.202744841575622559e-01
-2.324373722076416016e-01
2.107099294662475586e-01
1.528247892856597900e-01
5.761861056089401245e-02
1.367109119892120361e-01
1.117285415530204773e-01
8.563917130231857300e-02
-1.301151979714632034e-02
2.353740856051445007e-02
-1.986898034811019897e-01
-3.765315748751163483e-03
4.849930107593536377e-02
-3.934438899159431458e-02
5.209151655435562134e-02
-1.458505541086196899e-02
