-5.150244012475013733e-02
-3.979267925024032593e-02
6.293290108442306519e-02
-1.076887026429176331e-01
-1.355865001678466797e-01
-5.596506968140602112e-02
-1.161285564303398132e-01
-1.183363869786262512e-01
1.197418719530105591e-01
-1.767529249191284180e-01
1.619208455085754395e-01
-1.131166517734527588e-01
-2.038493156433105469e-01
-2.625719457864761353e-02
-8.949332684278488159e-02
2.535005211830139160e-01
-1.759933382272720337e-01
-2.034850567579269409e-01
-2.197675034403800964e-02
-3.813042491674423218e-02
4.328787326812744141e-03
-3.972204402089118958e-02
-2.454463392496109009e-02
9.112609922885894775e-02
-1.901809275150299072e-01
-3.925635218620300293e-01
-5.530434101819992065e-02
-6.109522283077239990e-02
-5.850552767515182495e-02
-8.731350302696228027e-03
-4.009865224361419678e-02
1.241742223501205444e-01
-2.062890678644180298e-01
7.217456400394439697e-02
2.178282663226127625e-02
1.092775762081146240e-01
5.538008734583854675e-02
-1.088264286518096924e-01
1.641079187393188477e-01
5.873946845531463623e-02
-3.704861104488372803e-01
3.776120021939277649e-02
1.074332743883132935e-01
2.202750593423843384e-01
1.267356723546981812e-01
-2.409229427576065063e-02
4.271835461258888245e-02
-1.068616509437561035e-01
1.619310975074768066e-01
-1.907024681568145752e-01
4.328142106533050537e-02
1.243715137243270874e-01
7.134506851434707642e-02
2.692179288715124130e-03
6.301329284906387329e-02
-1.012393385171890259e-01
6.095821037888526917e-02
1.255312114953994751e-01
-2.061601728200912476e-01
-2.432124316692352295e-02
6.284597516059875488e-02
-2.557762339711189270e-02
4.425075836479663849e-03
-1.576902270317077637e-01
2.081851214170455933e-01
1.831077188253402710e-01
-8.320980519056320190e-02
-1.964019387960433960e-01
1.273707002401351929e-01
-1.834544092416763306e-01
-1.028774604201316833e-01
4.393156245350837708e-02
-1.347830146551132202e-01
-1.603321433067321777e-01
-3.730043470859527588e-01
-3.638222068548202515e-02
3.141584098339080811e-01
1.752596944570541382e-01
-1.779906898736953735e-01
9.595935046672821045e-02
5.910577997565269470e-02
-2.982567064464092255e-02
1.591134518384933472e-01
1.955199837684631348e-01
8.553128689527511597e-03
1.075391620397567749e-01
-2.439266815781593323e-02
2.053373306989669800e-02
2.513098418712615967e-01
-3.421033546328544617e-02
-1.474150456488132477e-02
1.632955074310302734e-01
-2.883875370025634766e-02
1.111878827214241028e-02
-2.644535340368747711e-02
7.550708483904600143e-03
-1.537120193243026733e-01
4.694223031401634216e-02
-1.484206765890121460e-01
-2.469397522509098053e-02
6.255188025534152985e-03
1.050456166267395020e-01
2.944756112992763519e-02
8.901304006576538086e-02
-1.770092397928237915e-01
1.012632697820663452e-01
-4.083690792322158813e-02
-6.757697463035583496e-02
-1.960244402289390564e-02
7.769762724637985229e-02
-3.591209650039672852e-02
-7.148954272270202637e-02
5.609477683901786804e-02
-2.051540911197662354e-01
1.707945615053176880e-01
1.428453177213668823e-01
8.587681502103805542e-02
8.430250734090805054e-02
1.059389859437942505e-01
2.811283804476261139e-03
-2.198667451739311218e-02
-2.186419628560543060e-02
-1.713509410619735718e-01
-3.917015716433525085e-02
1.177420765161514282e-01
-9.087327867746353149e-02
1.251691728830337524e-01
2.621743828058242798e-03
