-1.017767339944839478e-01
9.924185276031494141e-02
4.548854753375053406e-02
-1.413295865058898926e-01
-1.389638334512710571e-01
-1.333369314670562744e-02
-1.007195860147476196e-01
-7.899106293916702271e-02
1.155754625797271729e-01
-1.372298747301101685e-01
2.533567249774932861e-01
-7.232310622930526733e-02
-1.744762212038040161e-01
-8.665598183870315552e-02
-5.246980860829353333e-02
2.025324851274490356e-01
-2.005938440561294556e-01
-1.380795985460281372e-01
3.409985080361366272e-02
3.345961123704910278e-02
1.132204756140708923e-01
-2.393853385001420975e-03
-3.018967807292938232e-03
5.398011207580566406e-02
-1.346241682767868042e-01
-3.654668927192687988e-01
-1.129413619637489319e-01
-5.603275448083877563e-02
-7.925133220851421356e-03
-6.791877001523971558e-02
-5.154837295413017273e-02
4.049000144004821777e-02
-2.372412234544754028e-01
-4.515241086483001709e-02
2.681619301438331604e-02
7.360257208347320557e-02
-1.053675892762839794e-03
-8.264356851577758789e-02
1.373266279697418213e-01
3.158884122967720032e-02
-2.606121301651000977e-01
2.166895940899848938e-02
5.227276682853698730e-02
2.177526950836181641e-01
1.247407570481300354e-01
4.595675691962242126e-02
1.915997825562953949e-02
-1.152357533574104309e-01
1.214379072189331055e-01
-1.728010475635528564e-01
4.659868031740188599e-02
1.433391720056533813e-01
3.314022719860076904e-02
2.235758118331432343e-02
7.242355961352586746e-03
-5.563420802354812622e-02
6.152126193046569824e-02
1.181939840316772461e-01
-1.736882328987121582e-01
-8.492851629853248596e-04
1.289351880550384521e-01
-5.334511399269104004e-02
-1.751265861093997955e-02
-1.626769304275512695e-01
1.812631040811538696e-01
1.152291595935821533e-01
-9.339584410190582275e-02
-2.108774185180664062e-01
1.216939389705657959e-01
-1.004622802138328552e-01
-1.062076687812805176e-01
5.362142249941825867e-02
-1.267692446708679199e-01
-1.661960929632186890e-01
-2.696419954299926758e-01
9.689101949334144592e-03
3.507020175457000732e-01
1.490679830312728882e-01
-1.340829432010650635e-01
5.634678900241851807e-02
-1.746637746691703796e-02
-2.995647117495536804e-02
1.175522655248641968e-01
1.205424368381500244e-01
1.129982434213161469e-02
5.346687138080596924e-02
-3.706532716751098633e-02
4.625590518116950989e-02
2.387973666191101074e-01
-4.409983009099960327e-02
7.912452332675457001e-03
2.146705090999603271e-01
-5.552008748054504395e-02
8.392387628555297852e-02
1.343755889683961868e-02
3.240907192230224609e-02
-7.572983950376510620e-02
8.954818546772003174e-02
-9.189082682132720947e-02
5.226738005876541138e-02
2.218532003462314606e-02
-6.179823726415634155e-02
-1.992149651050567627e-02
1.316968798637390137e-01
-1.627035140991210938e-01
1.101224943995475769e-01
-3.987259045243263245e-02
2.025330066680908203e-02
-4.818906541913747787e-03
2.370872907340526581e-02
-1.062988415360450745e-01
-4.650754481554031372e-02
7.652151584625244141e-02
-2.109990864992141724e-01
2.246143817901611328e-01
1.674448102712631226e-01
5.010874941945075989e-02
7.753229141235351562e-02
1.494139283895492554e-01
6.826359778642654419e-02
-6.110402755439281464e-04
-6.900067627429962158e-02
-2.364196479320526123e-01
-7.164026051759719849e-02
1.253477632999420166e-01
-6.795800477266311646e-02
9.522355347871780396e-02
-2.192929387092590332e-02
