-1.239186152815818787e-01
3.394120559096336365e-02
4.998301714658737183e-02
-1.357201784849166870e-01
-1.264714449644088745e-01
-4.458520561456680298e-02
-5.180300027132034302e-02
-1.265849918127059937e-01
1.786448508501052856e-01
-1.776851564645767212e-01
2.531633377075195312e-01
-1.204364225268363953e-01
-1.971687078475952148e-01
-8.789637684822082520e-02
-2.960823103785514832e-02
2.495027929544448853e-01
-2.352341860532760620e-01
-1.415895819664001465e-01
7.850360125303268433e-04
2.986950427293777466e-02
7.577286660671234131e-02
-3.761754184961318970e-02
6.050861254334449768e-02
1.041218787431716919e-01
-9.082631021738052368e-02
-4.383454620838165283e-01
-8.678628504276275635e-02
-7.223658263683319092e-02
6.361247971653938293e-03
-3.913635760545730591e-02
-3.115311637520790100e-02
8.693145215511322021e-02
-2.465556859970092773e-01
-3.208247572183609009e-02
-3.358758240938186646e-02
9.473507851362228394e-02
3.007326647639274597e-02
-1.143268793821334839e-01
1.245776265859603882e-01
-2.699762210249900818e-02
-3.025076389312744141e-01
-5.487218126654624939e-02
7.049423456192016602e-02
2.059316784143447876e-01
1.058690547943115234e-01
5.402624141424894333e-03
2.394506707787513733e-02
-8.696708083152770996e-02
9.069370478391647339e-02
-1.762079149484634399e-01
-3.176365792751312256e-02
6.680212169885635376e-02
2.806621976196765900e-02
-4.875034466385841370e-02
3.397118300199508667e-02
-1.131639480590820312e-01
5.642240494489669800e-02
1.326449066400527954e-01
-1.866943389177322388e-01
-9.387287311255931854e-03
8.550055325031280518e-02
-6.244454532861709595e-02
1.169297844171524048e-02
-1.395890712738037109e-01
2.855736613273620605e-01
1.400908082723617554e-01
-9.446856379508972168e-02
-1.516921222209930420e-01
1.331702321767807007e-01
-8.311749249696731567e-02
-1.154869981110095978e-02
3.660278767347335815e-02
-1.661666035652160645e-01
-1.737717092037200928e-01
-2.917776703834533691e-01
-4.924318939447402954e-02
3.454957604408264160e-01
5.551722645759582520e-02
-1.205070987343788147e-01
5.061805993318557739e-02
-1.091662142425775528e-02
-6.535561289638280869e-03
1.156424954533576965e-01
1.813966929912567139e-01
1.802043616771697998e-02
5.984954535961151123e-02
-9.192898124456405640e-02
5.755513161420822144e-02
1.943146586418151855e-01
-7.397897541522979736e-02
3.621863201260566711e-02
1.997029483318328857e-01
-8.112799376249313354e-02
1.219888217747211456e-02
-2.530061826109886169e-02
6.193820387125015259e-03
-1.286135613918304443e-01
1.074653193354606628e-01
-1.302470266819000244e-01
4.906180500984191895e-02
1.225706469267606735e-02
-1.261775940656661987e-02
-9.793184697628021240e-03
9.631828218698501587e-02
-1.421442925930023193e-01
1.863968372344970703e-02
-2.423896826803684235e-02
-2.185780927538871765e-02
2.077705413103103638e-02
3.023822791874408722e-03
-7.020407170057296753e-02
-1.068373471498489380e-01
6.478233635425567627e-02
-1.872873008251190186e-01
1.812311857938766479e-01
1.742509752511978149e-01
4.526108503341674805e-02
1.266350299119949341e-01
5.725739151239395142e-02
8.455742150545120239e-02
-1.576989516615867615e-02
-8.637354709208011627e-03
-2.130326181650161743e-01
2.454516105353832245e-02
1.335363537073135376e-01
-9.927348792552947998e-02
7.875346392393112183e-02
-2.985069155693054199e-02
