-1.052434444427490234e-01
5.893658846616744995e-02
1.307011395692825317e-02
-8.427280187606811523e-02
-6.451433151960372925e-02
-7.936811447143554688e-02
-4.776049405336380005e-02
-1.606854200363159180e-01
1.464815139770507812e-01
-1.265314370393753052e-01
2.745016515254974365e-01
-6.725108623504638672e-02
-2.205614596605300903e-01
-1.029215529561042786e-01
-2.717354521155357361e-02
2.215139120817184448e-01
-1.963457763195037842e-01
-1.612870842218399048e-01
-2.325134724378585815e-02
3.727295994758605957e-02
8.348663151264190674e-02
-8.089396357536315918e-02
4.892580956220626831e-02
9.867934137582778931e-02
-9.350354969501495361e-02
-3.622349202632904053e-01
-9.207473695278167725e-02
-8.642108738422393799e-02
-2.144081518054008484e-04
-3.722449392080307007e-02
-1.190786436200141907e-02
6.225814297795295715e-02
-2.136528640985488892e-01
-8.989915251731872559e-03
4.396960884332656860e-02
8.554875850677490234e-02
-2.851477451622486115e-02
-9.964529424905776978e-02
1.754721850156784058e-01
-3.907722234725952148e-02
-2.790125012397766113e-01
-7.025572657585144043e-02
5.921142548322677612e-02
2.090874165296554565e-01
1.017659753561019897e-01
-2.844417653977870941e-02
3.558777645230293274e-02
-1.030683889985084534e-01
8.945668488740921021e-02
-2.056825309991836548e-01
-4.014245420694351196e-02
1.345266550779342651e-01
4.312708228826522827e-02
4.773198440670967102e-02
1.074602827429771423e-02
-1.002989187836647034e-01
9.380550682544708252e-02
1.573644280433654785e-01
-1.614591777324676514e-01
-3.472587559372186661e-04
8.177906274795532227e-02
-1.097921282052993774e-01
-2.564706280827522278e-02
-9.344732761383056641e-02
2.455929517745971680e-01
1.079034209251403809e-01
-1.385479122400283813e-01
-1.640321612358093262e-01
6.231610849499702454e-02
-1.187733486294746399e-01
-3.638014197349548340e-02
7.002712041139602661e-02
-1.673428714275360107e-01
-2.297336906194686890e-01
-2.767666876316070557e-01
-2.908446267247200012e-02
3.405126929283142090e-01
9.860604256391525269e-02
-1.106838881969451904e-01
7.776035368442535400e-02
-4.745120182633399963e-02
6.671137642115354538e-03
9.898413717746734619e-02
1.408725976943969727e-01
4.915216937661170959e-03
6.237959861755371094e-02
-8.812293410301208496e-02
3.174867853522300720e-02
2.255449444055557251e-01
-1.048968955874443054e-01
4.823570325970649719e-02
2.251824289560317993e-01
-9.245838969945907593e-02
6.134743243455886841e-02
-4.622135311365127563e-02
-7.634745910763740540e-03
-4.863848537206649780e-02
6.922138482332229614e-02
-8.475215733051300049e-02
3.653159365057945251e-02
1.098448410630226135e-04
-2.686478197574615479e-02
1.824788004159927368e-02
5.390506237745285034e-02
-1.693260669708251953e-01
-1.583348959684371948e-03
2.950222464278340340e-03
3.190786018967628479e-02
4.925242811441421509e-02
1.170544140040874481e-02
-9.996902942657470703e-02
-1.382341682910919189e-01
5.713583901524543762e-02
-2.328004837036132812e-01
2.430609315633773804e-01
2.245388478040695190e-01
8.911386877298355103e-02
6.957766413688659668e-02
9.197326749563217163e-02
3.799344971776008606e-02
3.636393696069717407e-03
-4.289817810058593750e-02
-1.677135825157165527e-01
3.910949081182479858e-02
1.283855736255645752e-01
-3.666337579488754272e-02
1.069210935384035110e-02
-8.792067319154739380e-02
