-8.568771183490753174e-02
1.013041567057371140e-02
4.875384271144866943e-02
-1.119482442736625671e-01
-1.641521006822586060e-01
-6.624265015125274658e-02
-8.842595666646957397e-02
-7.851184904575347900e-02
1.523779481649398804e-01
-1.407286226749420166e-01
2.190630882978439331e-01
-3.149276971817016602e-02
-1.855791658163070679e-01
-8.379526436328887939e-02
-9.069228917360305786e-02
2.344246357679367065e-01
-2.309886664152145386e-01
-1.838652789592742920e-01
-5.446095950901508331e-03
3.289104998111724854e-02
8.878009021282196045e-02
3.804931044578552246e-02
3.246683394536375999e-03
2.616205066442489624e-02
-1.632044315338134766e-01
-3.737183213233947754e-01
-7.703062146902084351e-02
-3.161601722240447998e-02
-4.211467877030372620e-02
-2.719505876302719116e-02
-2.887525036931037903e-02
6.938572973012924194e-02
-2.450673133134841919e-01
-2.728726342320442200e-02
4.226519167423248291e-02
8.552816510200500488e-02
2.749294228851795197e-02
-1.002276316285133362e-01
1.278464943170547485e-01
3.792647272348403931e-02
-3.143488764762878418e-01
-2.141622826457023621e-04
9.179784357547760010e-02
2.256784141063690186e-01
9.103458374738693237e-02
2.138237655162811279e-02
2.456234581768512726e-02
-9.412703663110733032e-02
1.267423927783966064e-01
-1.883145719766616821e-01
-2.094573713839054108e-02
1.081071048974990845e-01
3.250114619731903076e-02
1.957827806472778320e-02
1.262737996876239777e-02
-9.690361469984054565e-02
7.846158742904663086e-02
1.612239629030227661e-01
-1.587712168693542480e-01
-1.643226854503154755e-02
8.451528847217559814e-02
-8.628143370151519775e-02
-1.432173233479261398e-02
-1.566534936428070068e-01
2.200914919376373291e-01
7.603628188371658325e-02
-8.170291036367416382e-02
-2.053480893373489380e-01
8.836848288774490356e-02
-1.361647546291351318e-01
-1.294068545103073120e-01
3.799521550536155701e-02
-1.249337196350097656e-01
-1.606088131666183472e-01
-3.474408090114593506e-01
-5.265158042311668396e-02
3.383005559444427490e-01
1.433351039886474609e-01
-1.703071594238281250e-01
8.525110781192779541e-02
3.334430605173110962e-02
5.024511367082595825e-02
1.435113698244094849e-01
1.600234210491180420e-01
1.200512051582336426e-02
1.546889096498489380e-01
-1.118130609393119812e-01
-8.621288463473320007e-03
2.446670234203338623e-01
-5.091626197099685669e-02
-1.462374348193407059e-04
2.062566280364990234e-01
-6.611043587327003479e-03
7.547778636217117310e-02
2.990257367491722107e-02
-2.421201393008232117e-02
-7.999000698328018188e-02
5.054916441440582275e-02
-1.194656640291213989e-01
2.826533839106559753e-02
3.410778194665908813e-02
1.483628991991281509e-02
6.190199870616197586e-03
1.055208742618560791e-01
-1.011546775698661804e-01
7.227932661771774292e-02
-3.864182904362678528e-02
1.099171116948127747e-02
-8.490066975355148315e-03
5.062459036707878113e-02
-5.016462504863739014e-02
-1.195132210850715637e-01
3.086963295936584473e-02
-1.962667107582092285e-01
1.939050555229187012e-01
1.816895157098770142e-01
4.380836337804794312e-02
1.291693598031997681e-01
1.108508631587028503e-01
6.968186050653457642e-02
-8.611819148063659668e-02
1.263536140322685242e-02
-1.771810650825500488e-01
-5.877897143363952637e-02
1.109777763485908508e-01
-7.366489619016647339e-02
1.467927545309066772e-01
-1.850981824100017548e-02
