-1.232606992125511169e-01
8.600673079490661621e-02
7.764315605163574219e-02
-1.255214512348175049e-01
-1.358437389135360718e-01
-5.370799824595451355e-02
-7.994110882282257080e-02
-8.352997899055480957e-02
1.738225370645523071e-01
-1.210330948233604431e-01
2.433707416057586670e-01
-5.821054056286811829e-02
-2.345893681049346924e-01
-1.090811938047409058e-01
-9.535355865955352783e-02
2.816029787063598633e-01
-1.971552371978759766e-01
-1.741271167993545532e-01
-5.917104333639144897e-02
5.358032137155532837e-02
8.120824396610260010e-02
3.718329221010208130e-02
1.827273704111576080e-02
3.031522408127784729e-02
-1.281802356243133545e-01
-4.344587922096252441e-01
-5.105923488736152649e-02
-3.943882882595062256e-02
-3.325800970196723938e-02
-6.797183305025100708e-02
-1.770741865038871765e-02
1.140552908182144165e-01
-1.990960538387298584e-01
-1.589627563953399658e-02
2.162382006645202637e-02
1.283685863018035889e-01
1.421696599572896957e-02
-5.900477990508079529e-02
7.324218750000000000e-02
1.807375624775886536e-02
-3.701237738132476807e-01
-3.577524423599243164e-02
5.290802568197250366e-02
2.378681153059005737e-01
1.355110853910446167e-01
3.198584914207458496e-02
6.743253767490386963e-02
-1.446968168020248413e-01
8.093222230672836304e-02
-1.825859248638153076e-01
-2.219998463988304138e-02
9.750765562057495117e-02
4.928217828273773193e-02
2.787888981401920319e-02
6.262967362999916077e-03
-1.302938461303710938e-01
4.361063241958618164e-02
1.336386352777481079e-01
-1.563352495431900024e-01
-6.767526268959045410e-02
1.084275245666503906e-01
-1.319569200277328491e-01
-2.582361921668052673e-02
-1.563547551631927490e-01
2.278928309679031372e-01
5.053329467773437500e-02
-1.482643485069274902e-01
-1.543536484241485596e-01
1.217506080865859985e-01
-1.082083955407142639e-01
-5.831886082887649536e-02
3.229071572422981262e-02
-1.274603605270385742e-01
-1.620606482028961182e-01
-3.518647849559783936e-01
-2.360680699348449707e-02
3.455322086811065674e-01
7.839224487543106079e-02
-1.484541743993759155e-01
6.230255216360092163e-02
-1.179050561040639877e-02
4.931819438934326172e-02
4.826423898339271545e-02
2.010035514831542969e-01
-6.489386782050132751e-03
1.020360887050628662e-01
-8.918333053588867188e-02
3.220887854695320129e-03
1.978938728570938110e-01
-1.102976500988006592e-01
6.768345087766647339e-02
1.759388744831085205e-01
-4.173066839575767517e-02
6.172478199005126953e-02
-3.514370322227478027e-02
2.847483195364475250e-02
-1.149234473705291748e-01
1.048479899764060974e-01
-6.302972882986068726e-02
5.393728986382484436e-02
-4.481021314859390259e-04
-2.115040272474288940e-02
3.134623402729630470e-03
6.318672001361846924e-02
-1.079555600881576538e-01
1.199583560228347778e-01
1.380938338115811348e-03
3.236073255538940430e-02
3.955783322453498840e-02
1.538347546011209488e-02
-7.849827408790588379e-03
-1.525434702634811401e-01
7.157773524522781372e-02
-1.843162178993225098e-01
2.117134332656860352e-01
2.233513593673706055e-01
6.749192625284194946e-02
1.524290889501571655e-01
1.257880479097366333e-01
1.226724237203598022e-01
-4.820220172405242920e-02
-2.607014961540699005e-03
-1.885791271924972534e-01
-1.368098333477973938e-02
1.319802403450012207e-01
-1.027144864201545715e-01
6.473225355148315430e-02
-1.925791800022125244e-02
