-9.549167752265930176e-02
8.322816342115402222e-02
8.395552635192871094e-03
-1.420799344778060913e-01
-1.840458363294601440e-01
-3.583823889493942261e-02
-6.890774518251419067e-02
-7.630980014801025391e-02
1.659183204174041748e-01
-1.499513536691665649e-01
2.005503326654434204e-01
-2.554834261536598206e-02
-1.926686167716979980e-01
-8.087214827537536621e-02
-6.096941977739334106e-02
2.142598927021026611e-01
-1.976767629384994507e-01
-2.036008536815643311e-01
-1.803886517882347107e-02
3.887362778186798096e-02
1.287046223878860474e-01
2.964782156050205231e-02
-5.929108709096908569e-03
7.754372805356979370e-02
-1.651493012905120850e-01
-3.608238697052001953e-01
-8.520999550819396973e-02
-1.750528067350387573e-02
-3.877737745642662048e-02
-4.499239474534988403e-02
-2.304946072399616241e-03
3.945955634117126465e-02
-2.213242202997207642e-01
-8.324533700942993164e-04
6.995769217610359192e-03
1.111372858285903931e-01
-1.281159836798906326e-02
-3.591680154204368591e-02
1.257793754339218140e-01
3.329142555594444275e-02
-3.759221434593200684e-01
4.588343203067779541e-02
8.339832723140716553e-02
2.502500414848327637e-01
1.750361472368240356e-01
1.414649467915296555e-02
9.513157419860363007e-03
-1.209463849663734436e-01
9.627085924148559570e-02
-2.205671072006225586e-01
1.489423215389251709e-03
1.571467220783233643e-01
2.912889048457145691e-02
2.325374633073806763e-02
2.737254276871681213e-02
-5.116290599107742310e-02
5.510634183883666992e-02
1.538776159286499023e-01
-1.431112885475158691e-01
-3.449926525354385376e-02
1.128510907292366028e-01
-8.460803329944610596e-02
-2.869049459695816040e-02
-1.525148153305053711e-01
2.041337937116622925e-01
7.144105434417724609e-02
-1.183611080050468445e-01
-2.161306142807006836e-01
1.079195812344551086e-01
-1.831197589635848999e-01
-1.769914925098419189e-01
1.151269376277923584e-01
-1.172010377049446106e-01
-1.671447455883026123e-01
-3.595453202724456787e-01
-3.461843356490135193e-02
3.907335698604583740e-01
1.693520843982696533e-01
-1.726920306682586670e-01
7.138454914093017578e-02
3.305305261164903641e-03
5.760335177183151245e-02
1.514312177896499634e-01
1.607702374458312988e-01
2.191043831408023834e-02
7.918579131364822388e-02
-1.345278620719909668e-01
3.288052603602409363e-02
2.392562478780746460e-01
-5.799827724695205688e-02
2.552792429924011230e-03
2.224918901920318604e-01
5.255161598324775696e-02
1.118800342082977295e-01
5.091678351163864136e-03
6.322009861469268799e-02
-6.754431128501892090e-02
4.594186320900917053e-02
-1.541360914707183838e-01
9.639966301620006561e-03
3.494337946176528931e-02
4.708915203809738159e-02
-1.646084338426589966e-02
1.312570869922637939e-01
-1.098773926496505737e-01
1.647477746009826660e-01
-7.561231032013893127e-03
2.152044698596000671e-02
-1.768831536173820496e-02
5.199989676475524902e-02
-3.577887266874313354e-02
-7.297889888286590576e-02
4.978453367948532104e-02
-2.007838338613510132e-01
1.851210296154022217e-01
1.833474487066268921e-01
3.505119681358337402e-02
6.724822521209716797e-02
1.349238604307174683e-01
4.652452096343040466e-02
-7.396183162927627563e-02
-6.189094483852386475e-02
-2.316579967737197876e-01
-4.252217710018157959e-02
9.011173993349075317e-02
-1.064788624644279480e-01
1.298093795776367188e-01
-1.410505920648574829e-02
