-5.007207021117210388e-02
-3.025793284177780151e-02
4.500915855169296265e-02
-1.316250264644622803e-01
-9.650000184774398804e-02
-6.205239892005920410e-02
-9.285843372344970703e-02
-1.823949068784713745e-01
1.998430937528610229e-01
-1.820724308490753174e-01
2.298270612955093384e-01
-7.506351172924041748e-02
-2.151829004287719727e-01
-2.919990569353103638e-02
1.684289425611495972e-02
1.955464631319046021e-01
-2.526604235172271729e-01
-1.944172233343124390e-01
-3.496633842587471008e-02
8.709178306162357330e-03
2.061496675014495850e-02
7.410256192088127136e-03
4.524749889969825745e-02
3.393152728676795959e-02
-1.335189491510391235e-01
-4.046479761600494385e-01
-1.294758468866348267e-01
-7.626819610595703125e-02
-5.687454342842102051e-02
-5.325600504875183105e-03
3.043921664357185364e-02
9.712196886539459229e-02
-2.025609016418457031e-01
2.008933573961257935e-03
1.652514375746250153e-02
6.426884233951568604e-02
5.323807150125503540e-02
-1.755516380071640015e-01
1.646256297826766968e-01
3.117885068058967590e-02
-3.326193690299987793e-01
-1.995149068534374237e-02
6.436798721551895142e-02
2.070897072553634644e-01
1.555889099836349487e-01
-7.964099198579788208e-02
1.244574226438999176e-02
-1.401658803224563599e-01
1.380719840526580811e-01
-2.230630069971084595e-01
2.068984322249889374e-03
1.032038107514381409e-01
6.279620341956615448e-03
1.809393987059593201e-02
4.391500353813171387e-02
-1.036258041858673096e-01
8.789972960948944092e-02
1.425609290599822998e-01
-1.956478655338287354e-01
-1.527609769254922867e-02
1.272535026073455811e-01
-6.440929323434829712e-02
4.758296906948089600e-02
-1.210459470748901367e-01
2.202858924865722656e-01
1.751782447099685669e-01
-7.371684163808822632e-02
-2.345076054334640503e-01
2.105061337351799011e-02
-1.231540068984031677e-01
-1.294990479946136475e-01
5.180752277374267578e-02
-2.132654935121536255e-01
-1.939779967069625854e-01
-3.549028933048248291e-01
-6.387932598590850830e-02
3.421876132488250732e-01
5.682789534330368042e-02
-1.546932607889175415e-01
8.265270292758941650e-02
-1.757172681391239166e-02
-2.358170039951801300e-02
1.416962146759033203e-01
1.651036143302917480e-01
4.858723282814025879e-02
6.566435098648071289e-02
-8.768596500158309937e-02
2.873241528868675232e-02
3.054535984992980957e-01
-7.636659592390060425e-02
-3.207268565893173218e-02
2.307241857051849365e-01
-1.045386344194412231e-01
1.892262510955333710e-02
2.499997988343238831e-02
4.267230629920959473e-02
-8.616833388805389404e-02
7.952403277158737183e-02
-1.632283329963684082e-01
7.078732829540967941e-03
2.436038851737976074e-02
4.536384344100952148e-02
7.382130715996026993e-04
9.379290044307708740e-02
-1.777757704257965088e-01
8.471452444791793823e-02
-2.052059583365917206e-02
-3.416946902871131897e-02
2.654070407152175903e-02
-5.597010627388954163e-02
-4.762915521860122681e-02
-6.225815042853355408e-02
1.239849105477333069e-01
-2.068442702293395996e-01
1.936205774545669556e-01
1.559825241565704346e-01
1.071441248059272766e-01
1.302435845136642456e-01
3.890699893236160278e-02
4.086985811591148376e-02
-8.996079117059707642e-02
2.420096844434738159e-02
-2.020438164472579956e-01
3.391759842634201050e-02
7.973334938287734985e-02
2.639702521264553070e-02
7.063050568103790283e-02
-7.521538063883781433e-03
