-8.622639626264572144e-02
4.309423267841339111e-02
5.891036614775657654e-02
-1.221280321478843689e-01
-1.566444635391235352e-01
-6.189515814185142517e-02
-2.827264741063117981e-02
-1.343355029821395874e-01
1.515860259532928467e-01
-1.283553838729858398e-01
2.635683417320251465e-01
-8.216621726751327515e-02
-2.351576238870620728e-01
-6.785897165536880493e-02
-8.570253103971481323e-02
1.871562451124191284e-01
-1.500986069440841675e-01
-1.441492140293121338e-01
-3.034857660531997681e-02
6.319355964660644531e-02
9.617529064416885376e-02
-2.832383103668689728e-02
1.021071337163448334e-02
2.511598169803619385e-02
-1.468138694763183594e-01
-3.459674715995788574e-01
-1.401864141225814819e-01
9.084891527891159058e-03
-5.055075883865356445e-02
-1.596639491617679596e-02
-2.565637975931167603e-02
7.338108867406845093e-02
-2.267972081899642944e-01
-2.419347316026687622e-02
1.283064018934965134e-02
5.452024191617965698e-02
-5.112023651599884033e-02
-7.417761534452438354e-02
1.524337828159332275e-01
-1.109901815652847290e-02
-3.073204755783081055e-01
-2.238262817263603210e-02
8.890816569328308105e-02
2.551561295986175537e-01
1.806750893592834473e-01
1.068659126758575439e-02
2.992855384945869446e-02
-9.008774161338806152e-02
5.251524597406387329e-02
-1.831685453653335571e-01
-5.054539069533348083e-03
1.684114038944244385e-01
4.311386868357658386e-02
4.933373071253299713e-03
3.908744547516107559e-03
-8.808812499046325684e-02
2.880292758345603943e-02
1.346414685249328613e-01
-1.040719598531723022e-01
-1.693922467529773712e-02
1.411183476448059082e-01
-9.013327211141586304e-02
-7.183207571506500244e-02
-1.396462321281433105e-01
2.689985036849975586e-01
6.114611774682998657e-02
-1.655331999063491821e-01
-1.832648217678070068e-01
1.463721096515655518e-01
-1.239630952477455139e-01
-6.734076142311096191e-02
3.126497194170951843e-02
-2.337950468063354492e-01
-1.993632018566131592e-01
-3.496481776237487793e-01
-6.658839993178844452e-03
3.307137787342071533e-01
1.039446741342544556e-01
-1.450321525335311890e-01
9.062567353248596191e-02
-4.995298385620117188e-02
1.185915097594261169e-01
9.927349537611007690e-02
1.481699347496032715e-01
7.620362564921379089e-03
1.178098395466804504e-01
-1.248635798692703247e-01
5.194246768951416016e-02
2.070461362600326538e-01
-1.306446045637130737e-01
-9.888915345072746277e-03
2.477228641510009766e-01
-1.839764416217803955e-02
1.698126085102558136e-02
-6.316424347460269928e-03
2.575970720499753952e-03
-4.226319491863250732e-02
1.511579286307096481e-02
-1.607179641723632812e-01
4.808043688535690308e-02
1.053355485200881958e-01
3.911792300641536713e-04
2.515837922692298889e-02
1.690532118082046509e-01
-1.188009008765220642e-01
7.922396808862686157e-02
-1.200294960290193558e-02
6.572686880826950073e-02
2.130393870174884796e-02
-4.252808913588523865e-02
-1.106833964586257935e-01
-1.238737553358078003e-01
7.272878289222717285e-02
-2.010823786258697510e-01
1.750379651784896851e-01
1.441243439912796021e-01
5.615117773413658142e-02
4.586890339851379395e-02
1.562706083059310913e-01
5.447867140173912048e-02
-2.406266331672668457e-02
1.314471475780010223e-02
-1.825729459524154663e-01
2.328965114429593086e-03
9.681457281112670898e-02
-5.498973280191421509e-02
1.217150688171386719e-01
-9.199660271406173706e-03
