-1.005624905228614807e-01
5.805012769997119904e-03
4.866059124469757080e-02
-1.528922766447067261e-01
-1.230157166719436646e-01
-3.293795138597488403e-02
-5.639018490910530090e-02
-1.529096215963363647e-01
1.670248508453369141e-01
-2.450081557035446167e-01
2.343073636293411255e-01
-7.934568077325820923e-02
-1.964784264564514160e-01
-4.541249200701713562e-02
-2.598829194903373718e-02
1.866763234138488770e-01
-2.030876427888870239e-01
-1.258454918861389160e-01
-4.563405737280845642e-02
3.995326906442642212e-02
9.880425781011581421e-02
-3.564846888184547424e-02
2.091909572482109070e-02
2.808909863233566284e-02
-1.083552092313766479e-01
-3.581702411174774170e-01
-1.193572059273719788e-01
-2.699372544884681702e-02
-3.847201913595199585e-02
-2.660562656819820404e-02
-4.056146740913391113e-02
5.416639149188995361e-02
-2.036449909210205078e-01
1.073564961552619934e-02
-4.680724442005157471e-02
1.080169677734375000e-01
-6.773781497031450272e-03
-1.149381995201110840e-01
1.157590895891189575e-01
-6.696547381579875946e-03
-2.654335200786590576e-01
-6.510931067168712616e-03
8.261865004897117615e-04
1.870110332965850830e-01
1.442557722330093384e-01
-1.054838020354509354e-02
1.284253224730491638e-02
-1.294488012790679932e-01
1.559455394744873047e-01
-1.888247877359390259e-01
-5.326273664832115173e-02
9.190636128187179565e-02
7.285095285624265671e-03
3.856686875224113464e-03
5.084705725312232971e-02
-7.685459405183792114e-02
9.415360540151596069e-02
1.524456739425659180e-01
-1.272940486669540405e-01
-1.361915282905101776e-02
8.873894810676574707e-02
-9.207445383071899414e-02
-1.052862033247947693e-02
-1.515750735998153687e-01
2.270269542932510376e-01
1.249397844076156616e-01
-1.047750562429428101e-01
-1.706830263137817383e-01
1.072130650281906128e-01
-9.332762658596038818e-02
-8.459223061800003052e-02
1.391698606312274933e-02
-1.903943717479705811e-01
-1.822773367166519165e-01
-2.686142921447753906e-01
-4.510215297341346741e-02
3.490152060985565186e-01
9.023030847311019897e-02
-1.569669991731643677e-01
4.795419797301292419e-02
-8.788084611296653748e-03
1.459148433059453964e-02
1.738694757223129272e-01
1.669523119926452637e-01
3.224589675664901733e-02
4.588344320654869080e-02
-9.485304355621337891e-02
3.659894317388534546e-02
2.416462898254394531e-01
-1.071159467101097107e-01
2.722002193331718445e-02
2.196998447179794312e-01
-5.312656611204147339e-02
4.864500835537910461e-02
-1.159859634935855865e-02
-1.537464372813701630e-02
-9.165925532579421997e-02
1.040302217006683350e-01
-1.152477860450744629e-01
5.724557116627693176e-02
6.019186601042747498e-02
-5.685874447226524353e-02
-2.424319647252559662e-02
9.921294450759887695e-02
-1.324610710144042969e-01
9.642318636178970337e-02
-3.923798725008964539e-02
3.607514873147010803e-02
4.493845254182815552e-02
-5.081208795309066772e-02
-8.205073326826095581e-02
-5.672940984368324280e-02
7.742565870285034180e-02
-2.000697851181030273e-01
1.723859161138534546e-01
1.951427757740020752e-01
3.856097906827926636e-02
1.018384695053100586e-01
7.672283798456192017e-02
8.982914686203002930e-02
-3.753634914755821228e-02
4.733067750930786133e-02
-2.480982542037963867e-01
-3.409077646210789680e-03
1.024812385439872742e-01
-2.380917780101299286e-02
4.254608228802680969e-02
-3.584521263837814331e-02
