-9.193971753120422363e-02
6.052437052130699158e-02
4.522670432925224304e-02
-1.252854764461517334e-01
-1.785042136907577515e-01
1.080203056335449219e-02
-9.006603807210922241e-02
-1.402483731508255005e-01
2.020544707775115967e-01
-2.326614707708358765e-01
2.708791196346282959e-01
-1.144179850816726685e-01
-1.588132232427597046e-01
-3.543806448578834534e-02
-4.222725331783294678e-02
2.035655379295349121e-01
-2.546740770339965820e-01
-1.149595230817794800e-01
-1.637029647827148438e-02
-3.571279719471931458e-02
8.327997289597988129e-03
1.519779767841100693e-02
5.196873843669891357e-02
4.259297251701354980e-02
-8.874516934156417847e-02
-4.389126300811767578e-01
-8.692900836467742920e-02
-8.399493247270584106e-02
3.146141767501831055e-02
-7.112080603837966919e-02
-7.255365699529647827e-02
5.369061138480901718e-03
-2.040599435567855835e-01
-2.703619375824928284e-02
-2.280190028250217438e-02
6.941258162260055542e-02
-3.151756525039672852e-02
-9.821648895740509033e-02
1.188612654805183411e-01
7.498180493712425232e-03
-2.387868165969848633e-01
2.135299891233444214e-02
4.159350693225860596e-02
2.416755110025405884e-01
1.869823336601257324e-01
3.987463191151618958e-02
-3.768659755587577820e-02
-1.227998957037925720e-01
1.609218865633010864e-01
-1.421143263578414917e-01
2.403188496828079224e-03
5.714905634522438049e-02
2.728433907032012939e-02
-2.799565717577934265e-02
3.714042901992797852e-02
-3.173911944031715393e-02
3.681677207350730896e-02
1.720068454742431641e-01
-2.058873325586318970e-01
2.205565571784973145e-02
1.387888640165328979e-01
-8.543404936790466309e-02
-1.527476496994495392e-02
-1.187390610575675964e-01
2.649411559104919434e-01
1.516002416610717773e-01
-7.176100462675094604e-02
-2.007383257150650024e-01
9.767070412635803223e-02
-1.480626016855239868e-01
-9.315168112516403198e-02
1.334682200103998184e-02
-1.270596235990524292e-01
-1.751118749380111694e-01
-2.724699378013610840e-01
-2.536800131201744080e-02
3.961906135082244873e-01
1.079851835966110229e-01
-1.098378449678421021e-01
1.746872812509536743e-02
5.150192975997924805e-02
-4.399965330958366394e-02
1.752735823392868042e-01
1.826115995645523071e-01
-6.860634312033653259e-03
-1.607853360474109650e-02
-6.264659762382507324e-02
2.907535806298255920e-02
2.184077054262161255e-01
-5.005909502506256104e-02
-2.085713669657707214e-02
2.138607203960418701e-01
-8.853978663682937622e-02
2.833503112196922302e-02
2.817373257130384445e-03
-5.571916699409484863e-03
-1.484620869159698486e-01
1.122168377041816711e-01
-1.292470097541809082e-01
-2.704666927456855774e-03
8.905493654310703278e-03
-3.852160647511482239e-02
-1.103565655648708344e-02
7.504262775182723999e-02
-1.641953140497207642e-01
1.155092716217041016e-01
-5.867124721407890320e-02
-2.407233696430921555e-03
5.084392428398132324e-02
-3.352434560656547546e-02
-5.270024389028549194e-02
-4.859420284628868103e-02
1.210242062807083130e-01
-2.436059415340423584e-01
1.765790134668350220e-01
1.759774386882781982e-01
1.229536235332489014e-01
1.653580367565155029e-01
6.020528450608253479e-02
3.389544412493705750e-02
2.361768856644630432e-04
3.498148918151855469e-02
-2.442933022975921631e-01
-1.622710376977920532e-02
6.783182919025421143e-02
-8.487416803836822510e-02
1.255681067705154419e-01
-5.000059492886066437e-03
