-1.128589585423469543e-01
1.133986264467239380e-01
3.744975849986076355e-02
-1.226184740662574768e-01
-1.957924813032150269e-01
-5.964401736855506897e-02
-8.487033843994140625e-02
-1.303859353065490723e-01
1.294323951005935669e-01
-1.458265632390975952e-01
2.448191493749618530e-01
-3.829688578844070435e-02
-2.258182764053344727e-01
-1.044732630252838135e-01
-9.936264157295227051e-02
2.487546801567077637e-01
-1.945618540048599243e-01
-1.808888614177703857e-01
-1.285442430526018143e-02
-9.883059188723564148e-03
1.092810034751892090e-01
-7.784716319292783737e-03
3.338086232542991638e-02
3.687436878681182861e-02
-1.349457204341888428e-01
-3.363360166549682617e-01
-1.250522583723068237e-01
-3.187353909015655518e-02
-5.592591688036918640e-02
-4.686873033642768860e-02
-1.049676816910505295e-02
2.809323184192180634e-02
-1.925491988658905029e-01
-3.104570880532264709e-02
5.677161365747451782e-02
1.182600855827331543e-01
-2.327563241124153137e-02
-9.837107360363006592e-02
9.805821627378463745e-02
1.353291794657707214e-03
-2.789740860462188721e-01
-3.406001627445220947e-02
1.424255222082138062e-01
1.950702816247940063e-01
1.467833071947097778e-01
1.348417066037654877e-02
3.824857249855995178e-02
-1.396135091781616211e-01
1.090557947754859924e-01
-1.483208537101745605e-01
7.943919859826564789e-03
1.014889702200889587e-01
7.902267575263977051e-02
6.849087029695510864e-02
2.618966251611709595e-02
-1.284249722957611084e-01
8.040863275527954102e-02
1.846179813146591187e-01
-1.359842270612716675e-01
-4.764158278703689575e-02
9.494823217391967773e-02
-8.719921857118606567e-02
-3.605813160538673401e-02
-1.115938425064086914e-01
2.193571180105209351e-01
1.130590662360191345e-01
-1.215758770704269409e-01
-2.251485884189605713e-01
1.339371055364608765e-01
-1.307549476623535156e-01
-1.120417416095733643e-01
9.743365645408630371e-02
-1.608391851186752319e-01
-1.612310409545898438e-01
-3.134292662143707275e-01
-4.674410820007324219e-02
3.904397785663604736e-01
1.307804882526397705e-01
-1.116027459502220154e-01
-1.305572129786014557e-02
-9.958195500075817108e-03
3.595216199755668640e-02
6.722974777221679688e-02
1.374184787273406982e-01
-1.908056437969207764e-02
5.530639737844467163e-02
-1.310855299234390259e-01
2.006283216178417206e-02
2.295065671205520630e-01
-9.338419884443283081e-02
-2.168688178062438965e-02
1.966982632875442505e-01
-2.253260463476181030e-03
1.163681373000144958e-01
-1.027494296431541443e-02
2.722145244479179382e-02
-9.825576841831207275e-02
7.790969312191009521e-02
-1.148789748549461365e-01
-8.340799249708652496e-04
-2.363759279251098633e-02
-3.754038363695144653e-02
-2.782488241791725159e-02
8.822938054800033569e-02
-9.045688807964324951e-02
5.639056116342544556e-02
-4.994928371161222458e-03
3.098886460065841675e-02
-8.638047426939010620e-02
1.857051975093781948e-03
-8.470100164413452148e-02
-6.340719014406204224e-02
7.349043339490890503e-02
-1.918045729398727417e-01
2.180806547403335571e-01
2.118428796529769897e-01
7.176758348941802979e-02
9.902077168226242065e-02
1.567510217428207397e-01
5.139449238777160645e-02
-2.115646563470363617e-02
-1.035556048154830933e-01
-1.620774418115615845e-01
-1.566820777952671051e-02
8.000425249338150024e-02
-1.030839905142784119e-01
1.076905280351638794e-01
-2.445155940949916840e-02
