-9.304101765155792236e-02
7.787567377090454102e-02
7.348357886075973511e-02
-1.729089617729187012e-01
-8.596883714199066162e-02
-6.583821773529052734e-02
-9.304262697696685791e-02
-1.644072085618972778e-01
1.876594424247741699e-01
-2.711380422115325928e-01
2.318094074726104736e-01
-9.950444102287292480e-02
-2.093790918588638306e-01
-9.194064140319824219e-02
3.967833705246448517e-03
2.388982921838760376e-01
-2.755954563617706299e-01
-1.703306734561920166e-01
-2.964122965931892395e-02
-1.250841561704874039e-02
5.091307684779167175e-02
-3.537133708596229553e-02
4.469467326998710632e-02
6.873511523008346558e-02
-8.023993670940399170e-02
-4.259332418441772461e-01
-1.084525361657142639e-01
-8.539594709873199463e-02
-1.376652158796787262e-03
-2.715014480054378510e-02
-2.480921149253845215e-02
3.787285834550857544e-02
-2.419527769088745117e-01
-1.519404724240303040e-02
-2.999919652938842773e-02
9.696392714977264404e-02
2.795126661658287048e-02
-9.918925166130065918e-02
1.692623198032379150e-01
2.400903403759002686e-02
-2.593460083007812500e-01
-4.490194469690322876e-02
4.616177082061767578e-02
2.162733376026153564e-01
1.530551016330718994e-01
3.600872121751308441e-03
3.032596223056316376e-02
-4.751093685626983643e-02
1.354665607213973999e-01
-1.985989660024642944e-01
-1.836716383695602417e-02
8.376191556453704834e-02
8.005206286907196045e-02
-1.061798818409442902e-02
5.688046291470527649e-02
-1.404850333929061890e-01
7.632338255643844604e-02
1.481581330299377441e-01
-2.084811031818389893e-01
2.527044527232646942e-02
1.200015097856521606e-01
-1.170034110546112061e-01
-3.563411533832550049e-02
-5.443580448627471924e-02
3.358610868453979492e-01
1.426620781421661377e-01
-1.234246194362640381e-01
-1.485406607389450073e-01
1.884000599384307861e-01
-9.947222471237182617e-02
-2.478770352900028229e-02
-8.903768844902515411e-03
-1.644164472818374634e-01
-1.501484960317611694e-01
-2.586307227611541748e-01
-3.353943303227424622e-02
3.444504439830780029e-01
9.399749338626861572e-02
-1.514224708080291748e-01
6.368421763181686401e-02
-4.028378799557685852e-02
-5.906845908612012863e-03
9.612544625997543335e-02
1.795002967119216919e-01
-1.632618717849254608e-02
8.993804454803466797e-02
-5.376520752906799316e-02
2.993355318903923035e-02
1.958716511726379395e-01
-3.533219546079635620e-02
2.355498075485229492e-02
2.558358013629913330e-01
-7.664754241704940796e-02
1.741104014217853546e-02
9.764308109879493713e-03
-8.339097350835800171e-02
-9.961368888616561890e-02
2.315307594835758209e-02
-1.528920531272888184e-01
2.246848121285438538e-02
-1.033451501280069351e-02
-9.199329465627670288e-02
-4.514502361416816711e-02
8.012005686759948730e-02
-1.973052918910980225e-01
6.268718838691711426e-02
-4.331297799944877625e-02
-2.808858826756477356e-02
-1.895007491111755371e-02
2.543624117970466614e-02
-9.096267074346542358e-02
-9.486338496208190918e-02
1.109350994229316711e-01
-2.205220907926559448e-01
1.818188279867172241e-01
2.322590947151184082e-01
7.192073017358779907e-02
1.503177136182785034e-01
8.176043629646301270e-02
7.768293470144271851e-02
2.363655343651771545e-02
-5.289502441883087158e-03
-2.094721645116806030e-01
-4.002674669027328491e-02
1.017080843448638916e-01
-6.693342328071594238e-02
9.317376464605331421e-02
-1.153325196355581284e-03
