-6.818901747465133667e-02
5.950174480676651001e-02
-1.362732239067554474e-02
-1.180595234036445618e-01
-1.666487455368041992e-01
-4.483810439705848694e-02
-7.354669272899627686e-02
-1.124314293265342712e-01
1.827129423618316650e-01
-1.433570981025695801e-01
1.777772009372711182e-01
-6.869398057460784912e-02
-2.185688316822052002e-01
-5.461225658655166626e-02
-7.659111171960830688e-02
2.673460245132446289e-01
-2.536914050579071045e-01
-1.936299502849578857e-01
-2.647109329700469971e-02
3.573567420244216919e-02
7.163032889366149902e-02
1.811333931982517242e-03
5.485671758651733398e-02
9.050475805997848511e-02
-6.224242225289344788e-02
-3.808810710906982422e-01
-7.816069573163986206e-02
-6.327071785926818848e-02
-3.952430933713912964e-02
-2.467182651162147522e-02
-3.003655001521110535e-02
8.252020180225372314e-02
-1.716417819261550903e-01
-2.275720611214637756e-02
6.859062612056732178e-02
8.653582632541656494e-02
-2.309380099177360535e-02
-1.070725321769714355e-01
1.313587278127670288e-01
-5.363175645470619202e-02
-3.060564696788787842e-01
-7.714191451668739319e-05
1.108656451106071472e-01
2.118287682533264160e-01
1.737397462129592896e-01
6.388004124164581299e-02
-9.805390611290931702e-03
-1.628539413213729858e-01
1.132118254899978638e-01
-1.752288490533828735e-01
-3.949310630559921265e-04
1.025550663471221924e-01
3.771183267235755920e-02
1.191096100956201553e-02
3.601506724953651428e-02
-1.396564543247222900e-01
5.999646335840225220e-02
1.305836588144302368e-01
-1.659613549709320068e-01
-4.298844933509826660e-02
8.645153790712356567e-02
-5.115839466452598572e-02
5.037030205130577087e-04
-1.753069013357162476e-01
2.984084486961364746e-01
1.005806699395179749e-01
-1.492470055818557739e-01
-2.060939818620681763e-01
1.229379475116729736e-01
-1.388754248619079590e-01
-1.031178832054138184e-01
6.591682136058807373e-02
-1.595507115125656128e-01
-1.815182417631149292e-01
-2.757274806499481201e-01
-7.765068113803863525e-02
3.867813050746917725e-01
1.128125265240669250e-01
-1.351954936981201172e-01
4.250678047537803650e-02
7.180604152381420135e-03
2.317116782069206238e-02
9.379642456769943237e-02
1.683189272880554199e-01
-2.085690572857856750e-02
1.419416163116693497e-02
-1.150267720222473145e-01
-2.496918477118015289e-02
2.222299724817276001e-01
-8.558347821235656738e-02
-5.072157457470893860e-02
1.910467743873596191e-01
-3.976129740476608276e-02
6.322940438985824585e-02
-1.149583607912063599e-02
1.598638482391834259e-02
-9.003051370382308960e-02
1.094446703791618347e-01
-1.773130446672439575e-01
-1.507874764502048492e-02
1.100800931453704834e-02
3.482366912066936493e-03
-1.738116517663002014e-02
1.111414209008216858e-01
-7.042450457811355591e-02
4.814898595213890076e-02
-2.960291132330894470e-02
5.017058178782463074e-02
6.829162128269672394e-03
4.941221699118614197e-02
-1.286831498146057129e-01
-1.042908430099487305e-01
9.261486679315567017e-02
-2.198297679424285889e-01
2.272781580686569214e-01
1.541103124618530273e-01
1.070345938205718994e-01
1.004103049635887146e-01
1.029808297753334045e-01
1.013474911451339722e-01
-2.919953688979148865e-02
-3.111413121223449707e-02
-2.317841798067092896e-01
-6.390806753188371658e-03
1.527636647224426270e-01
-5.788286775350570679e-02
1.395693123340606689e-01
7.494428660720586777e-03
