-1.100968867540359497e-01
3.765990212559700012e-02
3.484312817454338074e-02
-1.017484739422798157e-01
-1.136136353015899658e-01
-6.902585178613662720e-02
-1.295840293169021606e-01
-1.618566066026687622e-01
1.250776499509811401e-01
-2.426385879516601562e-01
1.874956637620925903e-01
-1.151188015937805176e-01
-1.602616757154464722e-01
-7.016744464635848999e-02
-6.853521615266799927e-02
2.433143556118011475e-01
-2.115323394536972046e-01
-2.097044438123703003e-01
-2.623813785612583160e-02
-2.661460079252719879e-02
9.436006098985671997e-02
2.469885908067226410e-02
-4.601113870739936829e-02
7.765574008226394653e-02
-1.222947314381599426e-01
-3.517826795578002930e-01
-1.000366136431694031e-01
-3.152274712920188904e-02
7.267699576914310455e-03
-7.610558718442916870e-02
-4.928077757358551025e-02
9.781513363122940063e-02
-2.454987168312072754e-01
1.973224990069866180e-02
-8.291946724057197571e-04
1.299677342176437378e-01
6.252902746200561523e-02
-5.099776387214660645e-02
8.075299113988876343e-02
-9.439599700272083282e-03
-3.441421687602996826e-01
4.386428371071815491e-02
1.270909309387207031e-01
1.933420002460479736e-01
1.523759812116622925e-01
-1.043526083230972290e-02
-4.693536832928657532e-02
-1.449388265609741211e-01
7.434583455324172974e-02
-1.736123561859130859e-01
-2.816328778862953186e-02
1.324003189802169800e-01
5.034666508436203003e-02
3.836899623274803162e-02
3.715705499053001404e-02
-1.167145967483520508e-01
5.069015175104141235e-02
1.014495864510536194e-01
-1.897121369838714600e-01
1.780425943434238434e-02
1.080548837780952454e-01
-1.261501759290695190e-01
1.746028289198875427e-02
-1.131516769528388977e-01
1.783052682876586914e-01
1.350727677345275879e-01
-5.358656495809555054e-02
-2.459921240806579590e-01
1.635282784700393677e-01
-2.115412354469299316e-01
-7.765752077102661133e-02
9.047161042690277100e-02
-7.043387740850448608e-02
-1.780882477760314941e-01
-2.986083030700683594e-01
-6.640872359275817871e-02
3.240052461624145508e-01
1.500742286443710327e-01
-1.489446014165878296e-01
1.378931105136871338e-01
2.631770446896553040e-02
-5.255502462387084961e-02
1.609607487916946411e-01
1.573813706636428833e-01
5.343003943562507629e-02
4.907827079296112061e-02
-6.237396597862243652e-02
4.528148099780082703e-02
2.565648853778839111e-01
-2.631454728543758392e-02
6.208982318639755249e-02
2.054576724767684937e-01
-4.636662453413009644e-02
2.330300956964492798e-02
1.782912202179431915e-02
2.114257961511611938e-02
-1.158828511834144592e-01
6.289594620466232300e-02
-1.349833905696868896e-01
1.220096461474895477e-02
-7.657171040773391724e-02
-2.854608930647373199e-02
-1.734406501054763794e-02
8.886346966028213501e-02
-9.059071540832519531e-02
1.017542928457260132e-01
-2.133374102413654327e-02
-2.549984864890575409e-02
-3.849254548549652100e-02
7.442590594291687012e-02
-2.792517654597759247e-02
-8.080676943063735962e-02
7.584791630506515503e-02
-2.101372182369232178e-01
2.254035472869873047e-01
1.738742589950561523e-01
5.571238324046134949e-02
1.169291734695434570e-01
8.617836982011795044e-02
1.299051642417907715e-01
-2.046076953411102295e-02
-6.961114704608917236e-02
-2.103080749511718750e-01
-2.617149241268634796e-02
7.612238079309463501e-02
-1.296157389879226685e-01
6.581457704305648804e-02
4.336163401603698730e-03
