-1.280495077371597290e-01
5.091419070959091187e-02
3.721823543310165405e-02
-6.502608954906463623e-02
-1.714975684881210327e-01
-6.287200748920440674e-02
-5.951150134205818176e-02
-8.679719269275665283e-02
1.229185461997985840e-01
-1.377728432416915894e-01
1.733140796422958374e-01
-4.779588431119918823e-02
-2.151171714067459106e-01
-2.845217101275920868e-02
-1.183365136384963989e-01
2.413138151168823242e-01
-1.253904998302459717e-01
-1.569059491157531738e-01
-2.569660358130931854e-02
7.920903153717517853e-03
4.480496048927307129e-02
3.610672801733016968e-02
4.489421844482421875e-02
3.627973422408103943e-02
-4.621444642543792725e-02
-3.588854074478149414e-01
-6.565067172050476074e-02
-1.018662899732589722e-01
-6.253629177808761597e-02
-1.968105696141719818e-02
-3.400265797972679138e-02
8.140322566032409668e-02
-1.742873042821884155e-01
-9.407712146639823914e-03
7.123134285211563110e-02
1.342336237430572510e-01
-4.869739525020122528e-03
-5.733556672930717468e-02
1.393866389989852905e-01
9.110877290368080139e-03
-2.971100211143493652e-01
-5.136694759130477905e-03
8.423272520303726196e-02
2.362162768840789795e-01
1.110162436962127686e-01
4.100495483726263046e-03
2.300891652703285217e-02
-1.251816600561141968e-01
9.047100692987442017e-02
-1.815407723188400269e-01
2.384982630610466003e-02
7.764443755149841309e-02
4.042673856019973755e-02
2.321190945804119110e-02
1.945459842681884766e-02
-1.086955815553665161e-01
1.179977282881736755e-01
1.205745339393615723e-01
-1.574907898902893066e-01
1.817465061321854591e-03
1.286917030811309814e-01
-1.051670387387275696e-01
-5.018431693315505981e-02
-7.258206605911254883e-02
2.741664350032806396e-01
1.237106323242187500e-01
-1.043132096529006958e-01
-1.832376718521118164e-01
1.148767098784446716e-01
-1.616691350936889648e-01
-8.401564508676528931e-02
5.307822674512863159e-02
-1.378473639488220215e-01
-1.531908661127090454e-01
-2.411225438117980957e-01
4.592753946781158447e-03
4.079433083534240723e-01
1.247965395450592041e-01
-1.290017962455749512e-01
7.591169327497482300e-02
8.986291475594043732e-03
2.223558537662029266e-02
1.235836967825889587e-01
1.837655901908874512e-01
-2.445831522345542908e-02
6.273661553859710693e-02
-8.740144968032836914e-02
-5.461970344185829163e-03
2.370893806219100952e-01
-7.009029388427734375e-02
-2.583052031695842743e-02
1.752411127090454102e-01
-3.921657055616378784e-02
7.212418317794799805e-02
2.505603432655334473e-02
-1.762780360877513885e-02
-5.736130475997924805e-02
3.870992362499237061e-02
-1.243103444576263428e-01
-1.335539482533931732e-02
2.088054642081260681e-02
-8.283849060535430908e-02
-3.287574276328086853e-02
6.291087716817855835e-02
-1.469397246837615967e-01
4.320960864424705505e-02
-6.894563883543014526e-02
1.064052712172269821e-02
1.190814748406410217e-02
1.613292656838893890e-02
-6.047454848885536194e-02
-4.860583692789077759e-02
9.556082636117935181e-02
-1.606103926897048950e-01
2.763931453227996826e-01
1.616575270891189575e-01
8.425077795982360840e-02
1.121990382671356201e-01
1.437616497278213501e-01
5.824002623558044434e-02
1.280724816024303436e-02
-3.359294682741165161e-02
-1.944585591554641724e-01
-3.971832990646362305e-02
1.331867277622222900e-01
-7.053923606872558594e-02
1.086507737636566162e-01
-1.244641561061143875e-02
