-1.094680428504943848e-01
2.142598107457160950e-02
3.458949178457260132e-02
-1.099793836474418640e-01
-1.234544068574905396e-01
-6.320405006408691406e-02
-2.274614199995994568e-02
-1.456518471240997314e-01
1.662555783987045288e-01
-1.606832742691040039e-01
3.071726262569427490e-01
-1.108836978673934937e-01
-1.740728169679641724e-01
-1.091614514589309692e-01
-2.452479675412178040e-02
2.106292992830276489e-01
-1.992255449295043945e-01
-1.524904370307922363e-01
-3.509007394313812256e-02
2.832138910889625549e-02
4.413800314068794250e-02
-7.018563151359558105e-02
3.080615401268005371e-02
5.291775241494178772e-02
-8.335240185260772705e-02
-4.053915143013000488e-01
-9.355262666940689087e-02
-4.844360053539276123e-02
-4.757318645715713501e-03
1.904305815696716309e-02
8.376143872737884521e-03
1.378373205661773682e-01
-2.477196007966995239e-01
-1.368377357721328735e-02
3.176838532090187073e-02
1.080886647105216980e-01
-5.179038643836975098e-02
-1.098616942763328552e-01
1.176839992403984070e-01
-4.755863547325134277e-02
-2.692979872226715088e-01
-6.768827140331268311e-02
1.043526679277420044e-01
1.727034598588943481e-01
1.466464698314666748e-01
-3.543357551097869873e-02
5.697313696146011353e-03
-1.047586649656295776e-01
1.177381202578544617e-01
-2.045889645814895630e-01
-1.413986086845397949e-02
1.113184019923210144e-01
3.062164038419723511e-02
4.693016782402992249e-02
1.326250843703746796e-02
-1.692194938659667969e-01
7.393580675125122070e-02
1.688933968544006348e-01
-2.055495530366897583e-01
-2.235493995249271393e-02
6.978061050176620483e-02
-8.576813340187072754e-02
-9.536281228065490723e-02
-1.458866000175476074e-01
2.408034354448318481e-01
2.226542234420776367e-01
-1.239294335246086121e-01
-2.641977965831756592e-01
1.429326087236404419e-01
-1.120831966400146484e-01
-1.459478586912155151e-02
5.950201302766799927e-02
-1.998998522758483887e-01
-2.133201062679290771e-01
-2.731231749057769775e-01
1.582833752036094666e-02
3.549334406852722168e-01
6.486470997333526611e-02
-8.429580181837081909e-02
5.947955697774887085e-02
-8.745939470827579498e-03
1.869277097284793854e-02
4.653739184141159058e-02
1.354893743991851807e-01
-1.434196066111326218e-02
1.877400465309619904e-02
-7.997035980224609375e-02
-7.228548638522624969e-03
1.645842194557189941e-01
-7.321327924728393555e-02
-1.173039083369076252e-03
2.011029720306396484e-01
-1.262102276086807251e-01
1.578534953296184540e-02
-9.724350646138191223e-03
-2.233647555112838745e-02
-9.317725896835327148e-02
1.180660277605056763e-01
-1.577389389276504517e-01
1.895401254296302795e-02
-1.828524284064769745e-02
-1.013351827859878540e-01
-1.415340136736631393e-02
6.701918691396713257e-02
-1.393497586250305176e-01
6.266544759273529053e-02
-2.747753448784351349e-02
5.590514093637466431e-02
3.832434862852096558e-02
-3.710100427269935608e-02
-8.314950764179229736e-02
-7.543173432350158691e-02
6.461322307586669922e-02
-2.330601364374160767e-01
2.709074318408966064e-01
1.397295445203781128e-01
1.383528411388397217e-01
1.670781970024108887e-01
1.301001906394958496e-01
1.006495207548141479e-01
1.157862786203622818e-02
4.343958571553230286e-03
-2.025931924581527710e-01
3.961827233433723450e-02
7.703542709350585938e-02
-5.590930581092834473e-02
-8.513575419783592224e-03
-2.618976682424545288e-02
