-1.628301143646240234e-01
8.957435190677642822e-02
1.007111519575119019e-01
-1.559977531433105469e-01
-1.640565544366836548e-01
-1.241309940814971924e-02
-8.783363550901412964e-02
-1.367853283882141113e-01
1.404223591089248657e-01
-1.646509468555450439e-01
3.144538700580596924e-01
-8.077681809663772583e-02
-2.301457822322845459e-01
-7.579818367958068848e-02
-5.566909909248352051e-02
2.047411501407623291e-01
-1.846397072076797485e-01
-1.176873967051506042e-01
-1.338249817490577698e-02
3.824136219918727875e-03
2.490395121276378632e-02
-1.309202797710895538e-02
5.579566955566406250e-02
1.377121917903423309e-02
-1.119965687394142151e-01
-4.232339262962341309e-01
-1.059285923838615417e-01
-5.132499337196350098e-02
-5.871225520968437195e-02
-1.423962041735649109e-02
-6.227803416550159454e-03
3.647009655833244324e-02
-2.066469937562942505e-01
-6.711443886160850525e-03
-3.796487115323543549e-03
8.659721910953521729e-02
-2.665181830525398254e-02
-8.042968809604644775e-02
1.268659383058547974e-01
-2.731060422956943512e-02
-2.421455085277557373e-01
-4.518482461571693420e-02
7.357846945524215698e-02
2.582047283649444580e-01
1.730079352855682373e-01
3.092160681262612343e-03
2.972721308469772339e-02
-1.069441288709640503e-01
1.157672330737113953e-01
-1.365582942962646484e-01
-4.603739827871322632e-03
1.107760220766067505e-01
5.986810848116874695e-02
-2.528541721403598785e-02
3.762839734554290771e-02
-4.664286971092224121e-02
5.469918251037597656e-02
1.620102077722549438e-01
-1.317888796329498291e-01
-3.296742588281631470e-02
1.090461611747741699e-01
-5.413434281945228577e-02
-4.569440335035324097e-02
-1.470925360918045044e-01
2.753576934337615967e-01
1.203587651252746582e-01
-1.517772972583770752e-01
-1.718797087669372559e-01
1.053940504789352417e-01
-1.021993830800056458e-01
-6.397452205419540405e-02
1.076654810458421707e-02
-2.200507968664169312e-01
-1.772603392601013184e-01
-3.151865005493164062e-01
-2.307282947003841400e-02
3.301023840904235840e-01
7.373670488595962524e-02
-1.635805070400238037e-01
7.624813355505466461e-03
-2.796056214720010757e-03
1.503537595272064209e-02
1.017686501145362854e-01
2.006423622369766235e-01
-1.042642910033464432e-02
3.710073232650756836e-02
-8.378802239894866943e-02
1.624268293380737305e-02
2.143259942531585693e-01
-1.063219383358955383e-01
1.700335927307605743e-02
2.458236366510391235e-01
-4.061066731810569763e-02
1.235350966453552246e-02
-1.739392429590225220e-02
1.049779914319515228e-02
-1.113702729344367981e-01
6.033001467585563660e-02
-1.212967485189437866e-01
3.394274413585662842e-02
1.232959143817424774e-02
-3.689817711710929871e-02
-9.931068867444992065e-03
1.160548329353332520e-01
-1.716133356094360352e-01
7.766616344451904297e-02
-2.743068709969520569e-02
5.593483150005340576e-02
4.002093523740768433e-02
-4.523832350969314575e-02
-4.139726608991622925e-02
-1.398592889308929443e-01
9.375844150781631470e-02
-1.827885359525680542e-01
1.289117783308029175e-01
1.843120604753494263e-01
5.094679817557334900e-02
1.119703650474548340e-01
1.180176287889480591e-01
6.734063476324081421e-02
-1.585204526782035828e-02
4.760277643799781799e-02
-1.813334226608276367e-01
1.229596324265003204e-03
5.788563564419746399e-02
-7.677321135997772217e-02
6.565268337726593018e-02
-2.162281982600688934e-02
