-9.660827368497848511e-02
9.151942282915115356e-02
8.092243224382400513e-03
-1.222224533557891846e-01
-1.054452285170555115e-01
-3.066887147724628448e-04
-4.627150669693946838e-02
-1.199531927704811096e-01
2.236126661300659180e-01
-1.662628799676895142e-01
2.711487114429473877e-01
-5.080228671431541443e-02
-1.863159388303756714e-01
-1.375866383314132690e-01
-4.305798187851905823e-02
1.918326020240783691e-01
-2.164896279573440552e-01
-1.470893323421478271e-01
2.652759850025177002e-02
3.573062270879745483e-02
4.954668879508972168e-02
-2.609816566109657288e-02
4.559539631009101868e-02
6.914830952882766724e-02
-1.224617511034011841e-01
-4.344384968280792236e-01
-8.392006158828735352e-02
-1.097183004021644592e-01
-4.708452150225639343e-02
-3.263577073812484741e-02
-5.232404172420501709e-02
8.288787305355072021e-02
-2.245382070541381836e-01
-3.694774955511093140e-02
-2.853021025657653809e-02
8.688589930534362793e-02
-4.049855843186378479e-02
-4.670000448822975159e-02
1.931226104497909546e-01
3.248336911201477051e-02
-2.398167550563812256e-01
-9.053431451320648193e-03
5.623327195644378662e-02
2.726312577724456787e-01
1.446603238582611084e-01
1.406443305313587189e-02
5.271202325820922852e-02
-1.306099742650985718e-01
1.452433764934539795e-01
-1.521052718162536621e-01
1.071795262396335602e-02
1.198744177818298340e-01
1.036960855126380920e-01
6.367974914610385895e-03
3.705693408846855164e-02
-1.156928241252899170e-01
4.033286869525909424e-02
9.875520318746566772e-02
-1.589211821556091309e-01
-1.073304284363985062e-02
6.131159886717796326e-02
-3.576961159706115723e-02
-3.128308430314064026e-02
-1.107535436749458313e-01
2.843683958053588867e-01
1.098947003483772278e-01
-7.935699075460433960e-02
-1.618421971797943115e-01
1.338182240724563599e-01
-1.133712381124496460e-01
-8.307956159114837646e-02
3.774020075798034668e-02
-1.737302094697952271e-01
-2.193561047315597534e-01
-3.070037066936492920e-01
2.418601885437965393e-02
3.252870738506317139e-01
1.237731501460075378e-01
-1.229575648903846741e-01
7.125449180603027344e-02
-1.925683207809925079e-02
-2.254711464047431946e-02
1.199609860777854919e-01
1.760301440954208374e-01
-3.551247343420982361e-02
5.966171622276306152e-02
-5.950107425451278687e-02
3.800806403160095215e-02
2.114832997322082520e-01
-8.503600955009460449e-02
3.813050221651792526e-03
1.953517645597457886e-01
-3.534432500600814819e-02
6.434127688407897949e-02
-1.887512579560279846e-02
-4.900892823934555054e-02
-7.303984463214874268e-02
1.480743885040283203e-01
-1.421803534030914307e-01
6.534419953823089600e-02
2.617137506604194641e-02
-4.283524304628372192e-02
1.443136390298604965e-02
8.630476146936416626e-02
-2.184113711118698120e-01
3.496345132589340210e-02
-9.996364824473857880e-03
-2.908474951982498169e-02
2.982252463698387146e-02
7.780431769788265228e-03
-1.078119054436683655e-01
-1.045097112655639648e-01
8.405747264623641968e-02
-2.579263448715209961e-01
2.078927308320999146e-01
1.782223135232925415e-01
6.305634230375289917e-02
1.646242439746856689e-01
1.142445057630538940e-01
7.554445415735244751e-02
2.645561471581459045e-04
-7.149212062358856201e-03
-2.141517698764801025e-01
1.687469705939292908e-02
1.416140645742416382e-01
-2.559284120798110962e-02
7.456377148628234863e-02
-1.515097264200448990e-02
