-8.183438330888748169e-02
1.471844315528869629e-01
3.721444308757781982e-02
-1.427357941865921021e-01
-1.294436603784561157e-01
-7.347217202186584473e-02
-6.621909886598587036e-02
-1.526199579238891602e-01
2.083181589841842651e-01
-1.471641808748245239e-01
3.032053709030151367e-01
-2.967163175344467163e-02
-2.014848887920379639e-01
-1.040090173482894897e-01
-8.084778487682342529e-02
2.383890300989151001e-01
-2.236530333757400513e-01
-1.599743813276290894e-01
-3.343540430068969727e-02
2.990102395415306091e-03
7.505791634321212769e-02
-4.666637163609266281e-03
1.679321937263011932e-02
5.100896954536437988e-02
-1.095505207777023315e-01
-3.455437719821929932e-01
-9.439165890216827393e-02
-1.021645888686180115e-01
-3.146077319979667664e-02
-7.962843030691146851e-02
-2.321515977382659912e-02
3.135295584797859192e-02
-2.133539617061614990e-01
-3.551612794399261475e-02
2.971795573830604553e-02
1.027547419071197510e-01
-7.377339154481887817e-02
-6.333691626787185669e-02
1.236013397574424744e-01
-1.245571859180927277e-02
-2.452738434076309204e-01
-4.713099449872970581e-02
9.761398285627365112e-02
2.191828042268753052e-01
1.697010248899459839e-01
-2.971734665334224701e-02
3.776673600077629089e-02
-1.432554870843887329e-01
1.161703243851661682e-01
-1.482697129249572754e-01
-1.569650694727897644e-02
9.125850349664688110e-02
1.209129393100738525e-01
8.868858963251113892e-02
2.625021897256374359e-02
-1.190157830715179443e-01
2.423270791769027710e-02
1.549322903156280518e-01
-1.795491427183151245e-01
-3.828142583370208740e-02
9.785976260900497437e-02
-8.530585467815399170e-02
-1.340711116790771484e-01
-9.895496815443038940e-02
3.034788668155670166e-01
1.513661742210388184e-01
-1.775826215744018555e-01
-2.022115439176559448e-01
1.443937718868255615e-01
-1.127314344048500061e-01
-1.139778941869735718e-01
4.664313048124313354e-02
-1.543848216533660889e-01
-1.563730090856552124e-01
-2.779889106750488281e-01
-1.556891575455665588e-02
3.776028752326965332e-01
5.019683018326759338e-02
-1.504487842321395874e-01
3.701851516962051392e-02
-5.672093853354454041e-02
8.380686864256858826e-03
9.593791328370571136e-03
1.317549198865890503e-01
-4.149711132049560547e-02
9.742239862680435181e-02
-7.492830604314804077e-02
4.771701991558074951e-02
1.792128682136535645e-01
-1.249499320983886719e-01
2.118762582540512085e-02
1.804469972848892212e-01
-7.418097555637359619e-02
9.534711390733718872e-02
-2.527759410440921783e-02
4.425471182912588120e-03
-9.599312394857406616e-02
8.186056464910507202e-02
-1.297364979982376099e-01
-1.240978762507438660e-02
2.237477526068687439e-02
-3.961204737424850464e-02
-2.357712760567665100e-02
7.347382605075836182e-02
-1.155106052756309509e-01
9.196207672357559204e-02
3.056824579834938049e-02
3.062259778380393982e-02
4.570343997329473495e-03
1.105497311800718307e-02
-8.690155297517776489e-02
-1.157768294215202332e-01
1.017410978674888611e-01
-2.240803241729736328e-01
2.790857255458831787e-01
1.531043648719787598e-01
5.668187141418457031e-02
1.054095923900604248e-01
1.168678030371665955e-01
6.430779397487640381e-02
-6.243928335607051849e-03
-4.450888559222221375e-02
-1.876176148653030396e-01
-1.436327351257205009e-03
1.059568002820014954e-01
-5.980126187205314636e-02
7.594530284404754639e-02
-4.976860061287879944e-02
