-1.149603500962257385e-01
3.071038797497749329e-02
5.073384940624237061e-02
-1.556189805269241333e-01
-1.642022132873535156e-01
-4.592983424663543701e-02
-1.098003610968589783e-01
-8.875717967748641968e-02
1.595365554094314575e-01
-1.791198849678039551e-01
1.765275001525878906e-01
-3.888401016592979431e-02
-1.868933290243148804e-01
-1.482761465013027191e-03
-1.107410434633493423e-02
2.189573943614959717e-01
-2.044012248516082764e-01
-1.770438849925994873e-01
-3.840959072113037109e-02
1.206957176327705383e-02
3.777109086513519287e-02
7.405862957239151001e-02
2.061389759182929993e-02
1.060808598995208740e-01
-1.266698241233825684e-01
-4.175956845283508301e-01
-1.058045551180839539e-01
-3.507436811923980713e-02
-1.451857108622789383e-02
-2.432678081095218658e-02
-1.582588069140911102e-03
1.014931872487068176e-02
-2.144224196672439575e-01
-7.693320512771606445e-03
1.778268814086914062e-02
1.106848120689392090e-01
-9.135117754340171814e-03
-1.307785660028457642e-01
1.540157794952392578e-01
4.085417836904525757e-02
-3.333429992198944092e-01
4.595026373863220215e-02
8.386834710836410522e-02
2.154992669820785522e-01
1.298952251672744751e-01
2.813916839659214020e-02
3.770025074481964111e-02
-9.728623181581497192e-02
1.223022267222404480e-01
-2.410402745008468628e-01
7.850624620914459229e-03
1.143503636121749878e-01
-1.220912113785743713e-02
6.806990131735801697e-03
5.103916302323341370e-02
-9.676772356033325195e-02
1.059131920337677002e-01
1.413051337003707886e-01
-2.608669996261596680e-01
-3.667842596769332886e-02
9.149987250566482544e-02
-5.779565125703811646e-02
5.092089623212814331e-02
-9.515820443630218506e-02
2.406127303838729858e-01
1.374550163745880127e-01
-7.726642489433288574e-02
-2.089564949274063110e-01
1.272699534893035889e-01
-1.944471895694732666e-01
-9.202837198972702026e-02
6.426079571247100830e-02
-1.036940738558769226e-01
-1.592321097850799561e-01
-3.257968425750732422e-01
-3.734613955020904541e-02
3.608701527118682861e-01
1.531058698892593384e-01
-1.004267558455467224e-01
1.166687980294227600e-01
-3.546909661963582039e-03
-3.484323993325233459e-02
8.661538362503051758e-02
1.508302241563796997e-01
2.074229530990123749e-02
5.182233825325965881e-02
-9.261433780193328857e-02
3.917518630623817444e-02
2.415186166763305664e-01
1.587718725204467773e-05
3.849389404058456421e-02
2.355811595916748047e-01
4.065887257456779480e-02
3.925891593098640442e-02
4.859145730733871460e-02
7.490577548742294312e-02
-1.586245745420455933e-01
1.974858716130256653e-02
-1.132663935422897339e-01
4.358956590294837952e-02
-2.736864052712917328e-02
5.191607773303985596e-02
1.870609447360038757e-02
1.151740923523902893e-01
-1.655237376689910889e-01
1.909288018941879272e-01
-6.587424129247665405e-02
-6.867332756519317627e-02
-4.381439089775085449e-02
4.620635882019996643e-02
-1.534824073314666748e-02
-8.042044192552566528e-02
5.716820806264877319e-02
-2.206318825483322144e-01
1.514541953802108765e-01
1.631637513637542725e-01
4.977418482303619385e-02
1.478599309921264648e-01
4.910518229007720947e-02
4.788398742675781250e-02
-7.087506353855133057e-02
-7.812022231519222260e-03
-2.316246330738067627e-01
-6.425619870424270630e-02
5.557633936405181885e-02
-1.006744503974914551e-01
1.184165328741073608e-01
5.236415192484855652e-02
