-7.443279027938842773e-02
9.774006903171539307e-02
1.023410353809595108e-03
-1.400997787714004517e-01
-1.185137927532196045e-01
-2.660437487065792084e-02
-8.877884596586227417e-02
-1.554270088672637939e-01
1.747373342514038086e-01
-1.456111818552017212e-01
1.799379885196685791e-01
-4.433909431099891663e-02
-1.323963552713394165e-01
-1.063766479492187500e-01
-5.211807414889335632e-02
1.803811490535736084e-01
-1.852454245090484619e-01
-1.771966516971588135e-01
3.135646134614944458e-02
-2.940343692898750305e-04
7.256758213043212891e-02
-1.835484616458415985e-02
8.089613169431686401e-03
1.826935075223445892e-02
-1.416669189929962158e-01
-3.414174318313598633e-01
-1.234164461493492126e-01
-1.061027422547340393e-01
4.218162596225738525e-02
-3.034083358943462372e-02
-4.866636171936988831e-02
1.089081075042486191e-02
-2.321919947862625122e-01
-4.492110386490821838e-02
3.147773072123527527e-02
7.605551928281784058e-02
1.534576434642076492e-02
-4.070885479450225830e-02
1.429949551820755005e-01
5.485798045992851257e-02
-2.433749735355377197e-01
-2.972985804080963135e-02
5.425282195210456848e-02
1.888870596885681152e-01
1.440172493457794189e-01
6.211176142096519470e-02
5.147156491875648499e-02
-1.411435604095458984e-01
1.035572886466979980e-01
-1.047468855977058411e-01
7.447927445173263550e-02
9.425795078277587891e-02
5.356110259890556335e-02
4.918070137500762939e-02
-4.152323119342327118e-03
-1.137630715966224670e-01
7.782886177301406860e-02
7.249786704778671265e-02
-2.122443020343780518e-01
5.365906655788421631e-02
1.605768054723739624e-01
-3.119766525924205780e-02
-7.718133181333541870e-02
-3.976937010884284973e-02
2.453161031007766724e-01
1.205368116497993469e-01
-9.695110470056533813e-02
-2.163041383028030396e-01
1.618026196956634521e-01
-1.559879034757614136e-01
-9.506458044052124023e-02
3.705898672342300415e-02
-1.134556606411933899e-01
-1.468872278928756714e-01
-3.001798689365386963e-01
-1.660614088177680969e-02
3.862213194370269775e-01
1.622879207134246826e-01
-1.456982642412185669e-01
1.457209698855876923e-02
-2.613441646099090576e-02
-1.121295616030693054e-02
1.524849981069564819e-01
1.328866630792617798e-01
-4.071204364299774170e-02
8.192099630832672119e-02
-3.807295113801956177e-02
1.487918850034475327e-02
2.252168059349060059e-01
-1.437397580593824387e-02
-4.700155928730964661e-02
1.928172558546066284e-01
-5.372491851449012756e-02
1.071859076619148254e-01
-1.265568938106298447e-02
5.571503937244415283e-02
-7.706622034311294556e-02
6.717413663864135742e-02
-8.824300765991210938e-02
-1.909703016281127930e-02
6.219716370105743408e-02
-2.284154295921325684e-02
9.387752041220664978e-03
1.727818399667739868e-01
-1.533538252115249634e-01
1.356059759855270386e-01
-3.738827630877494812e-02
1.234101969748735428e-02
-3.288020193576812744e-02
4.032514244318008423e-02
-8.764870464801788330e-02
-6.642744690179824829e-02
1.035668775439262390e-01
-1.770808100700378418e-01
2.203596681356430054e-01
1.940521597862243652e-01
6.586584448814392090e-02
8.131767809391021729e-02
1.427555233240127563e-01
5.136519670486450195e-02
2.460622787475585938e-02
-5.552128702402114868e-02
-2.299857884645462036e-01
-4.678870365023612976e-02
5.285709351301193237e-02
-8.419537544250488281e-02
1.286703050136566162e-01
2.150673232972621918e-02
