-1.088620349764823914e-01
5.973860621452331543e-02
-1.356965769082307816e-02
-1.199014186859130859e-01
-1.221926435828208923e-01
3.219552338123321533e-03
-3.974547237157821655e-02
-1.683123111724853516e-01
2.200212776660919189e-01
-1.615850478410720825e-01
2.558854818344116211e-01
-8.156301826238632202e-02
-2.178214192390441895e-01
-1.016436666250228882e-01
-6.475973129272460938e-02
2.174400687217712402e-01
-2.183035910129547119e-01
-1.339606791734695435e-01
-3.263101726770401001e-02
3.780175000429153442e-02
7.155739516019821167e-02
-2.401217445731163025e-02
5.744257196784019470e-02
8.255495131015777588e-02
-1.514918059110641479e-01
-3.894636034965515137e-01
-1.006258055567741394e-01
-8.401572704315185547e-02
-5.148828029632568359e-02
-5.562106519937515259e-02
-3.595952689647674561e-02
4.956435039639472961e-02
-2.102639377117156982e-01
-3.818285465240478516e-02
5.493096075952053070e-03
1.085422486066818237e-01
-4.758636001497507095e-03
-7.849761843681335449e-02
1.285604238510131836e-01
-1.557226944714784622e-02
-2.753830850124359131e-01
-2.725020796060562134e-02
8.918468654155731201e-02
2.155137658119201660e-01
1.412385106086730957e-01
-1.324056647717952728e-02
2.436912432312965393e-02
-1.621909737586975098e-01
1.321460008621215820e-01
-1.643674224615097046e-01
9.912205860018730164e-03
9.565571695566177368e-02
3.481935709714889526e-02
1.305620465427637100e-02
2.115430682897567749e-02
-7.258005440235137939e-02
3.216373920440673828e-02
1.624662429094314575e-01
-1.296733617782592773e-01
2.936772070825099945e-03
1.446563601493835449e-01
-3.126870840787887573e-02
-6.684204936027526855e-02
-1.049730703234672546e-01
2.092336714267730713e-01
1.404809802770614624e-01
-1.150925904512405396e-01
-2.070102244615554810e-01
1.038316339254379272e-01
-1.182941347360610962e-01
-7.152754068374633789e-02
4.283344000577926636e-02
-1.769436001777648926e-01
-2.139850705862045288e-01
-2.745252549648284912e-01
-3.469574451446533203e-02
3.868426680564880371e-01
7.730218768119812012e-02
-1.215342283248901367e-01
3.177710250020027161e-02
-4.332137480378150940e-02
2.008317410945892334e-02
1.316964328289031982e-01
1.493678689002990723e-01
3.939457982778549194e-02
3.042878210544586182e-02
-7.455646246671676636e-02
8.281448483467102051e-02
2.272177785634994507e-01
-9.488001465797424316e-02
3.154169395565986633e-02
2.246090024709701538e-01
-5.000868439674377441e-02
4.285921901464462280e-02
-2.668607607483863831e-02
2.979199774563312531e-02
-9.007403999567031860e-02
1.495429128408432007e-01
-1.189906522631645203e-01
5.588304996490478516e-02
6.082928925752639771e-02
6.189447827637195587e-03
3.364263847470283508e-02
6.689745932817459106e-02
-1.427194923162460327e-01
7.969339936971664429e-02
1.154521014541387558e-02
3.744654729962348938e-02
9.806988388299942017e-02
-1.604533195495605469e-02
-1.014730855822563171e-01
-9.403479844331741333e-02
1.100160852074623108e-01
-2.163539081811904907e-01
2.108660042285919189e-01
1.493345797061920166e-01
5.849879980087280273e-02
9.392067044973373413e-02
8.900892734527587891e-02
9.654255211353302002e-02
2.054231055080890656e-02
8.552260696887969971e-04
-2.298653721809387207e-01
3.364745527505874634e-02
1.011799797415733337e-01
-7.045001536607742310e-02
5.060702189803123474e-02
-5.138944461941719055e-02
