-1.177398860454559326e-01
9.065085649490356445e-02
-5.695418454706668854e-03
-1.172937899827957153e-01
-9.233257919549942017e-02
-3.115854039788246155e-02
-7.356928288936614990e-02
-1.522071063518524170e-01
2.047764062881469727e-01
-1.525427699089050293e-01
3.005358874797821045e-01
-2.299192920327186584e-02
-2.266176640987396240e-01
-1.407731920480728149e-01
-1.256328262388706207e-02
2.121929824352264404e-01
-1.902171224355697632e-01
-1.412019878625869751e-01
-9.931633248925209045e-04
-1.473470404744148254e-02
7.939181476831436157e-02
7.354636676609516144e-03
3.203923255205154419e-02
6.844089180231094360e-02
-1.096327155828475952e-01
-3.400549292564392090e-01
-1.227941215038299561e-01
-1.092329248785972595e-01
2.557398378849029541e-02
-5.535725131630897522e-02
1.775183249264955521e-03
7.094009965658187866e-02
-2.176947146654129028e-01
-1.353576406836509705e-02
2.094626054167747498e-02
1.210778877139091492e-01
-4.547950252890586853e-02
-7.959303259849548340e-02
1.310470849275588989e-01
-1.927537098526954651e-02
-2.296130657196044922e-01
-1.070632785558700562e-01
1.904384046792984009e-02
1.976299434900283813e-01
1.515076160430908203e-01
-1.629181089811027050e-03
1.298972032964229584e-02
-1.140245869755744934e-01
1.099839732050895691e-01
-1.898816823959350586e-01
-3.272984921932220459e-02
1.276352703571319580e-01
6.428430974483489990e-02
2.523337863385677338e-02
3.561331331729888916e-02
-1.259465366601943970e-01
8.240820467472076416e-02
1.703389436006546021e-01
-2.376193553209304810e-01
-5.194378644227981567e-02
4.565453529357910156e-02
-8.358044177293777466e-02
-6.596012413501739502e-02
-6.161282584071159363e-02
2.444653213024139404e-01
1.517951935529708862e-01
-1.336418390274047852e-01
-1.416115313768386841e-01
1.826799958944320679e-01
-1.276932507753372192e-01
-3.830996900796890259e-02
8.991602063179016113e-02
-1.541021764278411865e-01
-2.333000153303146362e-01
-2.658638954162597656e-01
-2.908226288855075836e-02
4.021825790405273438e-01
8.887055516242980957e-02
-1.063761115074157715e-01
6.273555755615234375e-02
6.343676708638668060e-03
-1.272389106452465057e-02
9.081254154443740845e-02
1.029498726129531860e-01
-6.026288866996765137e-02
1.671523973345756531e-02
-9.021940082311630249e-02
4.692028835415840149e-02
1.954389661550521851e-01
-7.329207658767700195e-02
5.161278694868087769e-02
2.218858003616333008e-01
-8.488434553146362305e-02
7.598689943552017212e-02
6.585548166185617447e-03
3.684565052390098572e-02
-2.870443835854530334e-02
6.429747492074966431e-02
-8.261672407388687134e-02
2.131029590964317322e-02
2.900088950991630554e-02
-8.705805242061614990e-02
-8.544195443391799927e-03
8.149904012680053711e-02
-1.379963010549545288e-01
7.598146051168441772e-02
2.458664029836654663e-02
1.653707958757877350e-02
-3.734901547431945801e-04
-4.216319322586059570e-02
-7.666945457458496094e-02
-6.204917654395103455e-02
1.198123842477798462e-01
-2.322607338428497314e-01
2.368244081735610962e-01
1.655885130167007446e-01
-4.111020825803279877e-04
1.434007734060287476e-01
7.271634042263031006e-02
9.380812942981719971e-02
-3.676220402121543884e-02
-1.265156418085098267e-01
-2.268280535936355591e-01
-2.101233974099159241e-02
1.013954654335975647e-01
-8.044946938753128052e-02
3.887622803449630737e-02
-6.199093163013458252e-02
