-8.875495940446853638e-02
9.392252564430236816e-02
1.228665001690387726e-02
-9.130101650953292847e-02
-1.641942560672760010e-01
9.583521634340286255e-03
-1.259807348251342773e-01
-1.099433526396751404e-01
2.197923511266708374e-01
-1.433388292789459229e-01
2.065308988094329834e-01
-3.293514251708984375e-02
-2.342922240495681763e-01
-6.584898382425308228e-02
-6.949608027935028076e-02
1.997917741537094116e-01
-2.072853446006774902e-01
-1.798512637615203857e-01
1.130956690758466721e-02
3.555065393447875977e-02
6.111263483762741089e-02
5.997855681926012039e-03
8.753551542758941650e-02
1.452719978988170624e-02
-7.710874080657958984e-02
-4.755748510360717773e-01
-7.984349131584167480e-02
-7.319171726703643799e-02
5.769557319581508636e-03
-3.077215887606143951e-02
-8.715902268886566162e-02
-3.897943720221519470e-02
-1.804596334695816040e-01
-2.876873873174190521e-02
3.796438872814178467e-02
1.366811990737915039e-01
-5.240385234355926514e-02
-7.157257199287414551e-02
1.723232120275497437e-01
1.300155278295278549e-02
-3.204776644706726074e-01
2.589090354740619659e-02
4.789294674992561340e-02
2.100571841001510620e-01
1.949599832296371460e-01
6.756424158811569214e-02
1.781695149838924408e-02
-1.844997853040695190e-01
1.596105992794036865e-01
-1.558953225612640381e-01
1.633693650364875793e-02
1.459506601095199585e-01
1.281099021434783936e-01
-9.185050614178180695e-03
3.281027823686599731e-02
-9.441725909709930420e-02
1.568048261106014252e-02
1.699365228414535522e-01
-1.891692280769348145e-01
-1.939042285084724426e-02
1.057180985808372498e-01
-2.426074072718620300e-02
2.021216787397861481e-02
-1.116103455424308777e-01
2.566862106323242188e-01
1.114700287580490112e-01
-1.295848339796066284e-01
-1.987385302782058716e-01
1.206650808453559875e-01
-1.755272746086120605e-01
-8.522456884384155273e-02
6.038151308894157410e-02
-1.164321601390838623e-01
-2.309046238660812378e-01
-2.745881676673889160e-01
-3.729439526796340942e-02
3.766945302486419678e-01
1.026268228888511658e-01
-1.424835324287414551e-01
-8.296735584735870361e-03
-2.839684719219803810e-03
-1.621381938457489014e-02
9.176405519247055054e-02
1.537016928195953369e-01
-5.396190285682678223e-02
2.582192793488502502e-02
-1.271474659442901611e-01
-6.108611822128295898e-02
2.709072828292846680e-01
-9.568682312965393066e-02
8.033622056245803833e-03
1.876606047153472900e-01
-1.626641862094402313e-02
1.442038267850875854e-01
-3.653257153928279877e-04
6.313344091176986694e-02
-1.402924060821533203e-01
1.122034862637519836e-01
-1.729226708412170410e-01
-6.105329375714063644e-03
-4.129711166024208069e-02
-5.162038281559944153e-02
9.102702140808105469e-03
6.819058209657669067e-02
-1.492830514907836914e-01
7.621375471353530884e-02
-3.365292772650718689e-02
-1.466825418174266815e-02
1.224140077829360962e-02
1.254627015441656113e-02
-7.980743050575256348e-02
-1.197387427091598511e-01
1.291662454605102539e-01
-2.356965988874435425e-01
2.232896089553833008e-01
2.162294089794158936e-01
1.136004477739334106e-01
1.553516387939453125e-01
1.330602169036865234e-01
5.518612638115882874e-02
-8.390876464545726776e-03
-2.325454726815223694e-02
-2.173322588205337524e-01
-3.021173365414142609e-02
3.995151817798614502e-02
-6.540877372026443481e-02
8.832384645938873291e-02
1.553570851683616638e-03
