-7.164528220891952515e-02
-5.963575094938278198e-04
-2.597190998494625092e-02
-1.485186070203781128e-01
-1.700516492128372192e-01
-1.925463788211345673e-02
-4.919307678937911987e-02
-1.065186113119125366e-01
1.785760223865509033e-01
-1.897666603326797485e-01
1.854705661535263062e-01
-8.043619245290756226e-02
-2.289163768291473389e-01
-2.990715764462947845e-02
-8.676312118768692017e-02
2.019701749086380005e-01
-2.221282273530960083e-01
-2.067917585372924805e-01
-3.172413259744644165e-02
6.156704388558864594e-03
7.892964035272598267e-02
1.314540114253759384e-02
-1.941587030887603760e-02
5.635914951562881470e-02
-1.343921869993209839e-01
-3.957299590110778809e-01
-1.122153028845787048e-01
-7.557843625545501709e-02
-9.262173622846603394e-02
-1.754374057054519653e-02
-2.511759288609027863e-03
7.080315798521041870e-02
-1.985403895378112793e-01
-1.703890785574913025e-02
5.843160673975944519e-02
5.639651417732238770e-02
-3.630756167694926262e-03
-9.951604902744293213e-02
1.200267449021339417e-01
-1.222370937466621399e-02
-2.939792275428771973e-01
3.879748657345771790e-02
1.219027042388916016e-01
2.035429477691650391e-01
1.187332123517990112e-01
1.707675680518150330e-02
-5.383249372243881226e-03
-1.406418234109878540e-01
1.246214732527732849e-01
-1.703766137361526489e-01
-2.315847203135490417e-02
1.280537545680999756e-01
3.815039247274398804e-02
5.222838744521141052e-02
1.343281939625740051e-02
-8.744511753320693970e-02
6.737531721591949463e-02
1.116014420986175537e-01
-1.381276100873947144e-01
-2.808333188295364380e-02
8.697775006294250488e-02
-7.523416727781295776e-02
-1.855995133519172668e-02
-1.295623034238815308e-01
2.440249025821685791e-01
5.839065834879875183e-02
-1.262631416320800781e-01
-2.121544182300567627e-01
1.112710982561111450e-01
-1.497317254543304443e-01
-1.020223572850227356e-01
4.932500049471855164e-02
-1.882247924804687500e-01
-2.020576298236846924e-01
-2.633064985275268555e-01
1.296719536185264587e-03
3.631234467029571533e-01
1.391338557004928589e-01
-1.007212847471237183e-01
9.862028807401657104e-02
-2.386439777910709381e-02
5.145528912544250488e-02
9.295043349266052246e-02
1.572467982769012451e-01
2.133239991962909698e-02
7.301262766122817993e-02
-6.635316461324691772e-02
6.015558540821075439e-02
2.509816288948059082e-01
-9.312026202678680420e-02
-3.615936264395713806e-02
2.277785390615463257e-01
-3.439738601446151733e-02
9.210872650146484375e-02
1.875120773911476135e-02
7.261677645146846771e-03
-6.932972371578216553e-02
5.839324742555618286e-02
-1.389582306146621704e-01
4.601083695888519287e-02
4.952894523739814758e-02
3.115185350179672241e-02
4.467809572815895081e-03
1.004916206002235413e-01
-8.663490414619445801e-02
5.822917819023132324e-02
-5.013688653707504272e-02
1.325534190982580185e-02
-1.056050229817628860e-02
3.333514556288719177e-02
-8.283939212560653687e-02
-1.022775098681449890e-01
6.434202194213867188e-02
-2.234273999929428101e-01
2.080613821744918823e-01
1.589375883340835571e-01
1.126986071467399597e-01
1.076186448335647583e-01
1.057716906070709229e-01
1.223451178520917892e-02
-1.921743713319301605e-02
-2.765369042754173279e-02
-2.307126969099044800e-01
-1.737132109701633453e-02
1.419423818588256836e-01
-1.701450347900390625e-02
1.002028137445449829e-01
-3.075529634952545166e-02
