-1.399096101522445679e-01
1.344034224748611450e-01
4.095452651381492615e-02
-1.106086149811744690e-01
-1.017816588282585144e-01
-7.588169723749160767e-02
-1.026455685496330261e-01
-1.952992081642150879e-01
1.621256023645401001e-01
-1.784837394952774048e-01
2.503900825977325439e-01
-8.677483350038528442e-02
-1.829253882169723511e-01
-1.551965624094009399e-01
-3.017128445208072662e-02
2.501202225685119629e-01
-2.307489365339279175e-01
-1.813800483942031860e-01
-5.507804453372955322e-02
-1.138292998075485229e-02
4.496768862009048462e-02
-4.446807131171226501e-02
4.134391993284225464e-02
6.999269127845764160e-02
-1.072522550821304321e-01
-4.158084690570831299e-01
-1.023524999618530273e-01
-3.745043277740478516e-02
3.552132099866867065e-02
2.903857734054327011e-03
-5.624323338270187378e-02
1.422021538019180298e-03
-2.360725700855255127e-01
-3.336519375443458557e-02
6.829386577010154724e-03
8.606071025133132935e-02
3.703195229172706604e-02
-9.631305932998657227e-02
1.385511606931686401e-01
-2.717211842536926270e-02
-2.744596302509307861e-01
-1.778888702392578125e-02
8.605686575174331665e-02
1.911091059446334839e-01
1.488802284002304077e-01
-1.425007544457912445e-02
3.770433738827705383e-02
-1.169899627566337585e-01
1.680469512939453125e-01
-1.237229034304618835e-01
-1.314864493906497955e-02
1.188534125685691833e-01
5.656790360808372498e-02
2.185512706637382507e-02
4.620061069726943970e-02
-1.029555574059486389e-01
6.055172905325889587e-02
1.599655151367187500e-01
-1.911785453557968140e-01
-5.631025880575180054e-02
8.226721733808517456e-02
-3.644800558686256409e-02
-6.533846259117126465e-02
-1.238058730959892273e-01
2.101340293884277344e-01
1.370730549097061157e-01
-1.021042615175247192e-01
-2.268437892198562622e-01
1.312153339385986328e-01
-1.427495628595352173e-01
-2.387885749340057373e-02
2.145213074982166290e-02
-1.335785686969757080e-01
-1.613097637891769409e-01
-3.360669016838073730e-01
-2.504462562501430511e-02
3.385163843631744385e-01
1.201615035533905029e-01
-1.536346822977066040e-01
5.680339783430099487e-02
1.027105376124382019e-02
-3.808699175715446472e-02
8.175778388977050781e-02
1.420759260654449463e-01
-4.633648321032524109e-02
1.046891063451766968e-01
-8.343397080898284912e-02
1.248339656740427017e-02
1.985450536012649536e-01
-2.434822730720043182e-02
4.398042336106300354e-02
2.430697083473205566e-01
-2.602180838584899902e-02
5.123445764183998108e-02
1.550412271171808243e-03
1.538066100329160690e-02
-1.313707530498504639e-01
5.392323806881904602e-02
-1.158587113022804260e-01
3.497679904103279114e-02
1.293823029845952988e-02
-3.673373162746429443e-02
-6.255759391933679581e-03
5.989544466137886047e-02
-1.593342870473861694e-01
1.036096438765525818e-01
-7.157236337661743164e-03
4.047562554478645325e-02
-2.964202687144279480e-02
2.747735753655433655e-02
-5.650938302278518677e-02
-1.057686358690261841e-01
6.940280646085739136e-02
-1.837848126888275146e-01
1.736064851284027100e-01
1.940461695194244385e-01
7.612331211566925049e-02
1.276969611644744873e-01
1.053449511528015137e-01
6.467792391777038574e-02
-1.912886276841163635e-02
2.509273588657379150e-03
-1.526544541120529175e-01
-4.049414396286010742e-02
7.794444262981414795e-02
-1.254365593194961548e-01
7.524959743022918701e-02
4.106473177671432495e-03
