-1.056752279400825500e-01
6.496307253837585449e-02
3.717868402600288391e-02
-8.890779316425323486e-02
-1.534304022789001465e-01
-7.387252897024154663e-02
-5.095326900482177734e-02
-1.168579608201980591e-01
1.223924234509468079e-01
-8.823207765817642212e-02
2.497987896203994751e-01
-8.463416993618011475e-02
-2.105575352907180786e-01
-8.149210363626480103e-02
-6.179639324545860291e-02
2.472280561923980713e-01
-2.271838635206222534e-01
-1.666496694087982178e-01
7.541356608271598816e-04
1.978028938174247742e-02
1.074154078960418701e-01
-4.154050722718238831e-02
-5.090749356895685196e-03
5.215591192245483398e-02
-1.417893171310424805e-01
-3.939807415008544922e-01
-9.115838259458541870e-02
-5.101338028907775879e-02
7.500293664634227753e-03
-9.474883787333965302e-03
-3.247933089733123779e-02
9.384228289127349854e-02
-2.140342146158218384e-01
-7.600853592157363892e-02
2.946407347917556763e-02
6.615312397480010986e-02
3.761260211467742920e-02
-5.210484936833381653e-02
1.418456584215164185e-01
-3.194388002157211304e-03
-3.048412501811981201e-01
6.517328321933746338e-02
1.011119186878204346e-01
2.505973279476165771e-01
1.393839567899703979e-01
4.227365180850028992e-02
7.302084565162658691e-02
-1.141480654478073120e-01
6.241638213396072388e-02
-1.675289124250411987e-01
1.573413237929344177e-02
1.145886257290840149e-01
8.345676958560943604e-02
2.271905168890953064e-02
-3.507769666612148285e-03
-1.167415380477905273e-01
3.914710134267807007e-02
1.197141855955123901e-01
-1.698286235332489014e-01
2.541392855346202850e-02
1.372870355844497681e-01
-5.252521485090255737e-02
3.134091570973396301e-02
-1.355233043432235718e-01
2.221133559942245483e-01
5.561037361621856689e-02
-1.139320060610771179e-01
-1.435968577861785889e-01
9.936234354972839355e-02
-1.186223626136779785e-01
-1.039928123354911804e-01
-8.709724992513656616e-03
-1.598968207836151123e-01
-1.757036000490188599e-01
-3.953526318073272705e-01
-2.350529842078685760e-02
3.728712797164916992e-01
1.290778070688247681e-01
-1.721351146697998047e-01
8.497986942529678345e-02
-1.654434390366077423e-02
3.936687856912612915e-02
1.511850059032440186e-01
1.460572183132171631e-01
1.104008406400680542e-02
6.317920982837677002e-02
-8.301286399364471436e-02
1.894275099039077759e-02
2.216079682111740112e-01
-5.860106647014617920e-02
-7.528413087129592896e-03
2.221915274858474731e-01
-1.239618100225925446e-02
7.492741197347640991e-02
-4.258603788912296295e-03
5.648124590516090393e-02
-6.033142656087875366e-02
5.722843110561370850e-02
-1.044083386659622192e-01
5.322321504354476929e-02
-1.321775373071432114e-02
-2.343072369694709778e-02
3.005913458764553070e-02
1.082450151443481445e-01
-1.585411280393600464e-01
6.836228817701339722e-02
-7.703068666160106659e-03
6.811675429344177246e-02
-2.072262391448020935e-02
8.622182905673980713e-02
-7.028822600841522217e-02
-9.242786467075347900e-02
6.404300779104232788e-02
-2.195632755756378174e-01
2.119860649108886719e-01
2.439123392105102539e-01
3.043945692479610443e-02
8.997210115194320679e-02
1.341308504343032837e-01
3.922084718942642212e-02
-2.183448895812034607e-02
-1.966953650116920471e-02
-1.857941597700119019e-01
-1.873339340090751648e-02
1.033320128917694092e-01
-7.798290252685546875e-02
1.218733787536621094e-01
5.286594852805137634e-02
