-4.816096276044845581e-02
6.787325441837310791e-02
5.011909827589988708e-02
-1.025234237313270569e-01
-1.497266441583633423e-01
1.151451468467712402e-02
-7.228013128042221069e-02
-1.337609887123107910e-01
9.843993186950683594e-02
-1.445540636777877808e-01
2.741787433624267578e-01
-9.569728374481201172e-02
-2.260265052318572998e-01
-8.043352514505386353e-02
-6.736801564693450928e-02
2.036777883768081665e-01
-2.039351910352706909e-01
-1.206633597612380981e-01
-2.303167060017585754e-02
3.295170515775680542e-02
5.797522887587547302e-02
1.238106098026037216e-02
6.442794948816299438e-02
2.498142048716545105e-02
-1.244327202439308167e-01
-4.015499353408813477e-01
-9.856653958559036255e-02
-5.095554888248443604e-02
-3.903625532984733582e-02
-6.584124267101287842e-02
-6.301915645599365234e-02
3.687851503491401672e-02
-1.991313993930816650e-01
-4.634372889995574951e-02
3.807073086500167847e-02
6.258372962474822998e-02
-7.953802123665809631e-03
-9.891467541456222534e-02
1.293340325355529785e-01
2.339585125446319580e-02
-2.475861012935638428e-01
2.400524914264678955e-02
5.605709552764892578e-02
2.360078543424606323e-01
1.883212476968765259e-01
1.533913239836692810e-02
5.682030320167541504e-02
-1.568504571914672852e-01
1.327471137046813965e-01
-1.701088845729827881e-01
-1.567499153316020966e-02
1.065077334642410278e-01
4.127530753612518311e-02
6.296514999121427536e-03
-1.584354229271411896e-02
-7.724780589342117310e-02
4.908506199717521667e-02
1.270205676555633545e-01
-1.410861760377883911e-01
-3.430672734975814819e-02
1.349185109138488770e-01
-1.944612711668014526e-02
6.002752110362052917e-03
-1.185468062758445740e-01
2.139309197664260864e-01
7.699916511774063110e-02
-1.069883257150650024e-01
-2.272506207227706909e-01
9.538488090038299561e-02
-1.487140506505966187e-01
-8.357029408216476440e-02
2.612775936722755432e-02
-1.727650910615921021e-01
-1.735641062259674072e-01
-2.863134741783142090e-01
-5.408245325088500977e-02
3.575988709926605225e-01
1.102589666843414307e-01
-1.545218825340270996e-01
4.160053282976150513e-02
-4.813381657004356384e-02
2.344083040952682495e-02
1.102759242057800293e-01
1.654334664344787598e-01
2.312866970896720886e-02
8.977498114109039307e-02
-8.292477577924728394e-02
2.640749514102935791e-02
2.302028685808181763e-01
-9.842047095298767090e-02
-1.549768145196139812e-03
2.426242083311080933e-01
-2.853663265705108643e-02
6.383210420608520508e-02
6.757315993309020996e-02
1.966766081750392914e-02
-1.156732812523841858e-01
1.010330542922019958e-01
-1.153293997049331665e-01
4.457889124751091003e-02
-2.910154871642589569e-02
-4.202366247773170471e-02
3.382404893636703491e-02
1.167288273572921753e-01
-1.518174856901168823e-01
1.580511182546615601e-01
-8.588616549968719482e-02
5.244003981351852417e-02
2.657636627554893494e-02
-4.688556864857673645e-02
-4.081477597355842590e-02
-7.020139694213867188e-02
1.044711768627166748e-01
-2.311145216226577759e-01
1.218403950333595276e-01
1.820319741964340210e-01
6.503846496343612671e-02
1.037482768297195435e-01
1.079570949077606201e-01
8.653783798217773438e-02
-3.402167558670043945e-02
3.752982988953590393e-02
-2.395728677511215210e-01
-1.048776041716337204e-02
5.207859724760055542e-02
-8.440963923931121826e-02
8.146440982818603516e-02
-3.308188170194625854e-02
