-1.074097529053688049e-01
6.636621803045272827e-02
6.048205494880676270e-02
-8.336251974105834961e-02
-1.382070481777191162e-01
-5.997451394796371460e-02
-5.678296834230422974e-02
-1.395371705293655396e-01
1.949129402637481689e-01
-8.839302510023117065e-02
2.612785398960113525e-01
-8.198799937963485718e-02
-1.902612447738647461e-01
-1.364229321479797363e-01
-7.032558321952819824e-02
2.374846786260604858e-01
-2.411993145942687988e-01
-1.284093260765075684e-01
2.868542261421680450e-02
-8.105924353003501892e-03
7.733169198036193848e-02
-2.787189185619354248e-02
1.040348503738641739e-02
6.243957579135894775e-02
-1.505419015884399414e-01
-3.773400485515594482e-01
-8.533398807048797607e-02
-1.206818968057632446e-01
2.001342922449111938e-02
-2.117524296045303345e-02
-5.175034329295158386e-02
5.460350960493087769e-02
-2.061943113803863525e-01
-8.525297045707702637e-02
3.942894190549850464e-02
1.021682918071746826e-01
3.151874989271163940e-02
-1.035683006048202515e-01
7.298375666141510010e-02
-8.426455408334732056e-02
-3.011174798011779785e-01
-6.782633811235427856e-02
1.067025959491729736e-01
1.703758686780929565e-01
1.449964195489883423e-01
9.435297921299934387e-03
1.067581307142972946e-02
-1.419705152511596680e-01
1.026148572564125061e-01
-1.526291072368621826e-01
-6.892129778861999512e-03
7.667652517557144165e-02
4.481521248817443848e-02
3.200915455818176270e-02
1.164468005299568176e-03
-1.440031528472900391e-01
2.743843942880630493e-02
1.237717196345329285e-01
-1.965003758668899536e-01
-3.987378999590873718e-02
8.229064941406250000e-02
-6.722266227006912231e-02
3.243950195610523224e-03
-1.214060857892036438e-01
2.198833972215652466e-01
1.037498861551284790e-01
-1.272019743919372559e-01
-1.762776076793670654e-01
1.429216563701629639e-01
-1.690561175346374512e-01
-4.626731947064399719e-02
3.155956417322158813e-02
-1.114773601293563843e-01
-1.942255049943923950e-01
-3.707285821437835693e-01
-5.118280649185180664e-02
4.085133671760559082e-01
1.204356923699378967e-01
-1.535850167274475098e-01
3.532594814896583557e-02
-6.738343089818954468e-02
-4.425814840942621231e-03
9.391897916793823242e-02
1.660309433937072754e-01
3.677160292863845825e-02
8.382314443588256836e-02
-8.599104732275009155e-02
-1.743768528103828430e-02
2.132929414510726929e-01
-9.050653874874114990e-02
4.069770872592926025e-02
2.230111211538314819e-01
-6.212214007973670959e-02
8.012043684720993042e-02
-2.373985201120376587e-02
5.038063600659370422e-02
-1.086029484868049622e-01
1.082077249884605408e-01
-9.782841801643371582e-02
3.553230315446853638e-02
-4.393161274492740631e-03
-2.409430593252182007e-02
3.604700788855552673e-02
1.085032001137733459e-01
-1.635117977857589722e-01
7.110039144754409790e-02
4.282442107796669006e-02
2.648684009909629822e-02
2.448891289532184601e-02
9.720763191580772400e-03
-5.367492511868476868e-02
-1.213199347257614136e-01
1.332734078168869019e-01
-2.194760739803314209e-01
2.171584814786911011e-01
1.954499334096908569e-01
9.215965867042541504e-02
1.698637157678604126e-01
9.267657250165939331e-02
7.213979214429855347e-02
-1.540776994079351425e-02
-9.191253781318664551e-02
-1.818784773349761963e-01
1.908444426953792572e-02
5.900898203253746033e-02
-1.456978023052215576e-01
5.993060395121574402e-02
1.412028539925813675e-02
