-1.380777955055236816e-01
8.837343007326126099e-02
8.971036225557327271e-02
-1.426676660776138306e-01
-1.336242556571960449e-01
-7.762409001588821411e-02
-7.615724951028823853e-02
-1.314966231584548950e-01
1.454707086086273193e-01
-1.860534697771072388e-01
2.626080214977264404e-01
-9.722457081079483032e-02
-1.435374468564987183e-01
-8.599078655242919922e-02
-6.972943246364593506e-02
2.004652768373489380e-01
-2.171846032142639160e-01
-1.103437244892120361e-01
-7.469003554433584213e-03
-3.281578421592712402e-02
7.430285960435867310e-02
-2.506991848349571228e-02
3.789534419775009155e-02
5.310297943651676178e-03
-1.233226805925369263e-01
-3.752632439136505127e-01
-9.641253948211669922e-02
-6.982277333736419678e-02
2.464016899466514587e-03
-7.401965558528900146e-03
-4.928780347108840942e-02
4.909636825323104858e-02
-2.089619785547256470e-01
-1.680598407983779907e-02
2.074837312102317810e-02
8.006724715232849121e-02
-1.771318167448043823e-02
-5.809757858514785767e-02
1.251469105482101440e-01
-2.635303698480129242e-02
-1.980322599411010742e-01
-4.412649199366569519e-02
9.476038068532943726e-02
2.178827375173568726e-01
1.284165084362030029e-01
1.591465622186660767e-02
3.664969652891159058e-02
-1.201196014881134033e-01
1.155514940619468689e-01
-1.054743379354476929e-01
7.426676340401172638e-03
8.708117157220840454e-02
7.390860468149185181e-02
5.566582083702087402e-02
4.283037036657333374e-02
-8.113452792167663574e-02
7.960872352123260498e-02
1.386681497097015381e-01
-1.663724333047866821e-01
3.009541146457195282e-02
1.167689487338066101e-01
-8.160720765590667725e-02
-7.866799831390380859e-02
-1.040498167276382446e-01
2.752299010753631592e-01
1.256696432828903198e-01
-1.171730458736419678e-01
-1.973849087953567505e-01
1.466245204210281372e-01
-8.410943299531936646e-02
-6.978382170200347900e-02
1.015237253159284592e-02
-1.605686098337173462e-01
-1.766204833984375000e-01
-2.538910210132598877e-01
-1.197922974824905396e-04
3.526887595653533936e-01
1.534158736467361450e-01
-1.474733203649520874e-01
2.639041095972061157e-02
-2.437016367912292480e-02
-2.164470218122005463e-02
1.227605491876602173e-01
1.569546312093734741e-01
-4.419667646288871765e-02
7.880657166242599487e-02
-4.728233069181442261e-02
5.224438011646270752e-02
1.882665604352951050e-01
-8.970718085765838623e-02
-2.031194046139717102e-02
1.991608738899230957e-01
-3.536275401711463928e-02
5.229865387082099915e-02
-4.629940912127494812e-02
-6.100846827030181885e-02
-1.124713197350502014e-01
1.028455346822738647e-01
-1.367406398057937622e-01
2.591865137219429016e-03
3.722246363759040833e-02
-5.983948707580566406e-02
-4.332228563725948334e-03
9.579987823963165283e-02
-1.504541337490081787e-01
8.258152008056640625e-02
-9.384281001985073090e-03
6.523503921926021576e-03
-2.344578132033348083e-02
1.913219504058361053e-02
-8.444842696189880371e-02
-8.675607293844223022e-02
6.048728525638580322e-02
-1.983473151922225952e-01
2.160487920045852661e-01
2.055887877941131592e-01
1.298900693655014038e-01
1.521667838096618652e-01
1.294280737638473511e-01
4.527030140161514282e-02
6.374427676200866699e-02
-1.416048035025596619e-03
-1.474125385284423828e-01
-1.076846383512020111e-02
9.553234279155731201e-02
-4.875352978706359863e-02
1.006885990500450134e-01
3.426037728786468506e-03
