-1.119974851608276367e-01
3.860063478350639343e-02
3.103582561016082764e-02
-1.207215934991836548e-01
-1.005554497241973877e-01
-1.338239759206771851e-02
-1.063649952411651611e-01
-1.530384868383407593e-01
1.416912078857421875e-01
-2.562694549560546875e-01
1.451771110296249390e-01
-1.394324451684951782e-01
-2.046178728342056274e-01
1.883184537291526794e-02
-8.622722327709197998e-02
2.404205501079559326e-01
-1.692299395799636841e-01
-2.175598889589309692e-01
1.528291776776313782e-02
-4.779240489006042480e-02
2.628472447395324707e-02
-4.201097786426544189e-02
-8.198850601911544800e-02
9.176850318908691406e-02
-1.955872476100921631e-01
-3.512943685054779053e-01
-1.106102466583251953e-01
-7.421521842479705811e-02
-1.353514492511749268e-01
-9.126190096139907837e-03
-1.246435288339853287e-02
6.179636344313621521e-02
-2.083336412906646729e-01
3.517261892557144165e-02
6.942236796021461487e-04
1.008378192782402039e-01
4.759303852915763855e-02
-6.630558520555496216e-02
1.592776179313659668e-01
4.554948210716247559e-02
-2.851536870002746582e-01
2.121223881840705872e-02
1.436791867017745972e-01
2.418866008520126343e-01
8.470165729522705078e-02
-5.110753327608108521e-02
-5.536919459700584412e-03
-7.967956364154815674e-02
1.406229138374328613e-01
-1.935443729162216187e-01
1.503739878535270691e-02
8.497319370508193970e-02
1.180999428033828735e-01
8.374357223510742188e-02
5.342682451009750366e-02
-9.020367264747619629e-02
9.412571042776107788e-02
1.463473141193389893e-01
-1.957053691148757935e-01
1.175338495522737503e-02
6.782639771699905396e-02
-7.155488431453704834e-02
1.491239760071039200e-02
-8.601936697959899902e-02
2.380890846252441406e-01
1.708852499723434448e-01
-7.243844121694564819e-02
-1.876820623874664307e-01
1.228499412536621094e-01
-1.459229737520217896e-01
-7.442687451839447021e-02
4.252141714096069336e-02
-1.125281527638435364e-01
-1.948558688163757324e-01
-3.151985108852386475e-01
2.045363187789916992e-02
3.207776844501495361e-01
2.172170281410217285e-01
-1.631371229887008667e-01
8.122798055410385132e-02
3.485872969031333923e-02
-4.679985344409942627e-02
1.447221487760543823e-01
1.658480465412139893e-01
4.447180777788162231e-02
6.229874119162559509e-02
7.717278786003589630e-04
4.327962175011634827e-02
2.390125989913940430e-01
-1.641637831926345825e-02
-1.926115155220031738e-02
1.717616319656372070e-01
-4.102374613285064697e-02
1.488331984728574753e-02
-1.241127494722604752e-02
9.795571677386760712e-03
-1.642802506685256958e-01
2.746837958693504333e-02
-1.291953474283218384e-01
-1.082888524979352951e-02
-4.896128550171852112e-02
6.777527928352355957e-02
-1.916809473186731339e-03
1.032560393214225769e-01
-1.850514113903045654e-01
1.237318217754364014e-01
-5.199722945690155029e-02
-8.822676539421081543e-02
-8.145842701196670532e-02
1.066910177469253540e-01
-2.521090209484100342e-02
-4.678203165531158447e-02
6.514734029769897461e-02
-2.194533050060272217e-01
1.262426227331161499e-01
1.397010982036590576e-01
8.968355134129524231e-03
1.305855065584182739e-01
7.510928809642791748e-02
1.724965497851371765e-02
-5.148185417056083679e-03
-1.188376825302839279e-02
-1.900207698345184326e-01
-5.539158731698989868e-02
1.235042065382003784e-01
-6.268896162509918213e-02
1.152192205190658569e-01
-8.692324161529541016e-03
