-3.911462426185607910e-02
3.341129049658775330e-03
-3.801403567194938660e-03
-1.129662692546844482e-01
-1.228032261133193970e-01
-7.672329992055892944e-02
-2.677382156252861023e-02
-1.711344569921493530e-01
1.703117489814758301e-01
-1.862225234508514404e-01
2.633203268051147461e-01
-9.594134241342544556e-02
-1.914588958024978638e-01
-5.472957342863082886e-02
-7.685939222574234009e-02
2.289824336767196655e-01
-2.727274000644683838e-01
-1.285148411989212036e-01
-5.803847312927246094e-02
-1.108131743967533112e-02
1.046283468604087830e-01
-1.151893287897109985e-02
1.901612803339958191e-02
8.330956846475601196e-02
-1.208759397268295288e-01
-3.605378568172454834e-01
-1.183323860168457031e-01
-5.559599772095680237e-02
2.312541939318180084e-03
-1.795464381575584412e-02
5.378378555178642273e-04
6.261946260929107666e-02
-2.105467170476913452e-01
-2.389086782932281494e-02
5.717586353421211243e-02
3.307255730032920837e-02
1.996301300823688507e-02
-9.615626931190490723e-02
1.595236212015151978e-01
-2.435322850942611694e-02
-3.116531968116760254e-01
2.477779239416122437e-02
9.775812923908233643e-02
1.784431487321853638e-01
1.316027194261550903e-01
4.612119123339653015e-02
-3.844472020864486694e-02
-1.294190138578414917e-01
1.398048251867294312e-01
-1.935770362615585327e-01
-1.532759517431259155e-02
8.768188208341598511e-02
3.917714580893516541e-02
1.405671238899230957e-02
3.672149032354354858e-03
-1.009340062737464905e-01
5.932226032018661499e-02
1.671250313520431519e-01
-2.148170322179794312e-01
-5.076387524604797363e-02
8.711774647235870361e-02
-1.511221975088119507e-01
-9.135834872722625732e-03
-8.565298467874526978e-02
1.992525607347488403e-01
1.132926642894744873e-01
-1.146269738674163818e-01
-1.593412458896636963e-01
1.363367438316345215e-01
-1.592456549406051636e-01
-3.960628807544708252e-02
3.832505643367767334e-02
-1.206451505422592163e-01
-1.956415921449661255e-01
-2.884316444396972656e-01
-3.673389926552772522e-02
4.265422523021697998e-01
9.736647456884384155e-02
-1.299094706773757935e-01
5.003135278820991516e-02
1.461960282176733017e-02
3.541486337780952454e-02
1.753311753273010254e-01
1.508309245109558105e-01
1.955214142799377441e-02
1.646218448877334595e-02
-7.164014130830764771e-02
3.698961064219474792e-02
2.025074064731597900e-01
-9.398224204778671265e-02
3.159271785989403725e-03
2.504236698150634766e-01
-6.028424575924873352e-02
5.707623437047004700e-02
1.505915820598602295e-02
1.991987973451614380e-02
-8.568605035543441772e-02
7.848826795816421509e-02
-1.051110848784446716e-01
6.923519074916839600e-02
2.622762322425842285e-02
2.461109869182109833e-02
1.279351767152547836e-02
7.156214118003845215e-02
-1.222914680838584900e-01
6.493465602397918701e-02
-3.021681308746337891e-02
-2.987896651029586792e-02
2.186819911003112793e-02
-8.512256667017936707e-03
-4.706823453307151794e-02
-1.030063107609748840e-01
5.757346004247665405e-02
-2.510170340538024902e-01
2.127767801284790039e-01
1.777846962213516235e-01
3.534203767776489258e-02
1.514366269111633301e-01
3.479445725679397583e-02
4.999668523669242859e-02
-1.290573459118604660e-02
-5.688154697418212891e-02
-2.254031151533126831e-01
-2.345445565879344940e-02
1.423669159412384033e-01
-7.607029378414154053e-02
1.038995832204818726e-01
-7.496575266122817993e-02
