-7.976437360048294067e-02
3.352698683738708496e-02
1.310664694756269455e-03
-1.413236856460571289e-01
-8.641044050455093384e-02
-3.753694891929626465e-02
-7.662969082593917847e-02
-1.368137747049331665e-01
2.007208317518234253e-01
-1.830785274505615234e-01
1.871330589056015015e-01
-1.603425741195678711e-01
-2.276035249233245850e-01
-5.015790835022926331e-02
-1.047127023339271545e-01
2.531253993511199951e-01
-2.266342937946319580e-01
-1.791630983352661133e-01
-5.023634433746337891e-02
-4.776666685938835144e-02
4.331429302692413330e-02
-4.144459590315818787e-02
3.020849544554948807e-03
7.391325384378433228e-02
-1.181256696581840515e-01
-3.702353835105895996e-01
-8.507955819368362427e-02
-7.886759936809539795e-02
-3.943962231278419495e-02
-5.717904120683670044e-02
-1.751793175935745239e-02
6.969617307186126709e-02
-2.386775016784667969e-01
-5.702374503016471863e-03
1.008016709238290787e-02
9.024021774530410767e-02
4.011384397745132446e-02
-1.161927878856658936e-01
1.088254004716873169e-01
9.211760014295578003e-03
-2.632937133312225342e-01
-1.043234579265117645e-02
7.791317999362945557e-02
2.048993408679962158e-01
1.023270562291145325e-01
-1.276318356394767761e-02
-2.075775340199470520e-02
-1.461781710386276245e-01
1.313382983207702637e-01
-1.857579201459884644e-01
-3.290726244449615479e-02
1.041781380772590637e-01
3.684057295322418213e-02
3.093730658292770386e-02
1.638735830783843994e-02
-6.564043462276458740e-02
1.044836938381195068e-01
1.713467240333557129e-01
-2.512358427047729492e-01
-8.321411907672882080e-03
1.054298877716064453e-01
-1.154187098145484924e-01
-2.479218319058418274e-02
-1.135327592492103577e-01
2.132415622472763062e-01
1.654419451951980591e-01
-8.155431598424911499e-02
-2.009590715169906616e-01
1.133684217929840088e-01
-1.291129887104034424e-01
-1.403813622891902924e-02
5.106979981064796448e-02
-1.110373064875602722e-01
-1.961174309253692627e-01
-2.984051108360290527e-01
-2.096565626561641693e-02
3.912282884120941162e-01
1.452032029628753662e-01
-1.019904017448425293e-01
6.264236569404602051e-02
-1.534652616828680038e-02
-1.584808528423309326e-02
1.324641704559326172e-01
1.286108344793319702e-01
-1.185022108256816864e-02
3.684411942958831787e-02
-6.875983625650405884e-02
6.784339994192123413e-02
2.149749696254730225e-01
-7.024840265512466431e-02
-1.638942211866378784e-02
1.426754295825958252e-01
-8.880610018968582153e-02
7.843334227800369263e-03
-3.904636204242706299e-02
6.807946600019931793e-03
-1.544573158025741577e-01
7.815991342067718506e-02
-1.167867779731750488e-01
9.825970046222209930e-04
-2.078380435705184937e-02
1.707283034920692444e-02
-4.109542351216077805e-03
3.857095912098884583e-02
-1.080045029520988464e-01
4.887869209051132202e-02
-1.554058119654655457e-02
-9.441466629505157471e-02
-4.021583497524261475e-02
6.109780631959438324e-03
-3.040670603513717651e-02
-6.504642218351364136e-02
7.954430580139160156e-02
-2.261608839035034180e-01
1.953807175159454346e-01
1.663137823343276978e-01
1.020436212420463562e-01
1.488705724477767944e-01
4.582443460822105408e-02
5.851918086409568787e-02
-2.535136602818965912e-02
-3.712057322263717651e-02
-1.553108543157577515e-01
-2.732654847204685211e-02
1.134639605879783630e-01
-1.485010422766208649e-02
1.256911456584930420e-01
-5.468703433871269226e-02
