-1.026342660188674927e-01
2.084729820489883423e-02
5.420268699526786804e-02
-8.805212378501892090e-02
-5.877960473299026489e-02
-6.634993106126785278e-02
-6.952977180480957031e-02
-1.877019405364990234e-01
1.210184991359710693e-01
-1.781135201454162598e-01
2.771094143390655518e-01
-9.969250857830047607e-02
-1.899313032627105713e-01
-1.268225014209747314e-01
-7.273451983928680420e-02
2.422887831926345825e-01
-2.810472548007965088e-01
-1.304839998483657837e-01
-6.225612387061119080e-02
2.484755590558052063e-03
6.647494435310363770e-02
-6.986604630947113037e-02
1.272054575383663177e-02
3.604266420006752014e-02
-6.486195325851440430e-02
-3.903020322322845459e-01
-5.978807061910629272e-02
-7.115188241004943848e-02
3.972861170768737793e-02
-1.503791892901062965e-03
-5.664429441094398499e-02
2.744281478226184845e-02
-2.242798656225204468e-01
-5.112607032060623169e-04
-3.486542776226997375e-02
6.911019235849380493e-02
4.266587644815444946e-02
-7.366120815277099609e-02
1.294596940279006958e-01
1.308680046349763870e-02
-2.277773916721343994e-01
3.681856766343116760e-02
4.622906446456909180e-02
1.854614764451980591e-01
1.841616630554199219e-01
8.951663225889205933e-02
1.389075908809900284e-02
-1.416409462690353394e-01
1.485134363174438477e-01
-1.947624534368515015e-01
-1.507460884749889374e-02
6.450200080871582031e-02
9.520807117223739624e-02
-1.944913342595100403e-02
5.079531669616699219e-02
-1.289151906967163086e-01
2.943065389990806580e-02
1.228226944804191589e-01
-1.660844385623931885e-01
4.124740883708000183e-02
7.903014123439788818e-02
-4.901862144470214844e-02
-1.151538547128438950e-02
-1.292527765035629272e-01
2.361893653869628906e-01
1.162936091423034668e-01
-1.248457357287406921e-01
-9.508813917636871338e-02
1.312837600708007812e-01
-1.177397966384887695e-01
-7.700257003307342529e-02
-3.587124496698379517e-02
-9.861754626035690308e-02
-1.732002943754196167e-01
-3.232335150241851807e-01
-4.101005196571350098e-02
3.817473053932189941e-01
1.117343157529830933e-01
-2.091418951749801636e-01
-2.604823559522628784e-03
1.060655340552330017e-02
-1.904712617397308350e-02
2.021148055791854858e-01
1.324385404586791992e-01
-2.604859694838523865e-02
-1.266038976609706879e-02
-9.763813018798828125e-02
-4.733315855264663696e-02
2.248556464910507202e-01
-3.683175519108772278e-02
2.482635341584682465e-02
2.132046371698379517e-01
-8.132019639015197754e-02
3.577102348208427429e-02
-5.475347489118576050e-02
-2.212193422019481659e-02
-1.096055805683135986e-01
1.021091789007186890e-01
-1.185771226882934570e-01
-7.958356291055679321e-03
8.247084915637969971e-03
-2.843775600194931030e-02
-1.367635792121291161e-03
4.487934708595275879e-02
-1.424189060926437378e-01
4.830570518970489502e-02
-2.207364886999130249e-02
1.675632968544960022e-02
4.729402810335159302e-02
6.846181116998195648e-03
-9.346288442611694336e-02
-4.380355775356292725e-02
8.263561129570007324e-02
-1.940211355686187744e-01
2.211040109395980835e-01
2.332255691289901733e-01
8.747663348913192749e-02
1.142321825027465820e-01
1.113117709755897522e-01
6.609826534986495972e-02
-1.569027453660964966e-02
1.764084771275520325e-02
-2.144622653722763062e-01
-5.076978728175163269e-02
9.136483818292617798e-02
-8.014662563800811768e-02
1.056119650602340698e-01
-5.207870621234178543e-03
