-3.928246721625328064e-02
1.061353683471679688e-01
3.880720585584640503e-02
-8.534505963325500488e-02
-1.165541037917137146e-01
-6.779765337705612183e-02
-9.358239918947219849e-02
-1.782478094100952148e-01
1.296353787183761597e-01
-1.302229166030883789e-01
2.646017968654632568e-01
-8.732355386018753052e-02
-1.855085492134094238e-01
-8.007591217756271362e-02
-8.259692788124084473e-02
2.291763275861740112e-01
-2.603359222412109375e-01
-1.283144950866699219e-01
-2.914218790829181671e-02
3.536331653594970703e-02
9.686215966939926147e-02
2.028618752956390381e-02
6.531467288732528687e-02
6.093899905681610107e-02
-1.117685884237289429e-01
-3.734233975410461426e-01
-1.074173152446746826e-01
-6.982254981994628906e-02
4.342291504144668579e-02
-3.981006518006324768e-02
-3.554998710751533508e-02
9.396037086844444275e-03
-2.226150631904602051e-01
-1.966395229101181030e-02
4.819003492593765259e-02
7.373053580522537231e-02
-9.616651805117726326e-04
-1.241876482963562012e-01
1.349347680807113647e-01
-2.434128522872924805e-02
-2.573311328887939453e-01
-2.446615137159824371e-03
6.423993408679962158e-02
1.900263428688049316e-01
1.521038562059402466e-01
1.477784756571054459e-02
3.227247297763824463e-02
-1.643237322568893433e-01
1.095576211810112000e-01
-1.715510487556457520e-01
-2.502768859267234802e-02
9.135343134403228760e-02
2.549993246793746948e-02
6.450895965099334717e-02
-6.794270128011703491e-03
-1.107243150472640991e-01
6.939481943845748901e-02
1.890862286090850830e-01
-1.872814148664474487e-01
-1.102606300264596939e-03
1.232740953564643860e-01
-8.959960937500000000e-02
3.353640437126159668e-03
-9.201603382825851440e-02
2.261912077665328979e-01
7.877387851476669312e-02
-1.382564455270767212e-01
-1.523872315883636475e-01
9.346634894609451294e-02
-1.476784944534301758e-01
-2.791038341820240021e-02
4.966665059328079224e-02
-1.011491194367408752e-01
-1.934604495763778687e-01
-2.819163203239440918e-01
-4.120679944753646851e-02
3.716014623641967773e-01
1.087677925825119019e-01
-1.530632823705673218e-01
-1.324759796261787415e-05
-3.306359052658081055e-03
3.194279223680496216e-02
1.363332569599151611e-01
1.413701027631759644e-01
4.148911684751510620e-03
3.087037801742553711e-02
-1.133392378687858582e-01
4.506505280733108521e-02
2.224879711866378784e-01
-9.914843738079071045e-02
6.449785828590393066e-02
2.737821936607360840e-01
-6.399681419134140015e-02
7.302992790937423706e-02
-1.119223795831203461e-02
6.234810128808021545e-02
-1.031277328729629517e-01
1.037726029753684998e-01
-6.112869083881378174e-02
9.317807853221893311e-02
1.017099339514970779e-02
-3.438583016395568848e-02
7.426222320646047592e-03
8.217401057481765747e-02
-1.023700907826423645e-01
6.250499933958053589e-02
-3.114811703562736511e-02
1.129817496985197067e-02
3.466749563813209534e-02
-4.005548357963562012e-02
-5.420085042715072632e-02
-1.160523965954780579e-01
1.038439571857452393e-01
-2.309007495641708374e-01
2.167383730411529541e-01
2.014068514108657837e-01
3.797017410397529602e-02
1.338300257921218872e-01
5.352672934532165527e-02
1.065402701497077942e-01
-3.643034026026725769e-02
-7.378165423870086670e-02
-2.054147124290466309e-01
-5.667552468366920948e-04
8.764383941888809204e-02
-9.021856635808944702e-02
4.904215782880783081e-02
-6.195095181465148926e-02
