-7.670449465513229370e-02
1.947415620088577271e-02
1.106306631118059158e-02
-1.083445698022842407e-01
-1.209457665681838989e-01
-3.296995908021926880e-02
1.355256885290145874e-03
-1.030815616250038147e-01
2.117330133914947510e-01
-1.616043001413345337e-01
2.470149099826812744e-01
-6.746302545070648193e-02
-2.078683376312255859e-01
-8.034845441579818726e-02
-6.864799559116363525e-02
2.111484408378601074e-01
-2.175189554691314697e-01
-1.861208826303482056e-01
-7.419858872890472412e-02
6.161376833915710449e-02
9.846668690443038940e-02
3.033593064174056053e-03
5.286551266908645630e-02
1.682202145457267761e-02
-1.401203423738479614e-01
-4.067085683345794678e-01
-6.783212721347808838e-02
-6.549072265625000000e-02
2.279735170304775238e-02
-1.390641182661056519e-02
-3.658766299486160278e-02
3.290847316384315491e-02
-2.301270365715026855e-01
-2.140998840332031250e-02
1.476950012147426605e-03
4.379644244909286499e-02
1.213108468800783157e-02
-1.108029186725616455e-01
1.852623820304870605e-01
-9.523037821054458618e-03
-3.434205353260040283e-01
-1.841438934206962585e-02
3.652192652225494385e-02
2.277455031871795654e-01
9.783524274826049805e-02
1.340747438371181488e-02
3.551024198532104492e-02
-1.393652856349945068e-01
1.160832345485687256e-01
-1.671195179224014282e-01
-5.961997434496879578e-03
9.005974233150482178e-02
2.166842669248580933e-02
1.101175788789987564e-02
6.045307964086532593e-05
-9.746353328227996826e-02
7.811628282070159912e-02
1.428633928298950195e-01
-1.633543521165847778e-01
-1.170761603862047195e-02
1.123333200812339783e-01
-6.203068792819976807e-02
1.773310825228691101e-03
-1.254768371582031250e-01
2.246605753898620605e-01
4.416706413030624390e-02
-9.717694669961929321e-02
-1.774671375751495361e-01
8.382413536310195923e-02
-1.537723839282989502e-01
-6.120551750063896179e-02
4.281756281852722168e-02
-1.524194777011871338e-01
-1.821730285882949829e-01
-3.631706535816192627e-01
-6.870418041944503784e-02
3.820913136005401611e-01
1.138788089156150818e-01
-1.496405750513076782e-01
2.984210848808288574e-02
-1.937287510372698307e-03
6.519684940576553345e-02
1.886856108903884888e-01
1.549917310476303101e-01
-3.559300675988197327e-02
1.204590052366256714e-01
-1.528629064559936523e-01
1.078835316002368927e-02
2.649940252304077148e-01
-8.287052065134048462e-02
-3.777040913701057434e-02
2.068148553371429443e-01
-7.530029863119125366e-03
3.087170049548149109e-02
5.708391778171062469e-03
2.355384267866611481e-02
-7.072293013334274292e-02
5.698866769671440125e-02
-1.157424226403236389e-01
6.807073950767517090e-02
5.903762578964233398e-02
-3.646449185907840729e-03
-6.551811471581459045e-03
1.165298968553543091e-01
-1.280490159988403320e-01
6.323725730180740356e-02
-3.063223697245121002e-02
1.434152480214834213e-02
2.685495838522911072e-02
1.797828078269958496e-02
-6.970095634460449219e-02
-1.375987976789474487e-01
4.972080513834953308e-02
-1.755218803882598877e-01
1.553441137075424194e-01
2.045580297708511353e-01
8.732234686613082886e-02
1.225218176841735840e-01
9.117957204580307007e-02
5.687331408262252808e-02
-8.620404452085494995e-02
4.392513260245323181e-02
-2.235354632139205933e-01
-2.243686281144618988e-02
1.080218181014060974e-01
-1.654285006225109100e-02
1.535859853029251099e-01
-1.081427745521068573e-02
