-1.158016845583915710e-01
9.459041804075241089e-02
8.237788081169128418e-02
-1.540238261222839355e-01
-1.152486577630043030e-01
-2.407904528081417084e-02
-4.742289334535598755e-02
-1.599873304367065430e-01
1.814236044883728027e-01
-1.826222985982894897e-01
2.234621047973632812e-01
-3.508167713880538940e-02
-2.133730202913284302e-01
-1.197759211063385010e-01
-4.959695786237716675e-02
2.322968095541000366e-01
-2.131500244140625000e-01
-1.689264923334121704e-01
-1.806500554084777832e-02
9.232000447809696198e-03
4.174940288066864014e-02
-4.552450962364673615e-03
7.120827585458755493e-02
5.433779209852218628e-02
-1.125776469707489014e-01
-4.423371553421020508e-01
-1.054123118519783020e-01
-5.119487270712852478e-02
-5.008572340011596680e-02
-1.757367141544818878e-02
-1.781369000673294067e-02
1.028531510382890701e-02
-2.604178786277770996e-01
1.146985962986946106e-02
-1.199783105403184891e-02
9.747467190027236938e-02
-3.736983612179756165e-02
-6.115852296352386475e-02
8.800328522920608521e-02
1.909237727522850037e-02
-2.889354526996612549e-01
-6.444509606808423996e-03
8.948472142219543457e-02
1.854148507118225098e-01
2.055860757827758789e-01
-2.135168761014938354e-04
3.295798599720001221e-02
-1.364249736070632935e-01
1.043035537004470825e-01
-1.454566121101379395e-01
9.333636611700057983e-03
6.583343446254730225e-02
8.242303878068923950e-02
1.357632409781217575e-02
2.404521405696868896e-02
-1.408511549234390259e-01
1.157103478908538818e-02
1.587887704372406006e-01
-1.747072935104370117e-01
5.854137707501649857e-04
7.977413386106491089e-02
-8.336679637432098389e-02
-5.706734955310821533e-02
-9.488756209611892700e-02
2.187049984931945801e-01
1.070193946361541748e-01
-1.570582836866378784e-01
-2.214986085891723633e-01
1.196007281541824341e-01
-1.621482223272323608e-01
-4.598903004080057144e-03
7.150223851203918457e-02
-1.478326767683029175e-01
-2.044337093830108643e-01
-3.059201240539550781e-01
2.515298314392566681e-03
3.349804878234863281e-01
1.246170848608016968e-01
-1.050691828131675720e-01
-1.157457940280437469e-03
-4.349229857325553894e-02
3.504889830946922302e-02
4.656299576163291931e-02
1.872095763683319092e-01
-5.202919244766235352e-03
5.422153696417808533e-02
-7.048763334751129150e-02
4.251022264361381531e-02
1.534696668386459351e-01
-5.783521384000778198e-02
3.853591624647378922e-04
2.571306228637695312e-01
-8.019264042377471924e-02
9.548214077949523926e-02
-8.194959163665771484e-02
-9.042728925123810768e-04
-1.381670236587524414e-01
1.304711103439331055e-01
-1.131677329540252686e-01
2.499559335410594940e-02
-6.643963605165481567e-02
-1.094798929989337921e-02
1.962979510426521301e-02
7.689923048019409180e-02
-1.371546387672424316e-01
9.528225660324096680e-02
-2.924184687435626984e-02
3.125565499067306519e-02
2.255716361105442047e-03
2.226869575679302216e-03
-7.790299504995346069e-02
-1.062798872590065002e-01
6.771001219749450684e-02
-2.502631545066833496e-01
2.026379704475402832e-01
2.324542701244354248e-01
7.830526679754257202e-02
1.387977898120880127e-01
1.242996752262115479e-01
4.931765794754028320e-02
2.147953957319259644e-02
-3.110962361097335815e-02
-2.152103632688522339e-01
6.640834361314773560e-02
8.887767046689987183e-02
-1.331637948751449585e-01
9.251230210065841675e-02
-2.030533738434314728e-02
