-6.648898124694824219e-02
1.356849670410156250e-01
-1.611372455954551697e-02
-7.668241113424301147e-02
-9.511625766754150391e-02
-3.292214497923851013e-02
-1.019659042358398438e-01
-1.338680833578109741e-01
1.965300887823104858e-01
-1.039313599467277527e-01
2.577537596225738525e-01
-9.165933728218078613e-02
-2.537777125835418701e-01
-6.498084962368011475e-02
-6.532757729291915894e-02
2.116327434778213501e-01
-2.019906938076019287e-01
-1.366796344518661499e-01
-6.593664735555648804e-02
4.582438990473747253e-02
7.034655660390853882e-02
1.859886012971401215e-02
8.421888202428817749e-02
4.906119778752326965e-02
-1.159467846155166626e-01
-4.108709394931793213e-01
-8.021714538335800171e-02
-8.209203928709030151e-02
2.639644220471382141e-02
-6.840091943740844727e-02
-6.787819415330886841e-02
-9.748492389917373657e-03
-2.378179132938385010e-01
-8.625520765781402588e-02
3.582218289375305176e-02
7.733012735843658447e-02
-2.269455976784229279e-02
-1.038197278976440430e-01
1.747190505266189575e-01
1.027502305805683136e-02
-2.814342081546783447e-01
-2.482304535806179047e-02
3.788676112890243530e-02
2.348738312721252441e-01
1.156303733587265015e-01
3.359934687614440918e-02
5.070735514163970947e-02
-2.262234687805175781e-01
1.120449081063270569e-01
-1.839013695716857910e-01
-2.125612460076808929e-02
1.276266574859619141e-01
2.013003826141357422e-02
4.668894410133361816e-02
-3.457719087600708008e-02
-8.004722744226455688e-02
6.078056246042251587e-02
1.500618308782577515e-01
-2.101648300886154175e-01
-1.458511315286159515e-02
1.440133303403854370e-01
-5.055870488286018372e-02
-4.418931156396865845e-02
-1.323905438184738159e-01
2.826955020427703857e-01
1.012563407421112061e-01
-1.300307959318161011e-01
-1.872901618480682373e-01
8.639270067214965820e-02
-1.383624374866485596e-01
-6.557232141494750977e-02
6.189177557826042175e-02
-8.806914836168289185e-02
-2.130316197872161865e-01
-3.152493238449096680e-01
-4.279734194278717041e-02
3.914604485034942627e-01
7.352241873741149902e-02
-1.492117643356323242e-01
5.371984466910362244e-02
-6.332882493734359741e-02
-3.778665512800216675e-02
1.009441614151000977e-01
1.585896313190460205e-01
-8.131129667162895203e-03
8.695580810308456421e-02
-9.114575386047363281e-02
4.659656435251235962e-02
2.919597625732421875e-01
-1.300963014364242554e-01
4.090094193816184998e-02
2.000817954540252686e-01
-3.310398012399673462e-02
9.941454231739044189e-02
1.087123900651931763e-02
8.600705116987228394e-02
-1.473597437143325806e-01
7.623381912708282471e-02
-1.210723072290420532e-01
4.970125108957290649e-02
3.438296914100646973e-02
-5.333129316568374634e-03
4.800007678568363190e-03
5.816635489463806152e-02
-1.242277547717094421e-01
1.202521845698356628e-01
1.383214443922042847e-02
-4.314316809177398682e-02
5.849941819906234741e-02
-5.107232183218002319e-02
-5.078553408384323120e-02
-1.358797997236251831e-01
1.279318779706954956e-01
-2.238601893186569214e-01
2.361852079629898071e-01
1.652215868234634399e-01
1.009082347154617310e-01
1.369912326335906982e-01
9.453832358121871948e-02
9.627562016248703003e-02
-3.454535081982612610e-02
9.374214336276054382e-03
-2.276639193296432495e-01
-3.335794433951377869e-02
1.030096784234046936e-01
-4.970694705843925476e-02
8.751441538333892822e-02
-5.715091899037361145e-02
