-6.536932289600372314e-02
6.845583207905292511e-03
-3.101173229515552521e-02
-1.143551245331764221e-01
-1.460165232419967651e-01
-5.105573683977127075e-02
-1.127704158425331116e-01
-1.078108623623847961e-01
1.534890234470367432e-01
-1.353896260261535645e-01
1.770293861627578735e-01
-1.349780056625604630e-02
-1.560876518487930298e-01
-5.733606964349746704e-02
-3.064492903649806976e-02
1.183057576417922974e-01
-2.049956321716308594e-01
-2.017386406660079956e-01
8.528689853847026825e-03
1.026841066777706146e-02
9.293377399444580078e-02
1.567973196506500244e-02
-4.519827663898468018e-03
7.281520217657089233e-02
-1.643685549497604370e-01
-3.731794059276580811e-01
-1.259096115827560425e-01
-1.264326870441436768e-01
-2.922260202467441559e-03
-1.450831349939107895e-02
3.003893420100212097e-02
-9.830598719418048859e-03
-2.113115936517715454e-01
-8.399501442909240723e-03
7.349249720573425293e-02
6.431603431701660156e-02
2.721501700580120087e-02
-8.807307481765747070e-02
1.444297432899475098e-01
1.840677484869956970e-02
-3.086090981960296631e-01
2.404949814081192017e-02
5.304371565580368042e-02
1.939312070608139038e-01
1.438272297382354736e-01
3.982012346386909485e-02
1.700641214847564697e-02
-1.136118769645690918e-01
1.624105274677276611e-01
-1.390462070703506470e-01
4.486067220568656921e-02
1.584967225790023804e-01
2.768116444349288940e-02
2.625359594821929932e-02
4.233151674270629883e-02
-7.971489429473876953e-02
7.603545486927032471e-02
1.109427064657211304e-01
-1.869271248579025269e-01
-7.741796784102916718e-03
9.699605405330657959e-02
2.229514531791210175e-03
3.347880020737648010e-02
-9.688556194305419922e-02
2.082463502883911133e-01
4.554684087634086609e-02
-1.128446981310844421e-01
-2.195944041013717651e-01
1.040850803256034851e-01
-1.998673081398010254e-01
-9.970673918724060059e-02
1.151003688573837280e-01
-1.656458228826522827e-01
-1.928274482488632202e-01
-2.679603397846221924e-01
-3.465490415692329407e-03
4.290062189102172852e-01
1.461766064167022705e-01
-1.123208180069923401e-01
6.970320641994476318e-02
-4.833582788705825806e-02
-4.996014293283224106e-03
1.269835233688354492e-01
1.086438372731208801e-01
4.682394117116928101e-02
4.851701110601425171e-02
-6.994770467281341553e-02
3.187388181686401367e-03
2.933832705020904541e-01
-2.626790851354598999e-02
-3.882460668683052063e-02
2.093158215284347534e-01
-4.284293204545974731e-02
9.239748120307922363e-02
2.677892521023750305e-02
3.226481005549430847e-02
-7.680404931306838989e-02
4.424260929226875305e-02
-8.702913671731948853e-02
2.937233448028564453e-02
-1.776328682899475098e-02
3.475842624902725220e-02
-6.475268397480249405e-03
1.069897189736366272e-01
-1.149421632289886475e-01
9.017237275838851929e-02
-2.082486078143119812e-02
2.635191194713115692e-03
-4.127085581421852112e-02
7.226317375898361206e-02
-1.256036609411239624e-01
-1.090879663825035095e-01
8.403346687555313110e-02
-2.457788586616516113e-01
2.336458861827850342e-01
1.491446048021316528e-01
1.250942200422286987e-01
9.426236152648925781e-02
7.843823730945587158e-02
6.828445941209793091e-03
-3.642267361283302307e-02
-5.286513268947601318e-02
-2.095866203308105469e-01
-5.180873349308967590e-02
6.065757200121879578e-02
-4.588262736797332764e-02
9.413647651672363281e-02
-4.058715328574180603e-02
