-4.922832176089286804e-02
6.650395691394805908e-02
1.214085426181554794e-02
-8.664834499359130859e-02
-1.755539774894714355e-01
5.543426051735877991e-02
-5.698385089635848999e-02
-7.492820918560028076e-02
1.279829442501068115e-01
-1.210967749357223511e-01
2.042250335216522217e-01
-1.121792867779731750e-01
-2.375637888908386230e-01
1.869634166359901428e-02
-9.121166914701461792e-02
2.159131169319152832e-01
-1.491658985614776611e-01
-1.895202100276947021e-01
-2.632132545113563538e-02
6.384062021970748901e-02
1.285719964653253555e-02
2.462400868535041809e-02
-2.744118683040142059e-02
3.298436105251312256e-02
-9.613955020904541016e-02
-3.452935516834259033e-01
-1.248468682169914246e-01
-6.759842485189437866e-02
-5.692363157868385315e-02
-1.120930314064025879e-01
5.775893107056617737e-03
-5.030512344092130661e-03
-1.633514463901519775e-01
2.152388170361518860e-02
7.682771980762481689e-02
8.738825470209121704e-02
-2.696091122925281525e-02
-1.198299974203109741e-01
8.880464732646942139e-02
-3.379025496542453766e-03
-3.389112651348114014e-01
6.127429753541946411e-02
1.028543785214424133e-01
2.508611083030700684e-01
1.510236114263534546e-01
1.061104983091354370e-01
-5.254644155502319336e-02
-1.744543612003326416e-01
1.107031553983688354e-01
-1.612081676721572876e-01
2.369717881083488464e-02
1.052536517381668091e-01
4.396009445190429688e-02
2.911054063588380814e-03
-1.798655465245246887e-02
-1.056357622146606445e-01
3.600128740072250366e-02
1.345999538898468018e-01
-1.516530811786651611e-01
-1.581633836030960083e-02
9.652129560708999634e-02
-1.306619495153427124e-02
2.632668614387512207e-02
-1.594486385583877563e-01
2.529357671737670898e-01
5.538139864802360535e-02
-1.520282775163650513e-01
-2.016188651323318481e-01
1.317855417728424072e-01
-2.005882859230041504e-01
-9.041532129049301147e-02
8.629897981882095337e-02
-1.426023393869400024e-01
-2.130502313375473022e-01
-2.709587514400482178e-01
-2.614973299205303192e-02
3.375321626663208008e-01
9.475371241569519043e-02
-9.637694060802459717e-02
5.936968326568603516e-02
9.543083608150482178e-03
6.414620578289031982e-02
2.994186431169509888e-02
1.929995566606521606e-01
-1.509057357907295227e-03
3.190487623214721680e-02
-7.344906777143478394e-02
-4.550435394048690796e-02
3.217002451419830322e-01
-1.189624890685081482e-01
1.466056797653436661e-02
2.328740358352661133e-01
-9.418684244155883789e-02
2.286763675510883331e-02
-2.340830676257610321e-02
1.676405221223831177e-02
-6.701227277517318726e-02
4.511243477463722229e-02
-1.062248498201370239e-01
-3.468193858861923218e-02
1.030918024480342865e-02
-2.994101867079734802e-02
-1.603858172893524170e-02
1.458760350942611694e-01
-2.019628882408142090e-01
7.664541155099868774e-02
-4.827258735895156860e-02
3.690297156572341919e-02
6.131755933165550232e-02
1.223079022020101547e-02
-7.423113286495208740e-02
-8.542370796203613281e-02
1.874319612979888916e-01
-2.672382891178131104e-01
2.050562947988510132e-01
1.795635819435119629e-01
1.133985891938209534e-01
3.789466992020606995e-02
1.562596708536148071e-01
6.563706696033477783e-02
-9.481749497354030609e-03
-3.675837069749832153e-02
-2.741032242774963379e-01
-1.626862399280071259e-02
9.645748883485794067e-02
-9.901824593544006348e-02
6.387463212013244629e-02
-9.182296693325042725e-03
