-8.147823810577392578e-02
6.688385456800460815e-02
1.938887126743793488e-02
-5.374948680400848389e-02
-8.171686530113220215e-02
2.798332646489143372e-02
-3.026023134589195251e-02
-1.730457842350006104e-01
1.044838279485702515e-01
-1.312085390090942383e-01
2.682827413082122803e-01
-6.286838650703430176e-02
-1.746377944946289062e-01
-1.301021575927734375e-01
-5.347503349184989929e-02
2.124929279088973999e-01
-2.237816751003265381e-01
-1.609703749418258667e-01
-5.070530250668525696e-02
6.590606272220611572e-02
7.385364174842834473e-02
-3.078030049800872803e-02
6.137863174080848694e-02
4.362097010016441345e-02
-7.843457162380218506e-02
-3.680443167686462402e-01
-6.279764324426651001e-02
-8.881457149982452393e-02
6.986977159976959229e-02
-4.761261120438575745e-02
-5.126664042472839355e-02
2.464676462113857269e-02
-2.423802912235260010e-01
-2.365029416978359222e-02
-2.706951275467872620e-02
7.638712227344512939e-02
-3.463996946811676025e-02
-7.567014545202255249e-02
1.672109961509704590e-01
-7.343172561377286911e-03
-2.669268250465393066e-01
3.314334899187088013e-02
2.854347787797451019e-02
2.204496860504150391e-01
2.042738199234008789e-01
4.301305115222930908e-02
3.434990346431732178e-02
-1.592572480440139771e-01
9.575291723012924194e-02
-1.551740169525146484e-01
1.211866643279790878e-02
7.925439625978469849e-02
9.188724309206008911e-02
3.693976998329162598e-02
-1.936863735318183899e-02
-1.183142662048339844e-01
4.817909002304077148e-02
9.050992131233215332e-02
-1.608622670173645020e-01
3.581472113728523254e-02
8.869816362857818604e-02
-5.714949220418930054e-02
4.219550266861915588e-02
-9.615064412355422974e-02
2.356906235218048096e-01
4.916324466466903687e-02
-9.498269110918045044e-02
-1.674878299236297607e-01
1.008212193846702576e-01
-1.390908509492874146e-01
-7.509673386812210083e-02
5.706539750099182129e-02
-1.281317472457885742e-01
-1.965360045433044434e-01
-3.251621127128601074e-01
-9.647171944379806519e-03
3.656328916549682617e-01
1.118362620472908020e-01
-1.637136638164520264e-01
3.765618801116943359e-02
1.638824865221977234e-02
-1.259233243763446808e-02
1.576053798198699951e-01
1.873198896646499634e-01
-1.766970194876194000e-02
3.612904995679855347e-02
-9.769319742918014526e-02
-2.322675660252571106e-03
2.220350503921508789e-01
-7.341912388801574707e-02
-2.526025474071502686e-02
2.204356491565704346e-01
-6.964163482189178467e-02
2.188930474221706390e-02
2.091503702104091644e-02
4.217234253883361816e-02
-6.197290122509002686e-02
1.296908259391784668e-01
-1.030874177813529968e-01
9.289524517953395844e-03
1.415628846734762192e-02
-4.422206431627273560e-02
3.522767126560211182e-02
8.568935841321945190e-02
-1.025019809603691101e-01
8.846858143806457520e-02
-6.507858633995056152e-02
5.891872569918632507e-02
5.483971536159515381e-02
-3.213116154074668884e-02
-1.044403463602066040e-01
-7.061922550201416016e-02
1.054653152823448181e-01
-2.195768952369689941e-01
2.189987897872924805e-01
1.971469074487686157e-01
5.852473899722099304e-02
9.344933182001113892e-02
1.459019631147384644e-01
1.240164786577224731e-01
-2.655023336410522461e-02
3.536811470985412598e-02
-2.370548993349075317e-01
8.014961145818233490e-03
1.313958466053009033e-01
-5.601512640714645386e-02
1.353248059749603271e-01
6.944667547941207886e-04
