-1.057848334312438965e-01
6.235064193606376648e-02
-7.891445420682430267e-04
-1.375619620084762573e-01
-1.163863688707351685e-01
1.975719816982746124e-03
-4.855760186910629272e-02
-1.522609591484069824e-01
1.500606089830398560e-01
-1.872477829456329346e-01
2.215347737073898315e-01
-3.871053829789161682e-02
-2.019899636507034302e-01
-9.941456466913223267e-02
-9.742556139826774597e-04
2.003705799579620361e-01
-2.461208552122116089e-01
-1.240056976675987244e-01
-7.543209940195083618e-02
3.077488765120506287e-02
7.226079702377319336e-02
2.747703902423381805e-02
8.004682138562202454e-03
5.901702120900154114e-02
-6.229635328054428101e-02
-3.862987160682678223e-01
-7.394824922084808350e-02
-6.902779638767242432e-02
7.998746633529663086e-02
-3.821467608213424683e-02
-4.995552450418472290e-02
1.421508565545082092e-02
-2.425560355186462402e-01
-5.347321927547454834e-02
6.078405305743217468e-03
9.551082551479339600e-02
-1.746832206845283508e-02
-1.104227602481842041e-01
1.259834766387939453e-01
-1.663219928741455078e-02
-2.511538267135620117e-01
3.469780832529067993e-02
2.887235395610332489e-02
1.759535223245620728e-01
1.592332720756530762e-01
2.183738350868225098e-02
1.950380578637123108e-02
-1.278899759054183960e-01
1.480773985385894775e-01
-2.302048504352569580e-01
-4.771138355135917664e-02
5.898143351078033447e-02
9.184616617858409882e-03
4.013785719871520996e-02
1.727246493101119995e-02
-1.438037455081939697e-01
8.197090029716491699e-02
1.283307820558547974e-01
-2.477261573076248169e-01
2.699697390198707581e-03
7.931765913963317871e-02
-8.895143866539001465e-02
-7.240903098136186600e-03
-6.440947204828262329e-02
1.980658173561096191e-01
1.150216907262802124e-01
-6.189050525426864624e-02
-1.990831345319747925e-01
1.626519262790679932e-01
-1.777123212814331055e-01
-3.200507164001464844e-02
4.045992717146873474e-02
-7.417717576026916504e-02
-1.885263323783874512e-01
-2.200116962194442749e-01
-1.819511130452156067e-02
3.581247925758361816e-01
1.815955787897109985e-01
-1.398162096738815308e-01
5.864201486110687256e-02
-9.862108156085014343e-03
-2.310466580092906952e-02
1.677190214395523071e-01
9.349193423986434937e-02
1.575335487723350525e-02
3.819923847913742065e-02
-6.682809442281723022e-02
4.074332490563392639e-02
2.462242096662521362e-01
-2.907009050250053406e-02
5.658601224422454834e-02
2.909343540668487549e-01
3.686844371259212494e-03
4.168891906738281250e-02
5.814173817634582520e-02
4.320084117352962494e-03
-7.181356847286224365e-02
7.506748288869857788e-02
-1.367730796337127686e-01
4.723840206861495972e-02
2.365972660481929779e-02
-7.622781395912170410e-02
4.150027036666870117e-02
7.988721132278442383e-02
-1.420212835073471069e-01
1.513654440641403198e-01
-5.010236054658889771e-02
6.777949631214141846e-03
1.784213818609714508e-02
-3.420488536357879639e-02
-5.696880817413330078e-02
-2.823692932724952698e-02
1.083393096923828125e-01
-2.189004570245742798e-01
2.447274774312973022e-01
2.121075838804244995e-01
6.610107421875000000e-02
1.476334333419799805e-01
6.408633291721343994e-02
5.983746424317359924e-02
-5.027940496802330017e-04
-4.639030247926712036e-02
-2.480512112379074097e-01
-6.161586195230484009e-02
1.122581064701080322e-01
-8.463025838136672974e-02
7.457800954580307007e-02
-1.583366282284259796e-02
