-8.004967868328094482e-02
-3.270450979471206665e-04
3.500575199723243713e-02
-1.677994616329669952e-02
-7.632075250148773193e-02
-3.341037407517433167e-02
-8.427926152944564819e-02
-1.723819822072982788e-01
1.034211069345474243e-01
-7.891687005758285522e-02
1.876400411128997803e-01
-5.565798655152320862e-02
-2.113969773054122925e-01
-3.827670961618423462e-02
-7.794941961765289307e-02
2.174081504344940186e-01
-1.640578359365463257e-01
-1.445126384496688843e-01
-2.475540712475776672e-02
1.900833845138549805e-02
5.426038801670074463e-02
-4.580560699105262756e-02
2.065750025212764740e-02
3.246847540140151978e-02
-5.361725389957427979e-02
-3.248256146907806396e-01
-1.152069494128227234e-01
-7.444578409194946289e-02
1.596194878220558167e-02
-1.141482684761285782e-02
-3.320176154375076294e-02
6.599904038012027740e-03
-1.924535781145095825e-01
1.938687823712825775e-02
5.794510617852210999e-02
6.371945887804031372e-02
1.082704868167638779e-02
-1.524884253740310669e-01
1.609359681606292725e-01
4.014935344457626343e-03
-2.802625000476837158e-01
1.734944060444831848e-03
7.830923050642013550e-02
1.454487144947052002e-01
1.938412040472030640e-01
3.203836828470230103e-02
6.614340469241142273e-03
-1.523767262697219849e-01
1.209311336278915405e-01
-1.618220061063766479e-01
-3.231088072061538696e-02
1.440886557102203369e-01
5.519134178757667542e-02
2.406278997659683228e-02
1.023371517658233643e-02
-9.337471425533294678e-02
4.673936963081359863e-02
1.716644614934921265e-01
-1.783986091613769531e-01
3.119703754782676697e-02
7.433551549911499023e-02
-7.590132951736450195e-02
1.905790343880653381e-02
-1.431868374347686768e-01
2.149720042943954468e-01
1.145960763096809387e-01
-1.374433636665344238e-01
-1.756966710090637207e-01
1.209966167807579041e-01
-1.787917613983154297e-01
-7.451125979423522949e-02
3.740860521793365479e-02
-1.426184624433517456e-01
-2.217621952295303345e-01
-2.892470061779022217e-01
-3.074473515152931213e-02
3.791111111640930176e-01
1.236424222588539124e-01
-1.465106308460235596e-01
6.525178998708724976e-02
-2.301473543047904968e-02
-1.108956802636384964e-02
1.098301410675048828e-01
1.783503741025924683e-01
3.430832177400588989e-02
-1.704834401607513428e-02
-5.405975505709648132e-02
-1.139192953705787659e-01
2.860982716083526611e-01
-4.865218326449394226e-02
2.934256196022033691e-02
2.044492810964584351e-01
-1.268002092838287354e-01
2.169678732752799988e-02
-4.675852879881858826e-02
2.882959879934787750e-02
-8.525724709033966064e-02
3.974332660436630249e-02
-6.581743061542510986e-02
-5.932041630148887634e-02
-6.239665299654006958e-02
-5.366966500878334045e-02
5.281434208154678345e-02
9.092101454734802246e-02
-1.537327915430068970e-01
1.590425148606300354e-02
-5.118973925709724426e-02
3.782842308282852173e-02
6.635809689760208130e-02
8.627893403172492981e-04
-6.210859492421150208e-02
-7.406436651945114136e-02
1.185228377580642700e-01
-2.325913906097412109e-01
2.494282722473144531e-01
1.849352717399597168e-01
6.275236606597900391e-02
6.299661844968795776e-02
9.271221607923507690e-02
1.431551128625869751e-01
-3.455495834350585938e-02
-7.065255194902420044e-04
-1.843055784702301025e-01
-2.544428221881389618e-02
5.154662206768989563e-02
-5.452382192015647888e-02
5.457392707467079163e-02
-2.970919199287891388e-02
