-1.087119355797767639e-01
5.974943190813064575e-02
3.228574246168136597e-02
-1.345106214284896851e-01
-1.359773427248001099e-01
2.466252818703651428e-02
-9.434795379638671875e-02
-1.158110946416854858e-01
1.676074266433715820e-01
-2.044005244970321655e-01
2.143267691135406494e-01
-8.338069170713424683e-02
-2.328876256942749023e-01
-6.825421750545501709e-02
-5.071211606264114380e-02
2.216173410415649414e-01
-2.157749831676483154e-01
-1.390794068574905396e-01
-1.736392080783843994e-02
2.855527773499488831e-02
6.149285659193992615e-02
-3.048623353242874146e-02
5.960910022258758545e-02
5.299410969018936157e-02
-1.252804845571517944e-01
-4.203499853610992432e-01
-1.172052994370460510e-01
-4.425983875989913940e-02
-1.165637094527482986e-02
-5.937476083636283875e-02
-8.544459939002990723e-02
-1.699537597596645355e-02
-2.162525206804275513e-01
-1.609252020716667175e-02
-3.518746048212051392e-02
8.218751847743988037e-02
-5.476699210703372955e-03
-1.125999763607978821e-01
1.195979639887809753e-01
3.888616338372230530e-02
-2.549962103366851807e-01
-4.825949203222990036e-03
2.735824510455131531e-02
2.173739373683929443e-01
1.644884347915649414e-01
2.840382233262062073e-02
3.895564377307891846e-02
-1.448869407176971436e-01
1.471988856792449951e-01
-1.689567267894744873e-01
-6.161918863654136658e-03
9.620463848114013672e-02
3.703643381595611572e-02
-1.931646838784217834e-03
7.899452000856399536e-03
-8.742100000381469727e-02
6.199907511472702026e-02
1.783348023891448975e-01
-1.379412114620208740e-01
2.993891946971416473e-02
1.172498017549514771e-01
-5.118478089570999146e-02
3.017919138073921204e-03
-1.226712986826896667e-01
2.637907266616821289e-01
1.152207404375076294e-01
-1.160004884004592896e-01
-1.937230229377746582e-01
1.276525408029556274e-01
-1.084917560219764709e-01
-4.363962262868881226e-02
-1.723534613847732544e-02
-1.509889215230941772e-01
-1.941778361797332764e-01
-2.689942717552185059e-01
-1.654227823019027710e-02
3.458388447761535645e-01
1.201066672801971436e-01
-1.435945779085159302e-01
5.174219980835914612e-02
-3.814132511615753174e-02
3.986915107816457748e-03
1.296969503164291382e-01
1.915469616651535034e-01
-7.051194086670875549e-03
4.413593187928199768e-02
-8.013799786567687988e-02
1.802210509777069092e-02
2.393453717231750488e-01
-7.650363445281982422e-02
4.316467046737670898e-02
2.315072119235992432e-01
-4.556775838136672974e-02
7.425954937934875488e-02
1.863500103354454041e-02
-2.603814238682389259e-03
-1.603069156408309937e-01
1.159716546535491943e-01
-1.035137325525283813e-01
5.702812597155570984e-02
-9.418837726116180420e-03
-8.267105370759963989e-02
1.588012836873531342e-02
7.425709068775177002e-02
-1.362088471651077271e-01
1.192337647080421448e-01
-3.709929063916206360e-02
2.625461295247077942e-02
4.179459437727928162e-02
-8.242784067988395691e-03
-9.517428278923034668e-02
-9.298269450664520264e-02
1.026084944605827332e-01
-2.161584347486495972e-01
1.801711469888687134e-01
2.032428383827209473e-01
9.785436838865280151e-02
1.374117881059646606e-01
1.390232145786285400e-01
1.224775761365890503e-01
-1.810973510146141052e-03
5.548761412501335144e-02
-2.239830642938613892e-01
1.596060581505298615e-02
8.926303684711456299e-02
-9.948968887329101562e-02
8.056160807609558105e-02
-4.307069815695285797e-03
