-1.218168586492538452e-01
4.199439287185668945e-02
9.007285535335540771e-02
-1.356091350317001343e-01
-9.785898774862289429e-02
-5.761130154132843018e-02
-3.601698204874992371e-03
-1.264244318008422852e-01
1.903501003980636597e-01
-1.569690108299255371e-01
2.553043961524963379e-01
-7.519500702619552612e-02
-1.848621666431427002e-01
-3.859183192253112793e-02
-1.684869267046451569e-02
2.225831300020217896e-01
-2.130936235189437866e-01
-1.665229797363281250e-01
-2.951794862747192383e-02
5.776523612439632416e-03
6.443617492914199829e-02
-7.191888988018035889e-02
-2.276661247014999390e-02
4.084019362926483154e-02
-1.321565210819244385e-01
-3.400847315788269043e-01
-8.933681994676589966e-02
-9.947998821735382080e-02
-4.281280189752578735e-02
-6.684165447950363159e-02
8.389953523874282837e-03
1.208956167101860046e-02
-2.101733535528182983e-01
-2.488468401134014130e-02
-7.785546779632568359e-02
7.549934089183807373e-02
-7.032461930066347122e-03
-1.139973327517509460e-01
1.280089616775512695e-01
5.703832581639289856e-02
-2.712187767028808594e-01
1.869083568453788757e-02
-1.083463430404663086e-04
2.521233856678009033e-01
1.344367414712905884e-01
-3.679594025015830994e-02
5.163823813199996948e-02
-7.636005431413650513e-02
1.136811971664428711e-01
-1.995225846767425537e-01
-5.049465224146842957e-02
4.939796775579452515e-02
5.195418372750282288e-02
4.570806771516799927e-02
9.421175345778465271e-04
-1.217895895242691040e-01
8.366939425468444824e-02
1.017931103706359863e-01
-1.896446347236633301e-01
6.246987730264663696e-02
1.177761107683181763e-01
-8.424586057662963867e-02
-1.580239646136760712e-02
-1.059214398264884949e-01
2.668311595916748047e-01
1.234612986445426941e-01
-1.274604201316833496e-01
-1.370601505041122437e-01
7.521563023328781128e-02
-8.413002640008926392e-02
-1.035379916429519653e-01
-2.741510979831218719e-03
-1.747570484876632690e-01
-1.743567734956741333e-01
-3.275350034236907959e-01
-1.166818663477897644e-02
4.020313024520874023e-01
8.905052393674850464e-02
-2.107741385698318481e-01
2.925031632184982300e-02
-8.930456638336181641e-02
5.147187784314155579e-02
1.260267198085784912e-01
1.743213087320327759e-01
3.657475113868713379e-02
1.099564656615257263e-01
-1.038534864783287048e-01
-2.234296500682830811e-02
1.994380801916122437e-01
-6.437808275222778320e-02
-2.972393296658992767e-02
2.140960842370986938e-01
-5.832695215940475464e-02
4.328458011150360107e-02
-1.389243546873331070e-02
1.047937758266925812e-02
-9.679480642080307007e-02
5.333290249109268188e-02
-8.704662322998046875e-02
-2.649071067571640015e-02
6.197125650942325592e-03
-6.510136276483535767e-02
-1.418094430118799210e-02
6.605429947376251221e-02
-1.857782900333404541e-01
1.586745083332061768e-01
1.376627292484045029e-02
5.990688130259513855e-02
-7.538771722465753555e-03
6.574968993663787842e-02
-5.423446372151374817e-02
-4.801018163561820984e-02
1.032792404294013977e-01
-2.225959748029708862e-01
1.856920868158340454e-01
2.551511824131011963e-01
3.942020982503890991e-02
1.148176938295364380e-01
9.432470053434371948e-02
5.834115296602249146e-02
-7.913707196712493896e-02
7.641892135143280029e-02
-1.774194389581680298e-01
3.360828384757041931e-03
3.323780000209808350e-02
5.583744496107101440e-04
1.032146960496902466e-01
3.884462267160415649e-02
