-6.664241850376129150e-02
2.498495206236839294e-02
6.887397170066833496e-02
-1.283789873123168945e-01
-1.359179466962814331e-01
-3.951572626829147339e-02
-6.755685806274414062e-02
-1.259405463933944702e-01
1.755509674549102783e-01
-1.865302920341491699e-01
2.431890815496444702e-01
-4.284381866455078125e-02
-1.783048212528228760e-01
-7.207000255584716797e-02
-9.808881580829620361e-02
2.569940090179443359e-01
-2.140654027462005615e-01
-1.504630744457244873e-01
-3.355123847723007202e-02
4.759700968861579895e-03
7.353084534406661987e-02
3.919723257422447205e-02
4.636450484395027161e-02
5.209895968437194824e-02
-1.526351571083068848e-01
-3.527995944023132324e-01
-8.315420150756835938e-02
-4.540364444255828857e-02
-3.442172333598136902e-02
-4.150845482945442200e-02
-5.368706583976745605e-02
8.345788717269897461e-02
-1.957198977470397949e-01
8.984990417957305908e-03
8.971557952463626862e-03
1.387556791305541992e-01
-1.563368737697601318e-02
-7.374060899019241333e-02
1.197976022958755493e-01
8.278125897049903870e-04
-3.304924070835113525e-01
1.123868674039840698e-02
4.752874746918678284e-02
2.283955663442611694e-01
1.595755964517593384e-01
-1.814373210072517395e-02
1.260920241475105286e-02
-1.220244169235229492e-01
1.128776147961616516e-01
-2.204467207193374634e-01
-4.262525588274002075e-03
5.828840658068656921e-02
3.113335184752941132e-02
2.725248597562313080e-02
-6.084964610636234283e-03
-8.446855098009109497e-02
5.275407806038856506e-02
1.434646546840667725e-01
-1.666380017995834351e-01
-3.496890887618064880e-02
9.204035252332687378e-02
-1.612332761287689209e-01
-1.421331800520420074e-02
-1.223584562540054321e-01
1.867079585790634155e-01
1.000184342265129089e-01
-1.347399204969406128e-01
-1.974234431982040405e-01
6.614899635314941406e-02
-1.608571559190750122e-01
-8.768784999847412109e-02
8.558019995689392090e-02
-1.208251118659973145e-01
-1.677489280700683594e-01
-3.787646889686584473e-01
-4.384635761380195618e-02
4.280459880828857422e-01
1.043810322880744934e-01
-1.352620273828506470e-01
3.989823162555694580e-02
1.567237079143524170e-02
2.249839715659618378e-02
1.329111456871032715e-01
1.745104044675827026e-01
1.728912070393562317e-02
8.767790347337722778e-02
-1.242485716938972473e-01
5.826643109321594238e-02
2.168498784303665161e-01
-1.173369362950325012e-01
-2.526909485459327698e-02
1.931864619255065918e-01
-3.847536817193031311e-02
1.096332296729087830e-01
-2.215130627155303955e-02
8.712208271026611328e-02
-8.299355208873748779e-02
1.077080368995666504e-01
-9.669263660907745361e-02
7.250350713729858398e-02
2.615916915237903595e-02
8.188136853277683258e-03
-6.512342952191829681e-04
7.627052068710327148e-02
-1.019653677940368652e-01
1.487797498703002930e-01
-2.850625477731227875e-02
2.609153278172016144e-03
2.348670735955238342e-02
-1.424091402441263199e-03
-7.617910206317901611e-02
-8.232212811708450317e-02
9.272067993879318237e-02
-2.271926999092102051e-01
1.665010303258895874e-01
2.136595845222473145e-01
5.767634138464927673e-02
1.403162330389022827e-01
1.030417457222938538e-01
5.677441507577896118e-02
-6.388362497091293335e-02
-2.452737465500831604e-02
-2.211535871028900146e-01
-1.275339350104331970e-02
1.073563396930694580e-01
-7.967986911535263062e-02
1.354775428771972656e-01
-6.799379829317331314e-03
