-8.725140988826751709e-02
5.664821341633796692e-02
4.917943105101585388e-02
-4.867752641439437866e-02
-1.943444311618804932e-01
1.096512004733085632e-02
-9.655735641717910767e-02
-1.588557213544845581e-01
1.564247757196426392e-01
-1.552357226610183716e-01
2.776768505573272705e-01
-9.018758684396743774e-02
-1.879584640264511108e-01
-7.252603769302368164e-02
-5.410471558570861816e-02
1.760886907577514648e-01
-1.985629051923751831e-01
-1.328549236059188843e-01
-9.599091485142707825e-03
-1.189694646745920181e-02
8.591539412736892700e-02
-2.624051086604595184e-02
3.449031338095664978e-02
-1.141158677637577057e-02
-1.617645323276519775e-01
-4.156330227851867676e-01
-4.468534141778945923e-02
-7.460185885429382324e-02
5.703014880418777466e-02
-3.988108783960342407e-02
-6.948402523994445801e-02
6.392058730125427246e-02
-1.865711957216262817e-01
-3.332653269171714783e-02
1.802341081202030182e-02
1.127639263868331909e-01
-2.103680744767189026e-02
-7.802706956863403320e-02
1.186060756444931030e-01
-3.652478009462356567e-02
-3.118686974048614502e-01
-1.009117811918258667e-03
8.450745791196823120e-02
1.822019517421722412e-01
1.402816325426101685e-01
3.242336958646774292e-02
1.894244179129600525e-02
-2.057571560144424438e-01
1.490105688571929932e-01
-1.828552782535552979e-01
3.436820581555366516e-02
1.000412404537200928e-01
2.647181600332260132e-02
1.551799010485410690e-02
4.376459121704101562e-02
-9.270338714122772217e-02
4.802118241786956787e-02
1.398938894271850586e-01
-1.938378959894180298e-01
-3.297645971179008484e-02
1.256383061408996582e-01
-1.759994961321353912e-02
-1.584831066429615021e-02
-1.168790906667709351e-01
2.337764948606491089e-01
1.659315824508666992e-01
-4.355851560831069946e-02
-1.945715099573135376e-01
1.051276698708534241e-01
-1.392566114664077759e-01
-1.133765950798988342e-01
9.426893293857574463e-02
-1.074356511235237122e-01
-1.725016385316848755e-01
-3.222737312316894531e-01
-6.216972321271896362e-02
4.528035521507263184e-01
9.315934777259826660e-02
-1.349841803312301636e-01
1.321973185986280441e-02
-1.857195235788822174e-02
-2.845486067235469818e-02
2.033367604017257690e-01
1.026351749897003174e-01
-2.547153644263744354e-02
1.906702667474746704e-02
-9.006962925195693970e-02
1.485029235482215881e-03
2.768704593181610107e-01
-8.177719265222549438e-02
-2.619825070723891258e-03
1.797524243593215942e-01
1.856237836182117462e-02
5.249670520424842834e-02
3.690017759799957275e-02
4.991726204752922058e-02
-1.334511637687683105e-01
6.912861019372940063e-02
-1.751427650451660156e-01
-8.581434190273284912e-02
2.894329279661178589e-02
-3.084847703576087952e-03
1.728686131536960602e-02
9.510678052902221680e-02
-2.038103491067886353e-01
1.062943115830421448e-01
5.136271007359027863e-03
-1.377093233168125153e-02
8.605380356311798096e-02
-4.879689589142799377e-02
-2.918157167732715607e-02
-6.215126067399978638e-02
1.029893010854721069e-01
-2.460591346025466919e-01
1.713080704212188721e-01
1.482320427894592285e-01
1.376244425773620605e-01
1.473579257726669312e-01
1.072485521435737610e-01
2.236867323517799377e-02
-3.845148161053657532e-02
-4.208564013242721558e-02
-1.992693096399307251e-01
-7.479705382138490677e-04
7.790026068687438965e-02
-7.404281944036483765e-02
5.781248211860656738e-02
-2.259968593716621399e-02
