-1.378717273473739624e-01
3.414307907223701477e-02
8.323285728693008423e-03
-7.343697547912597656e-02
-1.507019847631454468e-01
-4.229299724102020264e-03
-6.028702855110168457e-02
-1.725803762674331665e-01
1.873628050088882446e-01
-1.564619988203048706e-01
3.068841993808746338e-01
-3.951004520058631897e-02
-1.321720331907272339e-01
-1.152793392539024353e-01
-7.150399684906005859e-02
2.090325206518173218e-01
-2.653325796127319336e-01
-1.220215708017349243e-01
2.019341848790645599e-02
-7.989214733242988586e-03
6.134880334138870239e-02
-3.292212635278701782e-02
5.221644788980484009e-02
6.065882369875907898e-02
-9.124964475631713867e-02
-4.252652525901794434e-01
-6.980107724666595459e-02
-1.726771444082260132e-01
5.363766103982925415e-04
1.113401819020509720e-02
-4.220823198556900024e-02
7.489067316055297852e-02
-2.138679325580596924e-01
-1.730221323668956757e-02
-2.293292805552482605e-02
5.730402469635009766e-02
-3.080870956182479858e-02
3.732347860932350159e-03
1.593842208385467529e-01
-1.419260911643505096e-02
-2.341742962598800659e-01
-2.480032853782176971e-02
6.496909260749816895e-02
2.426444739103317261e-01
1.692050099372863770e-01
1.311575062572956085e-02
5.126911215484142303e-03
-9.227757155895233154e-02
1.004059091210365295e-01
-1.915005445480346680e-01
5.457729101181030273e-02
9.444041550159454346e-02
1.081567928194999695e-01
-7.446389645338058472e-05
4.426692798733711243e-02
-1.005024462938308716e-01
1.030747778713703156e-03
9.259565174579620361e-02
-1.630923748016357422e-01
5.791278555989265442e-02
7.993151247501373291e-02
-4.128059372305870056e-02
-4.274432361125946045e-02
-1.206682100892066956e-01
2.752732336521148682e-01
1.650198101997375488e-01
-1.154562011361122131e-01
-1.478127241134643555e-01
7.061228156089782715e-02
-1.238904595375061035e-01
-1.005901619791984558e-01
1.965830847620964050e-02
-1.775359809398651123e-01
-2.339233458042144775e-01
-3.368703722953796387e-01
-2.009723521769046783e-02
4.325944483280181885e-01
1.059792488813400269e-01
-1.779469847679138184e-01
-4.506374709308147430e-03
-2.865033783018589020e-02
-5.279305204749107361e-02
1.632289886474609375e-01
1.365159898996353149e-01
1.291655376553535461e-02
2.774214372038841248e-04
-7.974573969841003418e-02
-2.921391278505325317e-04
1.810322105884552002e-01
-9.326931834220886230e-02
-3.664373233914375305e-02
2.197641134262084961e-01
-9.300169348716735840e-02
3.511321172118186951e-02
-3.874503821134567261e-02
3.255408257246017456e-02
-6.190151721239089966e-02
9.536983072757720947e-02
-1.432937085628509521e-01
-1.256185863167047501e-02
-2.622277289628982544e-02
-3.737761825323104858e-02
-1.893367245793342590e-02
3.845602646470069885e-02
-1.831872761249542236e-01
6.251786649227142334e-02
-1.481909537687897682e-03
2.096525952219963074e-02
2.296140789985656738e-02
-7.714834064245223999e-03
-1.411383748054504395e-01
-6.779523193836212158e-02
1.302126497030258179e-01
-2.064390778541564941e-01
2.490136921405792236e-01
1.812402606010437012e-01
8.602394908666610718e-02
1.850043237209320068e-01
9.212883561849594116e-02
3.537822514772415161e-02
-3.677545115351676941e-02
-2.259529754519462585e-02
-2.000174224376678467e-01
8.209102787077426910e-03
9.174232184886932373e-02
-6.094583868980407715e-02
6.719362735748291016e-02
2.885803114622831345e-03
