-1.342750489711761475e-01
-4.419648647308349609e-02
2.158684656023979187e-02
-9.116234630346298218e-02
-9.406993538141250610e-02
-8.648144453763961792e-02
-7.335765659809112549e-02
-1.018360182642936707e-01
1.486803889274597168e-01
-1.778772175312042236e-01
2.155850529670715332e-01
-8.112289011478424072e-02
-1.871847510337829590e-01
-7.518739998340606689e-02
-7.565690577030181885e-02
1.917877942323684692e-01
-2.162623107433319092e-01
-1.050915047526359558e-01
-3.948091715574264526e-02
-6.937293335795402527e-03
1.038017123937606812e-01
-1.115632429718971252e-02
-1.427971385419368744e-02
3.994524851441383362e-02
-9.931641817092895508e-02
-3.352169990539550781e-01
-1.340162009000778198e-01
-5.826755613088607788e-02
1.910459250211715698e-02
-4.618754982948303223e-02
8.140106685459613800e-03
4.214626550674438477e-02
-1.686168909072875977e-01
-2.654802426695823669e-02
1.309966575354337692e-02
1.197829246520996094e-01
-7.974107749760150909e-03
-1.045328229665756226e-01
1.156017184257507324e-01
-2.142128720879554749e-02
-2.765361368656158447e-01
-3.036627359688282013e-02
8.332490921020507812e-02
1.853776723146438599e-01
2.215969264507293701e-01
2.917165867984294891e-02
-3.451482206583023071e-02
-1.358128190040588379e-01
1.404870003461837769e-01
-2.028772979974746704e-01
-1.037503555417060852e-01
9.875408560037612915e-02
1.909015886485576630e-02
2.820275723934173584e-02
6.018709391355514526e-02
-4.128766059875488281e-02
8.150979876518249512e-02
1.761485189199447632e-01
-2.191873192787170410e-01
-9.985851123929023743e-03
5.202310532331466675e-02
-1.247148960828781128e-01
-5.614260677248239517e-03
-7.242956012487411499e-02
1.616013050079345703e-01
9.549538791179656982e-02
-9.835127741098403931e-02
-2.240152508020401001e-01
1.805079728364944458e-01
-2.556607425212860107e-01
-6.819324195384979248e-02
1.249035596847534180e-01
-7.278823852539062500e-02
-2.220681458711624146e-01
-2.765686810016632080e-01
-8.296211063861846924e-02
3.476464152336120605e-01
1.481610536575317383e-01
-1.004788652062416077e-01
8.104613423347473145e-02
2.098967134952545166e-02
-3.968176245689392090e-02
1.865219324827194214e-01
1.535433679819107056e-01
4.629544168710708618e-02
1.781035959720611572e-02
-1.109619736671447754e-01
-4.302090033888816833e-02
2.464412599802017212e-01
-5.251779779791831970e-02
5.398859456181526184e-02
2.322321534156799316e-01
-2.661883644759654999e-02
3.277770802378654480e-02
2.751089259982109070e-02
2.210030145943164825e-02
-1.092548593878746033e-01
6.205725297331809998e-02
-1.368742883205413818e-01
-3.810951113700866699e-02
3.609067201614379883e-02
-1.418223045766353607e-02
3.864009678363800049e-02
6.029511615633964539e-02
-5.372660234570503235e-02
8.350504189729690552e-02
-5.377579480409622192e-02
1.951609179377555847e-02
6.757535040378570557e-03
-7.141412794589996338e-02
-5.292585492134094238e-02
-4.533322528004646301e-02
1.171173602342605591e-01
-2.041649073362350464e-01
1.428052634000778198e-01
1.736968606710433960e-01
4.431512579321861267e-02
9.230950474739074707e-02
1.022217571735382080e-01
7.313323020935058594e-02
-4.488461837172508240e-02
-5.953826382756233215e-02
-2.153844088315963745e-01
1.785363187082111835e-03
1.897243782877922058e-02
-7.950743287801742554e-02
7.286378741264343262e-02
-8.008790761232376099e-02
