-8.675578236579895020e-02
7.877411693334579468e-02
-9.546287357807159424e-03
-1.224798560142517090e-01
-1.483090668916702271e-01
-7.028804626315832138e-03
-8.631953597068786621e-02
-1.453230977058410645e-01
2.080041915178298950e-01
-1.304263174533843994e-01
2.226433753967285156e-01
-9.649924933910369873e-02
-2.617955505847930908e-01
-8.262296766042709351e-02
-5.968563631176948547e-02
1.962310820817947388e-01
-1.599504798650741577e-01
-1.568854153156280518e-01
-2.610852569341659546e-02
3.024371899664402008e-02
2.375804632902145386e-02
-3.578527644276618958e-02
3.851294890046119690e-02
9.417898952960968018e-02
-1.226756572723388672e-01
-3.084058761596679688e-01
-5.640653520822525024e-02
-1.372375786304473877e-01
-2.504481375217437744e-02
-8.696510642766952515e-02
-2.461148053407669067e-02
1.270270813256502151e-02
-2.295975536108016968e-01
-7.167135179042816162e-02
4.326217994093894958e-02
7.199081033468246460e-02
-9.135394543409347534e-02
-7.534305006265640259e-02
1.522006094455718994e-01
-6.639468669891357422e-02
-2.804880142211914062e-01
-1.019528582692146301e-01
-6.947098299860954285e-04
1.427687257528305054e-01
1.140085458755493164e-01
3.257084637880325317e-02
3.102166578173637390e-02
-1.693971902132034302e-01
1.446332782506942749e-01
-1.780517995357513428e-01
-3.382246941328048706e-03
1.434024274349212646e-01
6.822895258665084839e-02
-2.478460967540740967e-02
1.776550523936748505e-02
-1.067267730832099915e-01
3.297621011734008789e-02
2.055188715457916260e-01
-1.987156122922897339e-01
2.717459760606288910e-02
8.815347403287887573e-02
-5.898815020918846130e-02
-5.192320793867111206e-02
-1.064009889960289001e-01
2.379653751850128174e-01
8.052708208560943604e-02
-1.451005935668945312e-01
-1.688386499881744385e-01
1.754827350378036499e-01
-1.224663853645324707e-01
-3.639035671949386597e-02
1.020693331956863403e-01
-1.027415096759796143e-01
-2.571312189102172852e-01
-2.526561617851257324e-01
-4.175828024744987488e-02
3.758406937122344971e-01
6.090101599693298340e-02
-9.508585929870605469e-02
4.234288632869720459e-02
-3.022127039730548859e-02
-3.897272422909736633e-02
-2.219062671065330505e-02
1.341422349214553833e-01
-4.616529867053031921e-02
3.748308494687080383e-02
-2.971864864230155945e-02
8.941628038883209229e-03
2.205752134323120117e-01
-1.107080727815628052e-01
6.299877911806106567e-02
1.969293057918548584e-01
-1.076609566807746887e-01
2.106476202607154846e-02
-2.727464027702808380e-02
2.327933907508850098e-02
-1.113691329956054688e-01
7.632043212652206421e-02
-4.594968631863594055e-02
1.150240655988454819e-02
5.990816280245780945e-02
-7.595821470022201538e-02
2.231648191809654236e-02
7.871031761169433594e-02
-1.512621343135833740e-01
7.663553953170776367e-02
-5.437889322638511658e-02
-9.446088224649429321e-04
2.456155978143215179e-02
-3.483911976218223572e-02
-8.514685928821563721e-02
-1.095792502164840698e-01
1.696455627679824829e-01
-2.224635034799575806e-01
2.375160306692123413e-01
1.375125199556350708e-01
8.207244426012039185e-02
9.751488268375396729e-02
8.845289796590805054e-02
5.967119708657264709e-02
3.691928833723068237e-02
-2.403155714273452759e-02
-2.185854315757751465e-01
-5.400222167372703552e-02
1.305820047855377197e-01
-1.002587899565696716e-01
7.319632917642593384e-02
-5.505416914820671082e-02
