-8.213807642459869385e-02
-1.150107104331254959e-02
-1.184273976832628250e-02
-6.857747584581375122e-02
-1.368683874607086182e-01
-8.327993750572204590e-02
-3.701017796993255615e-02
-8.279540389776229858e-02
1.775097548961639404e-01
-1.675896346569061279e-01
1.737928688526153564e-01
-5.913730338215827942e-02
-1.656056940555572510e-01
-5.721632391214370728e-02
-6.960714608430862427e-02
2.122760862112045288e-01
-2.403428405523300171e-01
-1.726367622613906860e-01
-4.562837630510330200e-02
-5.007012747228145599e-03
1.016361638903617859e-01
4.341084137558937073e-02
-1.855065487325191498e-02
3.051173873245716095e-02
-1.419342756271362305e-01
-3.479507565498352051e-01
-1.103067323565483093e-01
-6.045775860548019409e-02
-1.895508542656898499e-02
-1.931578293442726135e-02
1.050240360200405121e-03
9.610534459352493286e-02
-1.487793773412704468e-01
-2.443063817918300629e-02
7.059688866138458252e-02
1.055999994277954102e-01
1.350841950625181198e-02
-5.902884900569915771e-02
1.491110920906066895e-01
-3.583248239010572433e-03
-2.812705934047698975e-01
-1.558233518153429031e-02
9.341800212860107422e-02
2.606555521488189697e-01
1.414968669414520264e-01
9.066390804946422577e-03
-5.220253020524978638e-03
-1.079922914505004883e-01
1.507903039455413818e-01
-1.588631868362426758e-01
-6.431068480014801025e-02
1.214146465063095093e-01
1.601729542016983032e-02
7.045872509479522705e-02
3.619955107569694519e-02
-8.935279399156570435e-02
9.017767012119293213e-02
1.497375667095184326e-01
-1.559362709522247314e-01
-3.481908887624740601e-02
7.488350570201873779e-02
-1.161946803331375122e-01
-3.894499503076076508e-03
-9.383447468280792236e-02
2.352711558341979980e-01
2.158721536397933960e-02
-1.065969988703727722e-01
-2.081747204065322876e-01
1.071521714329719543e-01
-1.720271110534667969e-01
-1.058769822120666504e-01
5.103755742311477661e-02
-1.787628829479217529e-01
-1.644257158041000366e-01
-3.434351384639739990e-01
-5.530312284827232361e-02
4.075942635536193848e-01
8.848388493061065674e-02
-1.052287817001342773e-01
1.164579764008522034e-01
4.175844416022300720e-02
3.099726699292659760e-02
1.731375604867935181e-01
1.650053560733795166e-01
-9.907098487019538879e-03
1.008747741580009460e-01
-1.068790555000305176e-01
2.415121346712112427e-02
2.375379353761672974e-01
-7.279018312692642212e-02
-3.592063114047050476e-02
1.419158726930618286e-01
-2.477986179292201996e-02
8.355671167373657227e-02
4.995168372988700867e-02
-1.813852973282337189e-02
-4.539819434285163879e-02
4.052254930138587952e-02
-1.358011960983276367e-01
3.737737238407135010e-02
4.222786426544189453e-02
-2.611552737653255463e-02
5.358185619115829468e-03
8.956824988126754761e-02
-6.006608158349990845e-02
7.994601875543594360e-02
-1.131057925522327423e-02
3.707065805792808533e-02
-4.288227111101150513e-02
3.235438093543052673e-02
-1.162250190973281860e-01
-7.263288646936416626e-02
9.458160400390625000e-02
-2.044002413749694824e-01
1.984833329916000366e-01
1.752575337886810303e-01
5.458736792206764221e-02
1.165533214807510376e-01
8.301309496164321899e-02
6.025019660592079163e-02
-9.654653817415237427e-02
3.016792982816696167e-02
-1.921605616807937622e-01
-5.295529961585998535e-03
9.532439708709716797e-02
-2.522961795330047607e-02
1.282270103693008423e-01
-3.620188310742378235e-02
