-4.253692552447319031e-02
9.571764618158340454e-02
-2.172489464282989502e-02
-1.002366691827774048e-01
-1.647275835275650024e-01
-3.259395062923431396e-02
-1.190431267023086548e-01
-1.081558912992477417e-01
1.122051551938056946e-01
-1.333605647087097168e-01
1.735577434301376343e-01
-8.756905794143676758e-02
-2.068490386009216309e-01
-7.890501618385314941e-02
-8.764483034610748291e-02
1.953526735305786133e-01
-1.783598214387893677e-01
-1.653071045875549316e-01
-1.959757693111896515e-02
2.119484730064868927e-02
9.109281003475189209e-02
-4.749512672424316406e-02
5.339670926332473755e-02
8.907404541969299316e-02
-5.934816598892211914e-02
-3.685954511165618896e-01
-9.922192990779876709e-02
-4.519001394510269165e-02
-1.287582144141197205e-02
-4.971660301089286804e-02
-2.119835093617439270e-02
1.738217845559120178e-02
-1.883442699909210205e-01
-5.524361506104469299e-03
4.182794317603111267e-02
8.043872565031051636e-02
-3.760240972042083740e-02
-1.341317147016525269e-01
1.533927619457244873e-01
-4.451223462820053101e-02
-2.550527155399322510e-01
-1.979890465736389160e-02
7.873176038265228271e-02
1.970807164907455444e-01
2.083704471588134766e-01
2.166422829031944275e-02
2.532454021275043488e-02
-1.217767372727394104e-01
1.462633460760116577e-01
-1.434610188007354736e-01
-3.156617283821105957e-03
1.407928019762039185e-01
2.358955517411231995e-02
3.623038902878761292e-02
2.595282346010208130e-02
-1.097538247704505920e-01
4.526567831635475159e-02
1.833606064319610596e-01
-1.110134124755859375e-01
-3.489409759640693665e-02
6.122585386037826538e-02
-5.357475951313972473e-02
-4.311386123299598694e-02
-1.662184000015258789e-01
2.810323834419250488e-01
1.026132106781005859e-01
-1.547955125570297241e-01
-2.244323790073394775e-01
1.572045683860778809e-01
-1.407488286495208740e-01
-6.343951076269149780e-02
6.658410280942916870e-02
-1.616721302270889282e-01
-1.625297069549560547e-01
-2.332202643156051636e-01
-4.011115059256553650e-03
3.553771078586578369e-01
1.288918107748031616e-01
-1.249709874391555786e-01
3.853265568614006042e-02
-1.282779220491647720e-02
4.275922477245330811e-02
7.264665514230728149e-02
1.520610153675079346e-01
-2.043064124882221222e-02
2.491898089647293091e-02
-9.659781306982040405e-02
-9.065862745046615601e-03
2.155759781599044800e-01
-7.772364467382431030e-02
-3.702268004417419434e-02
1.953588426113128662e-01
-5.751755833625793457e-02
8.123803883790969849e-02
1.492478512227535248e-02
8.842121809720993042e-03
-1.027195006608963013e-01
9.331818670034408569e-02
-1.516807377338409424e-01
2.289605140686035156e-02
3.460197150707244873e-02
-6.280018389225006104e-02
-1.141682825982570648e-02
9.904737770557403564e-02
-6.298504024744033813e-02
3.847259283065795898e-02
-4.123609885573387146e-02
7.355720549821853638e-02
1.364789437502622604e-03
9.955532848834991455e-03
-1.472080647945404053e-01
-8.044970780611038208e-02
1.053006500005722046e-01
-2.248753160238265991e-01
2.324486374855041504e-01
1.299424022436141968e-01
1.230780407786369324e-01
9.180559962987899780e-02
1.655269861221313477e-01
1.077221632003784180e-01
1.908946596086025238e-02
-5.815916880965232849e-02
-1.966550201177597046e-01
-1.355755794793367386e-02
1.020736098289489746e-01
-3.549795597791671753e-02
7.973519712686538696e-02
-2.799818478524684906e-02
