-8.172958344221115112e-02
1.074036285281181335e-01
4.018951579928398132e-02
-9.068915247917175293e-02
-1.462035924196243286e-01
-2.988540753722190857e-02
-6.726876646280288696e-02
-1.618014127016067505e-01
1.446621268987655640e-01
-1.424225270748138428e-01
2.344906330108642578e-01
-8.456804603338241577e-02
-2.014981955289840698e-01
-7.157348096370697021e-02
-6.546339392662048340e-02
2.232057899236679077e-01
-1.854915767908096313e-01
-1.355191767215728760e-01
-4.769560322165489197e-02
2.167913690209388733e-02
8.182741701602935791e-02
2.597371581941843033e-03
1.057796645909547806e-02
4.074614495038986206e-02
-8.851315081119537354e-02
-3.545728623867034912e-01
-9.125103056430816650e-02
-6.055924668908119202e-02
2.959876321256160736e-02
-6.441791355609893799e-02
-3.663241118192672729e-02
5.506725236773490906e-02
-1.747567057609558105e-01
-2.584587223827838898e-02
1.663497835397720337e-02
9.198555350303649902e-02
-3.011651523411273956e-02
-1.343945413827896118e-01
1.083986237645149231e-01
-4.077588766813278198e-02
-2.941195964813232422e-01
2.488551102578639984e-02
5.330497026443481445e-02
1.832408308982849121e-01
1.479839831590652466e-01
-1.864898577332496643e-02
3.690514713525772095e-02
-1.751699596643447876e-01
1.537090092897415161e-01
-1.564418077468872070e-01
-5.244814604520797729e-02
1.362547874450683594e-01
9.143587201833724976e-03
4.694790393114089966e-02
3.038117848336696625e-02
-6.974860280752182007e-02
8.054621517658233643e-02
1.038606837391853333e-01
-1.823507845401763916e-01
-1.405199058353900909e-02
1.464199870824813843e-01
-5.517866089940071106e-02
-2.436553314328193665e-02
-1.379532665014266968e-01
1.559944152832031250e-01
1.044906154274940491e-01
-1.106380224227905273e-01
-2.021474689245223999e-01
9.662313014268875122e-02
-1.551611125469207764e-01
-8.202455937862396240e-02
5.779985710978507996e-02
-1.315186321735382080e-01
-1.961449682712554932e-01
-2.446203976869583130e-01
-3.080521523952484131e-02
3.896006345748901367e-01
1.268915086984634399e-01
-1.299647241830825806e-01
6.538084894418716431e-02
-4.594130907207727432e-03
-1.669437997043132782e-02
1.259623020887374878e-01
1.497140675783157349e-01
1.164659112691879272e-02
3.702560067176818848e-02
-8.538545668125152588e-02
3.241966292262077332e-02
2.417957931756973267e-01
-9.324315190315246582e-02
3.788458928465843201e-02
2.356610149145126343e-01
-4.833582043647766113e-02
5.912125855684280396e-02
-4.200795199722051620e-03
7.233987748622894287e-02
-1.106170266866683960e-01
1.080130264163017273e-01
-7.330121845006942749e-02
3.179327026009559631e-02
7.097978889942169189e-02
-7.553884387016296387e-02
1.049381121993064880e-02
6.207842379808425903e-02
-1.022501364350318909e-01
1.417953073978424072e-01
-2.823161520063877106e-02
9.180802851915359497e-02
5.036694183945655823e-02
-2.019249089062213898e-02
-7.545892894268035889e-02
-3.424852341413497925e-02
1.209558397531509399e-01
-1.790910661220550537e-01
2.417240589857101440e-01
1.503062248229980469e-01
3.774983063340187073e-02
7.173781096935272217e-02
1.286053657531738281e-01
1.038563624024391174e-01
-2.129998989403247833e-02
-4.681243002414703369e-02
-1.968353539705276489e-01
-5.756615474820137024e-02
8.289556205272674561e-02
-7.114788889884948730e-02
5.136906355619430542e-02
-3.880168497562408447e-02
