-5.321173369884490967e-02
7.180008292198181152e-02
3.003929276019334793e-03
-8.486323058605194092e-02
-2.147858142852783203e-01
-4.501585662364959717e-02
-7.598158717155456543e-02
-8.301029354333877563e-02
1.682700812816619873e-01
-1.796167343854904175e-01
2.512437403202056885e-01
-7.354349642992019653e-02
-1.793434172868728638e-01
-5.806683003902435303e-02
-8.290681242942810059e-02
1.902327686548233032e-01
-2.209583371877670288e-01
-1.488230228424072266e-01
-1.259068213403224945e-02
1.247842330485582352e-02
7.575115561485290527e-02
-1.542665809392929077e-02
3.382505849003791809e-02
1.575265266001224518e-02
-1.209214106202125549e-01
-3.689148724079132080e-01
-8.473043143749237061e-02
-9.373544156551361084e-02
5.260402336716651917e-02
-3.611942008137702942e-02
-2.156367525458335876e-02
3.611852973699569702e-02
-1.885817050933837891e-01
-5.533199012279510498e-02
3.817723318934440613e-02
6.272097676992416382e-02
-1.342925243079662323e-02
-8.858538419008255005e-02
1.624945849180221558e-01
-3.459541499614715576e-02
-2.777832746505737305e-01
1.616399735212326050e-03
5.062587931752204895e-02
2.178927510976791382e-01
9.005969762802124023e-02
3.861682489514350891e-03
5.517564713954925537e-02
-1.223159506916999817e-01
1.226753219962120056e-01
-1.485092043876647949e-01
2.156500518321990967e-02
1.033483818173408508e-01
6.798712164163589478e-02
4.752294346690177917e-02
2.734101377427577972e-03
-1.058148890733718872e-01
8.555966615676879883e-02
1.908925324678421021e-01
-1.744149774312973022e-01
2.530509233474731445e-02
1.135270297527313232e-01
-2.249621227383613586e-02
1.892897486686706543e-02
-7.081119716167449951e-02
2.448453009128570557e-01
8.749635517597198486e-02
-8.056287467479705811e-02
-2.090471386909484863e-01
9.985044598579406738e-02
-1.530977934598922729e-01
-7.813257724046707153e-02
6.965027749538421631e-02
-1.521442383527755737e-01
-1.730856746435165405e-01
-2.795132100582122803e-01
-3.275644034147262573e-02
4.207164049148559570e-01
1.182321608066558838e-01
-7.926624268293380737e-02
2.489617280662059784e-02
3.498770063742995262e-03
-2.464074082672595978e-02
1.061506420373916626e-01
1.279596239328384399e-01
-5.324942618608474731e-02
5.289636924862861633e-02
-7.622485607862472534e-02
5.574042350053787231e-02
2.611858248710632324e-01
-8.984920382499694824e-02
-3.768644854426383972e-02
1.888832896947860718e-01
-2.085193805396556854e-02
6.222206354141235352e-02
1.965783536434173584e-03
-1.150661148130893707e-02
-6.090849637985229492e-02
7.640049606561660767e-02
-7.475683838129043579e-02
5.256538465619087219e-02
2.759165316820144653e-02
-1.029788702726364136e-01
-2.237855084240436554e-02
8.008220046758651733e-02
-1.603622287511825562e-01
5.568961799144744873e-02
-4.740070551633834839e-02
1.616735756397247314e-02
-1.846890710294246674e-02
3.791410103440284729e-02
-9.155229479074478149e-02
-6.134609878063201904e-02
1.275092363357543945e-01
-2.023097723722457886e-01
2.556051015853881836e-01
2.080650478601455688e-01
1.345967799425125122e-01
1.288867741823196411e-01
1.140692234039306641e-01
6.418204866349697113e-03
1.363791152834892273e-02
-4.177480936050415039e-02
-1.736965775489807129e-01
-3.435832262039184570e-02
7.182946801185607910e-02
-7.627311348915100098e-02
1.144935488700866699e-01
-8.660940453410148621e-03
