-4.641288146376609802e-02
2.344847470521926880e-02
4.403076693415641785e-02
-1.111350655555725098e-01
-1.424218118190765381e-01
-5.090051889419555664e-02
-3.166632354259490967e-02
-1.131252720952033997e-01
1.708516627550125122e-01
-1.637474596500396729e-01
2.399655431509017944e-01
-8.668675273656845093e-02
-2.089106887578964233e-01
-7.013312727212905884e-02
-4.827250540256500244e-02
2.634982168674468994e-01
-2.615436315536499023e-01
-1.355243176221847534e-01
-2.041951753199100494e-03
2.192022651433944702e-02
6.191863492131233215e-02
-5.770079419016838074e-02
8.785139769315719604e-02
6.841375678777694702e-02
-8.510556071996688843e-02
-4.187220931053161621e-01
-6.986075639724731445e-02
-8.715467154979705811e-02
1.515139732509851456e-02
-1.076595112681388855e-02
-6.539591401815414429e-02
9.888882935047149658e-02
-2.053780555725097656e-01
-5.484521389007568359e-02
7.129303179681301117e-03
4.830833151936531067e-02
-7.150330580770969391e-03
-9.008965641260147095e-02
1.661303490400314331e-01
6.419103592634201050e-04
-2.891948521137237549e-01
3.259987011551856995e-02
6.849616765975952148e-02
2.286488264799118042e-01
9.950362145900726318e-02
4.906981438398361206e-02
3.905358165502548218e-02
-1.130721569061279297e-01
1.245600804686546326e-01
-2.135145962238311768e-01
2.818306162953376770e-02
6.741988658905029297e-02
7.369132339954376221e-02
-4.581366665661334991e-03
3.219839930534362793e-02
-1.038613691926002502e-01
8.115150034427642822e-02
1.250109821557998657e-01
-1.995783597230911255e-01
3.438989073038101196e-02
1.126137971878051758e-01
-3.717911988496780396e-02
3.223464637994766235e-02
-1.235752552747726440e-01
2.667781710624694824e-01
1.164085343480110168e-01
-1.044950261712074280e-01
-1.038506031036376953e-01
9.112884104251861572e-02
-9.285993874073028564e-02
-6.261818856000900269e-02
-9.111432358622550964e-03
-1.457804292440414429e-01
-1.903923153877258301e-01
-2.971957325935363770e-01
-3.534936159849166870e-02
3.700074851512908936e-01
1.341179460287094116e-01
-1.602511107921600342e-01
2.572430670261383057e-02
-2.758782356977462769e-03
5.852405447512865067e-03
1.620596945285797119e-01
1.815890222787857056e-01
-1.120980549603700638e-02
4.719240963459014893e-02
-7.903921604156494141e-02
1.408590935170650482e-03
1.835162341594696045e-01
-1.043612807989120483e-01
-1.375803444534540176e-02
2.390672564506530762e-01
-1.800866797566413879e-02
6.199977919459342957e-02
-1.727279834449291229e-02
4.330945666879415512e-03
-1.065599024295806885e-01
9.220185130834579468e-02
-1.691689640283584595e-01
2.806826680898666382e-02
-6.135481409728527069e-03
-2.413117140531539917e-02
-1.152630709111690521e-02
6.476999074220657349e-02
-1.651915609836578369e-01
4.471552744507789612e-02
-2.758237533271312714e-02
-1.554379612207412720e-02
2.713273838162422180e-02
6.080932542681694031e-02
-8.348329365253448486e-02
-1.228524222970008850e-01
3.765893727540969849e-02
-2.137165218591690063e-01
1.970418244600296021e-01
2.338937520980834961e-01
7.363130897283554077e-02
1.320095211267471313e-01
8.227639645338058472e-02
5.003411322832107544e-02
4.703792277723550797e-03
-1.789090968668460846e-02
-1.741365641355514526e-01
-2.013518102467060089e-02
1.574416756629943848e-01
-4.811985790729522705e-02
8.954866230487823486e-02
1.910789404064416885e-03
