-1.526785194873809814e-01
1.030154973268508911e-01
5.227079987525939941e-02
-7.444074749946594238e-02
-1.041379794478416443e-01
-3.288077563047409058e-02
-3.468485176563262939e-02
-2.063129395246505737e-01
1.634123623371124268e-01
-1.778423190116882324e-01
2.513138353824615479e-01
-8.137845247983932495e-02
-1.872625499963760376e-01
-1.009609252214431763e-01
-1.731866970658302307e-02
2.419807761907577515e-01
-1.512595713138580322e-01
-1.837497353553771973e-01
-5.882767215371131897e-02
-2.600469067692756653e-02
2.345678769052028656e-02
-2.690838091075420380e-02
2.729615755379199982e-02
7.603582739830017090e-02
-1.717914640903472900e-01
-3.427371084690093994e-01
-1.375553309917449951e-01
-9.437060356140136719e-02
-3.908476233482360840e-02
3.931960836052894592e-02
-5.602994188666343689e-02
7.068652659654617310e-02
-1.827670633792877197e-01
-3.317754715681076050e-02
3.305456042289733887e-02
1.009561121463775635e-01
2.549302950501441956e-02
-1.672959886491298676e-02
8.881351351737976074e-02
-4.671026393771171570e-02
-2.700282037258148193e-01
-2.306623756885528564e-02
1.477761268615722656e-01
1.927257627248764038e-01
1.621770411729812622e-01
-1.336764171719551086e-02
4.413703083992004395e-02
-1.401575654745101929e-01
8.391749858856201172e-02
-1.341750174760818481e-01
3.807241097092628479e-02
4.443506151437759399e-02
9.290894865989685059e-02
5.418928340077400208e-02
9.236543625593185425e-02
-1.479600518941879272e-01
3.371194750070571899e-02
1.632373034954071045e-01
-1.434184312820434570e-01
-3.133435966446995735e-03
8.202593028545379639e-02
-2.394386939704418182e-02
-7.695148885250091553e-02
-9.442964941263198853e-02
2.305745780467987061e-01
1.896579265594482422e-01
-1.260861009359359741e-01
-2.278357744216918945e-01
1.500360816717147827e-01
-1.170316338539123535e-01
-8.549063652753829956e-02
7.915614545345306396e-02
-1.734231114387512207e-01
-1.536087393760681152e-01
-3.693975806236267090e-01
-1.706391759216785431e-02
4.194551706314086914e-01
9.040918201208114624e-02
-1.690831333398818970e-01
1.529898867011070251e-02
1.033608429133892059e-02
3.497920464724302292e-03
8.853251487016677856e-02
1.168790683150291443e-01
-4.589626193046569824e-02
3.039568662643432617e-03
-7.935197651386260986e-02
1.861887797713279724e-02
1.978414058685302734e-01
-2.484510280191898346e-02
-1.048969477415084839e-02
1.500298976898193359e-01
-6.347145885229110718e-02
3.802625834941864014e-02
-2.148314006626605988e-02
8.401376008987426758e-02
-1.236565858125686646e-01
6.240300089120864868e-02
-1.520943194627761841e-01
-1.782736554741859436e-02
-1.929811201989650726e-03
2.814915496855974197e-03
-2.861786819994449615e-02
1.086686030030250549e-01
-1.613286584615707397e-01
1.214843541383743286e-01
-4.761978052556514740e-03
1.766386814415454865e-02
-4.532304033637046814e-02
4.198223352432250977e-02
-6.845336407423019409e-02
8.272955194115638733e-03
9.769363701343536377e-02
-2.013963311910629272e-01
1.886091679334640503e-01
1.479718685150146484e-01
1.827255636453628540e-02
9.193062037229537964e-02
1.045661792159080505e-01
4.926463216543197632e-02
-2.446321770548820496e-02
-1.773028634488582611e-03
-2.191382199525833130e-01
-2.632264979183673859e-02
1.136228144168853760e-01
-1.562385708093643188e-01
8.343707770109176636e-02
1.593876443803310394e-02
