-6.111121922731399536e-02
1.021816283464431763e-01
3.167824447154998779e-02
-1.073403656482696533e-01
-1.182603165507316589e-01
-6.394577026367187500e-02
-1.129315495491027832e-01
-1.126400679349899292e-01
2.200923860073089600e-01
-1.785259246826171875e-01
2.139790952205657959e-01
-7.479001581668853760e-02
-2.005669474601745605e-01
-1.143494769930839539e-01
-3.383141010999679565e-02
2.070070952177047729e-01
-1.817527264356613159e-01
-2.347290664911270142e-01
1.325576379895210266e-02
5.776128172874450684e-02
1.104506030678749084e-01
-1.497429795563220978e-02
-3.925661090761423111e-03
6.439033150672912598e-02
-1.242985129356384277e-01
-4.009720385074615479e-01
-5.922225862741470337e-02
-7.164398580789566040e-02
2.309565991163253784e-02
-1.059488952159881592e-01
1.355253159999847412e-03
1.027147173881530762e-01
-2.582961320877075195e-01
-4.660221934318542480e-02
2.064665779471397400e-02
1.544038951396942139e-01
6.246715784072875977e-04
-8.174676448106765747e-02
1.719282567501068115e-01
-2.572097070515155792e-02
-3.587451279163360596e-01
-5.932649224996566772e-02
6.394091248512268066e-02
2.103957235813140869e-01
1.148492917418479919e-01
9.314510039985179901e-03
-7.205642759799957275e-03
-1.316995918750762939e-01
8.422617614269256592e-02
-1.644278913736343384e-01
3.832933306694030762e-02
1.200393289327621460e-01
8.197657763957977295e-02
7.116851210594177246e-02
3.337534610182046890e-03
-1.645558774471282959e-01
8.506919443607330322e-02
1.129442304372787476e-01
-2.240070402622222900e-01
-5.414952710270881653e-02
9.796591848134994507e-02
-1.481277197599411011e-01
-1.020260155200958252e-02
-8.771479129791259766e-02
2.702709734439849854e-01
1.044134199619293213e-01
-2.787157148122787476e-02
-2.120034396648406982e-01
1.642986088991165161e-01
-1.707838326692581177e-01
-6.403667479753494263e-02
1.076797544956207275e-01
-7.739981263875961304e-02
-1.201421022415161133e-01
-2.730320394039154053e-01
-8.200708776712417603e-02
2.917861044406890869e-01
9.196309000253677368e-02
-1.454068273305892944e-01
9.922061860561370850e-02
-2.590330503880977631e-02
-2.634576894342899323e-02
7.382045686244964600e-02
1.260346472263336182e-01
1.923292689025402069e-02
8.423144370317459106e-02
-6.476759910583496094e-02
-2.237476408481597900e-03
2.584193050861358643e-01
-6.148716062307357788e-02
5.474177375435829163e-02
1.828424185514450073e-01
-2.732556872069835663e-02
2.969682961702346802e-02
3.302669525146484375e-02
-7.546318322420120239e-02
-6.991639733314514160e-02
7.534496486186981201e-02
-1.241948604583740234e-01
-2.082928456366062164e-02
-2.533915266394615173e-02
-2.914443239569664001e-02
-1.980049163103103638e-02
9.613725543022155762e-02
-2.052321285009384155e-01
6.709383428096771240e-02
2.590940333902835846e-02
-2.098191715776920319e-02
5.464338883757591248e-02
4.562577977776527405e-02
-5.107729882001876831e-02
-1.743385493755340576e-01
1.152922511100769043e-01
-2.370344102382659912e-01
2.553289830684661865e-01
1.547930985689163208e-01
9.618955850601196289e-02
1.475635468959808350e-01
8.423438668251037598e-02
1.286957710981369019e-01
-1.436488050967454910e-02
-9.223677217960357666e-02
-2.171988487243652344e-01
8.970899507403373718e-03
1.255374401807785034e-01
-6.023122370243072510e-02
7.071989774703979492e-02
-4.868104588240385056e-03
