-1.360363066196441650e-01
6.061553210020065308e-02
6.945049762725830078e-02
-1.285735666751861572e-01
-9.117235243320465088e-02
-9.074798971414566040e-02
-9.573160111904144287e-02
-1.328605711460113525e-01
1.824783831834793091e-01
-1.691532582044601440e-01
2.096180319786071777e-01
-8.606949448585510254e-02
-2.015985846519470215e-01
-1.062544733285903931e-01
-3.179333359003067017e-02
2.476529330015182495e-01
-2.763252258300781250e-01
-1.550231277942657471e-01
2.091725170612335205e-02
2.242680266499519348e-02
1.278723478317260742e-01
8.209922350943088531e-03
2.596452459692955017e-02
4.333016648888587952e-02
-1.486308276653289795e-01
-3.972182869911193848e-01
-1.420287489891052246e-01
-1.165556758642196655e-01
-2.119717746973037720e-02
-4.702012985944747925e-02
-2.561509609222412109e-02
4.220002517104148865e-02
-2.165299952030181885e-01
-5.329899862408638000e-02
-4.720643162727355957e-03
8.927171677350997925e-02
4.995700716972351074e-02
-1.219090521335601807e-01
1.156721785664558411e-01
1.198950968682765961e-02
-3.046798408031463623e-01
-6.162112206220626831e-02
8.598115295171737671e-02
2.253718376159667969e-01
1.506826877593994141e-01
2.581792883574962616e-02
6.634613499045372009e-03
-9.984735399484634399e-02
1.191972643136978149e-01
-1.859764009714126587e-01
-4.424558207392692566e-02
8.556088060140609741e-02
1.888242550194263458e-02
3.531976416707038879e-02
9.776843711733818054e-03
-1.125521361827850342e-01
1.284983605146408081e-01
9.339068830013275146e-02
-2.522137165069580078e-01
-5.465552583336830139e-02
1.287367790937423706e-01
-7.603890448808670044e-02
2.488841302692890167e-03
-5.823244154453277588e-02
2.503517568111419678e-01
8.777197450399398804e-02
-1.038920059800148010e-01
-1.569862514734268188e-01
1.005439236760139465e-01
-1.527072489261627197e-01
-3.520131111145019531e-02
4.416596144437789917e-02
-1.706011742353439331e-01
-1.860422492027282715e-01
-3.334995210170745850e-01
-7.181850075721740723e-02
3.884711563587188721e-01
9.760695695877075195e-02
-1.086720302700996399e-01
7.011736184358596802e-02
-3.860677778720855713e-02
-1.967056281864643097e-02
1.274313032627105713e-01
1.558784842491149902e-01
6.118847057223320007e-03
1.207886114716529846e-01
-8.376078307628631592e-02
3.966483101248741150e-02
2.283984422683715820e-01
-7.319423556327819824e-02
4.797390103340148926e-02
2.285832017660140991e-01
-3.479236364364624023e-02
3.922656923532485962e-02
1.146281510591506958e-02
8.807281032204627991e-03
-8.454149216413497925e-02
5.207562074065208435e-02
-1.101046875119209290e-01
2.932298369705677032e-02
9.121683426201343536e-03
-3.412347286939620972e-02
-1.734089478850364685e-02
1.050604283809661865e-01
-1.787487268447875977e-01
8.197116851806640625e-02
1.829798333346843719e-02
-3.514531999826431274e-02
-3.849988430738449097e-02
-2.409643307328224182e-02
-8.980030566453933716e-02
-1.002014502882957458e-01
1.045467033982276917e-01
-1.798664778470993042e-01
1.389118432998657227e-01
2.350775003433227539e-01
5.833420902490615845e-02
1.353908330202102661e-01
6.616152822971343994e-02
7.376131415367126465e-02
-8.410839736461639404e-02
-3.100453317165374756e-02
-2.096088081598281860e-01
4.902740940451622009e-03
1.187181770801544189e-01
-6.683991104364395142e-02
1.067054569721221924e-01
-3.762630000710487366e-02
