-5.176778510212898254e-02
1.873942092061042786e-02
-1.577163487672805786e-02
-1.829616427421569824e-01
-1.399597078561782837e-01
-7.566115260124206543e-02
-1.023150160908699036e-01
-9.108220040798187256e-02
1.818897724151611328e-01
-1.302653998136520386e-01
2.399401962757110596e-01
-8.608703315258026123e-02
-2.136410623788833618e-01
-8.724673837423324585e-02
-1.712566986680030823e-02
2.532369196414947510e-01
-2.996823191642761230e-01
-1.573556363582611084e-01
2.173435874283313751e-03
3.536407649517059326e-02
5.715676397085189819e-02
4.078713711351156235e-03
-2.991514280438423157e-03
8.522084355354309082e-02
-1.451599299907684326e-01
-3.984786272048950195e-01
-1.033012345433235168e-01
-1.153084486722946167e-01
-3.427848964929580688e-02
-7.418974488973617554e-02
1.541736535727977753e-02
7.999382913112640381e-02
-2.065268307924270630e-01
-3.032592870295047760e-02
4.556571692228317261e-02
6.243478879332542419e-02
1.040211506187915802e-02
-1.460546851158142090e-01
8.537340164184570312e-02
1.607609540224075317e-02
-3.370299041271209717e-01
-1.590105704963207245e-02
7.609795033931732178e-02
2.360942363739013672e-01
1.348954290151596069e-01
-1.466383459046483040e-03
1.274107675999403000e-02
-1.238646656274795532e-01
1.546454429626464844e-01
-2.056420892477035522e-01
-2.462381683290004730e-02
6.149741262197494507e-02
3.491631895303726196e-02
9.166391566395759583e-03
1.489653624594211578e-02
-1.121165528893470764e-01
8.070947974920272827e-02
1.766387820243835449e-01
-2.711582183837890625e-01
-2.550955675542354584e-02
9.688935428857803345e-02
-3.223944827914237976e-02
1.384405419230461121e-03
-1.367201358079910278e-01
2.616684734821319580e-01
1.486580818891525269e-01
-1.563800126314163208e-01
-1.885988265275955200e-01
9.784795343875885010e-02
-1.290000677108764648e-01
-8.989701420068740845e-02
4.668815806508064270e-02
-1.497499495744705200e-01
-2.149007767438888550e-01
-3.203195035457611084e-01
-4.695202782750129700e-02
3.558681011199951172e-01
8.388213813304901123e-02
-1.572878807783126831e-01
3.680687770247459412e-02
7.771489210426807404e-03
6.317972205579280853e-03
1.093946993350982666e-01
1.724072247743606567e-01
7.862012833356857300e-03
6.590639054775238037e-02
-6.944354623556137085e-02
1.229824870824813843e-02
2.456021904945373535e-01
-9.364277124404907227e-02
2.236493304371833801e-02
2.262101024389266968e-01
-7.788531482219696045e-02
4.703360050916671753e-02
-6.717676762491464615e-03
3.581077605485916138e-02
-1.161058843135833740e-01
9.158511459827423096e-02
-1.249103322625160217e-01
2.033508755266666412e-02
2.468220330774784088e-02
-1.151309255510568619e-02
-1.495081279426813126e-02
1.190469563007354736e-01
-1.163460016250610352e-01
1.022104844450950623e-01
2.192480489611625671e-02
-1.465860754251480103e-02
7.674009539186954498e-03
3.095865435898303986e-02
-5.235881730914115906e-02
-1.279328316450119019e-01
8.524120599031448364e-02
-2.185098826885223389e-01
2.257169783115386963e-01
1.824674904346466064e-01
1.150104925036430359e-01
1.217301636934280396e-01
5.421290174126625061e-02
4.248100519180297852e-02
-6.121046096086502075e-02
-4.562507942318916321e-02
-2.177021056413650513e-01
5.098232533782720566e-03
1.292991489171981812e-01
-5.458709597587585449e-02
7.954949140548706055e-02
-6.027886271476745605e-02
