-1.573964357376098633e-01
4.800736904144287109e-02
1.173143647611141205e-02
-1.018409654498100281e-01
-1.690846830606460571e-01
-5.093571543693542480e-02
-4.693420976400375366e-02
-7.280913740396499634e-02
2.112571448087692261e-01
-2.118726223707199097e-01
2.070215642452239990e-01
-2.456894330680370331e-02
-1.513639539480209351e-01
-9.486471116542816162e-02
-7.951620966196060181e-02
2.829909026622772217e-01
-2.034261673688888550e-01
-1.795860677957534790e-01
2.375277876853942871e-02
-6.289203651249408722e-03
7.662061601877212524e-02
-1.275139860808849335e-02
-9.242614731192588806e-03
9.524594247341156006e-02
-8.623437583446502686e-02
-3.556578755378723145e-01
-1.055834144353866577e-01
-6.886292994022369385e-02
-5.811143293976783752e-02
-4.433704167604446411e-02
-3.570196777582168579e-02
1.040885299444198608e-01
-1.392658650875091553e-01
-3.803250193595886230e-02
7.378939539194107056e-03
1.354994177818298340e-01
-1.264414563775062561e-02
-3.228434920310974121e-02
1.500129848718643188e-01
-1.852910034358501434e-02
-3.050657510757446289e-01
-3.009438887238502502e-02
1.227935105562210083e-01
2.494886666536331177e-01
1.494165509939193726e-01
5.874199792742729187e-03
-7.349420338869094849e-04
-1.065102294087409973e-01
1.433487981557846069e-01
-2.107946723699569702e-01
-1.882662437856197357e-02
1.047360226511955261e-01
4.544196650385856628e-02
5.702646821737289429e-02
3.629636764526367188e-02
-7.910698652267456055e-02
6.200909242033958435e-02
1.007398068904876709e-01
-1.544932574033737183e-01
-3.786671161651611328e-02
4.370134323835372925e-02
-1.188028752803802490e-01
-1.834078133106231689e-02
-1.212294399738311768e-01
2.306752502918243408e-01
1.100025847554206848e-01
-1.031765565276145935e-01
-1.859814077615737915e-01
1.545676887035369873e-01
-1.746045500040054321e-01
-1.333519220352172852e-01
5.178494751453399658e-02
-1.368825435638427734e-01
-1.955102086067199707e-01
-3.446166217327117920e-01
-2.961803786456584930e-02
3.697255253791809082e-01
1.528665423393249512e-01
-7.415223121643066406e-02
1.113983541727066040e-01
3.448110073804855347e-02
-5.391867458820343018e-02
7.825001329183578491e-02
2.161376923322677612e-01
1.647813245654106140e-02
6.606531143188476562e-02
-6.786125898361206055e-02
2.783226780593395233e-02
2.068650424480438232e-01
-7.572938501834869385e-02
1.038460060954093933e-02
1.743889600038528442e-01
-6.553696468472480774e-03
1.136026233434677124e-01
-6.877871695905923843e-03
6.610587239265441895e-02
-5.169782042503356934e-02
8.130539953708648682e-02
-1.592822819948196411e-01
3.457037732005119324e-02
5.989642813801765442e-03
-2.699714526534080505e-02
-7.587511092424392700e-03
5.835148692131042480e-02
-1.349293887615203857e-01
1.055435538291931152e-01
-2.033820189535617828e-02
1.904781162738800049e-02
-6.808295845985412598e-02
4.158504307270050049e-02
-8.902088552713394165e-02
-3.337991237640380859e-02
8.626078069210052490e-02
-1.608241498470306396e-01
2.135504186153411865e-01
1.936722099781036377e-01
4.459950700402259827e-02
1.463571935892105103e-01
1.348848491907119751e-01
5.999274924397468567e-02
-2.319607511162757874e-02
-9.526697546243667603e-02
-1.902047842741012573e-01
-1.908437907695770264e-02
1.053186804056167603e-01
-8.625397831201553345e-02
9.517615288496017456e-02
3.126582503318786621e-02
