-1.069013550877571106e-01
6.090115010738372803e-02
1.316626463085412979e-02
-6.345519423484802246e-02
-1.696041971445083618e-01
-4.600999504327774048e-02
-3.437064215540885925e-02
-1.254250109195709229e-01
1.655264645814895630e-01
-1.410837471485137939e-01
2.639008760452270508e-01
-7.477752864360809326e-02
-1.688577532768249512e-01
-9.586111456155776978e-02
-8.592392504215240479e-02
2.077222913503646851e-01
-1.927526593208312988e-01
-1.235842406749725342e-01
-9.482708759605884552e-03
2.756359055638313293e-02
9.989544749259948730e-02
-8.263772353529930115e-03
1.957220025360584259e-02
3.597699105739593506e-02
-9.640429913997650146e-02
-3.525722622871398926e-01
-1.129685342311859131e-01
-9.691797196865081787e-02
-1.031874027103185654e-02
-1.605498045682907104e-02
9.246211498975753784e-03
8.354119211435317993e-02
-1.513478904962539673e-01
-3.392456099390983582e-02
4.389546066522598267e-02
6.302355229854583740e-02
-5.310743674635887146e-02
-5.187743157148361206e-02
1.562814563512802124e-01
-8.295767009258270264e-02
-2.675471603870391846e-01
-4.679189994931221008e-02
1.139035597443580627e-01
2.208740413188934326e-01
1.176382601261138916e-01
1.401387061923742294e-02
2.321461401879787445e-02
-1.373530179262161255e-01
1.291589587926864624e-01
-1.323967874050140381e-01
1.113179884850978851e-02
1.322466433048248291e-01
6.437762826681137085e-02
6.189035624265670776e-02
6.060589104890823364e-02
-8.133553713560104370e-02
7.027684152126312256e-02
1.504595279693603516e-01
-9.961677342653274536e-02
-2.572877798229455948e-03
9.057254344224929810e-02
-6.663784384727478027e-02
-4.067112505435943604e-02
-1.069541424512863159e-01
2.556092739105224609e-01
7.883442938327789307e-02
-1.123911887407302856e-01
-1.824018210172653198e-01
1.328830122947692871e-01
-1.214519217610359192e-01
-1.195540428161621094e-01
4.260031133890151978e-02
-1.932154893875122070e-01
-1.890076398849487305e-01
-3.010225594043731689e-01
-2.909171395003795624e-02
3.820626437664031982e-01
8.234182000160217285e-02
-1.395032405853271484e-01
7.539596408605575562e-02
2.171506918966770172e-02
2.438715845346450806e-02
1.328926682472229004e-01
1.961854398250579834e-01
-1.130487024784088135e-02
3.045181185007095337e-02
-8.549800515174865723e-02
-6.513297557830810547e-04
2.015758454799652100e-01
-1.317006349563598633e-01
8.265835931524634361e-04
1.951113492250442505e-01
-3.400040790438652039e-02
5.440521612763404846e-02
1.232359092682600021e-03
-1.363574899733066559e-02
-4.505662620067596436e-02
7.520914822816848755e-02
-1.108393445611000061e-01
2.138552442193031311e-02
8.601486682891845703e-02
-3.550614789128303528e-02
-1.423932984471321106e-02
9.115958213806152344e-02
-1.205425560474395752e-01
6.282125413417816162e-02
-6.347317714244127274e-03
8.167806267738342285e-02
3.643176704645156860e-02
-5.427943076938390732e-03
-8.719640970230102539e-02
-7.940148562192916870e-02
9.627228230237960815e-02
-1.748751103878021240e-01
2.519425451755523682e-01
1.190431118011474609e-01
3.872379660606384277e-02
1.133296713232994080e-01
1.250770092010498047e-01
9.768079966306686401e-02
-1.221043430268764496e-02
-2.575841546058654785e-02
-1.911403387784957886e-01
-3.072104009333997965e-04
1.185792312026023865e-01
-5.322449654340744019e-02
4.482647776603698730e-02
-3.229957073926925659e-02
