-1.048247814178466797e-01
2.475591748952865601e-02
-4.211622290313243866e-03
-9.234573692083358765e-02
-9.432623535394668579e-02
1.029435917735099792e-02
-7.086563110351562500e-02
-7.439959794282913208e-02
1.561829149723052979e-01
-1.535197347402572632e-01
3.009863495826721191e-01
1.797117292881011963e-02
-2.176520973443984985e-01
-1.396150290966033936e-01
-9.884497150778770447e-03
2.252362221479415894e-01
-2.246583551168441772e-01
-1.957744657993316650e-01
1.519838348031044006e-03
-2.185931429266929626e-03
8.344905823469161987e-02
-7.573016919195652008e-03
1.867958530783653259e-02
1.129190325736999512e-01
-1.625329107046127319e-01
-4.350059330463409424e-01
-2.172247506678104401e-02
-1.277682930231094360e-01
-5.924541875720024109e-02
-5.270367488265037537e-02
-2.501053735613822937e-03
9.705747663974761963e-02
-2.350081056356430054e-01
5.544347688555717468e-02
3.673499822616577148e-02
1.371513754129409790e-01
-3.312684968113899231e-02
-3.707543388009071350e-02
1.625173538923263550e-01
2.432963252067565918e-02
-2.897704243659973145e-01
-5.457299575209617615e-02
4.651910439133644104e-02
2.044127434492111206e-01
1.278103590011596680e-01
-2.026960253715515137e-03
8.290494792163372040e-03
-2.494753524661064148e-02
9.377738088369369507e-02
-2.868111431598663330e-01
1.949125528335571289e-02
1.309121102094650269e-01
8.276735246181488037e-02
2.208007499575614929e-02
4.515036568045616150e-02
-1.347978115081787109e-01
-2.839686349034309387e-04
1.040014699101448059e-01
-2.375842034816741943e-01
-1.718105934560298920e-02
-4.838810861110687256e-02
-1.267818212509155273e-01
-5.662281066179275513e-02
-1.338450610637664795e-01
2.407803237438201904e-01
1.648789793252944946e-01
-1.279216706752777100e-01
-1.630317866802215576e-01
1.666739284992218018e-01
-1.513188630342483521e-01
-7.792354375123977661e-02
1.208850219845771790e-01
-1.349232345819473267e-01
-2.644244432449340820e-01
-2.825987637042999268e-01
2.046799659729003906e-02
3.461143076419830322e-01
1.554669737815856934e-01
-1.482244431972503662e-01
4.724540561437606812e-02
2.559152804315090179e-02
-2.453826740384101868e-02
5.052074417471885681e-02
1.191296502947807312e-01
3.596921265125274658e-02
6.631311774253845215e-02
-6.923680752515792847e-02
4.382647201418876648e-02
1.947864294052124023e-01
-5.249733477830886841e-02
-2.808659896254539490e-02
2.286804020404815674e-01
-8.714989572763442993e-02
7.016047835350036621e-02
2.409840747714042664e-02
1.188957225531339645e-02
-2.459094859659671783e-02
3.240500018000602722e-02
-1.584121584892272949e-01
-1.081156916916370392e-02
-3.720283880829811096e-02
-1.411724928766489029e-02
-1.921327598392963409e-02
3.702211380004882812e-02
-1.135248690843582153e-01
3.630663454532623291e-02
-3.772563487291336060e-02
-5.755936354398727417e-02
-1.999486237764358521e-02
5.554324015974998474e-02
-1.313986182212829590e-01
-1.136220842599868774e-01
7.423631846904754639e-02
-2.670741379261016846e-01
2.733857929706573486e-01
1.980843096971511841e-01
7.856369018554687500e-02
1.685212403535842896e-01
6.784832477569580078e-02
2.373178675770759583e-02
-1.894594728946685791e-02
-1.179260462522506714e-01
-2.013887017965316772e-01
-5.164889246225357056e-02
1.329932212829589844e-01
-5.879255756735801697e-02
5.618734285235404968e-02
-6.819867342710494995e-02
