-1.255952715873718262e-01
-8.006935007870197296e-03
-2.296936232596635818e-03
-8.241228759288787842e-02
-1.551926881074905396e-01
-4.711166024208068848e-02
-5.431878566741943359e-02
-1.189905926585197449e-01
1.827273368835449219e-01
-2.032645046710968018e-01
2.406061589717864990e-01
-1.348524987697601318e-01
-1.815188378095626831e-01
-5.864495411515235901e-02
-1.048383712768554688e-01
2.447304725646972656e-01
-2.093270272016525269e-01
-1.339398622512817383e-01
3.840607590973377228e-03
-1.348982006311416626e-02
7.168152928352355957e-02
-3.271022811532020569e-02
-2.174915000796318054e-02
4.460768029093742371e-02
-8.222414553165435791e-02
-3.977389633655548096e-01
-9.719646722078323364e-02
-6.542922556400299072e-02
-2.385230734944343567e-03
-6.271144747734069824e-02
-1.616669818758964539e-03
1.690427511930465698e-01
-1.554026752710342407e-01
-9.717691689729690552e-03
-1.253889873623847961e-02
8.478709310293197632e-02
1.137680374085903168e-02
-4.446220025420188904e-02
1.054036021232604980e-01
-3.113935887813568115e-02
-2.894909679889678955e-01
-4.536071047186851501e-02
8.566731959581375122e-02
2.140760868787765503e-01
1.196368187665939331e-01
5.349258426576852798e-03
-1.842635683715343475e-02
-1.327768415212631226e-01
9.488718956708908081e-02
-1.492892354726791382e-01
-8.416704088449478149e-02
9.641845524311065674e-02
4.379203915596008301e-02
2.289787866175174713e-02
4.576093051582574844e-03
-9.075900912284851074e-02
6.414801627397537231e-02
1.243532598018646240e-01
-1.554484963417053223e-01
1.067744847387075424e-02
1.003693416714668274e-01
-1.234405785799026489e-01
1.374311465770006180e-02
-1.105534210801124573e-01
2.565239965915679932e-01
7.473125308752059937e-02
-1.166594997048377991e-01
-1.329763233661651611e-01
1.478200405836105347e-01
-1.275072544813156128e-01
-4.960772022604942322e-02
3.346171975135803223e-02
-1.504676491022109985e-01
-2.183952778577804565e-01
-3.242391645908355713e-01
-4.419178143143653870e-02
3.706705272197723389e-01
1.002364084124565125e-01
-7.558138668537139893e-02
7.211744785308837891e-02
1.909699290990829468e-02
-4.466498736292123795e-03
1.442038118839263916e-01
1.967760026454925537e-01
-1.536416914314031601e-02
-2.590389922261238098e-04
-5.906505137681961060e-02
1.010059658437967300e-02
2.020703703165054321e-01
-5.467322468757629395e-02
-1.654712483286857605e-03
1.747078448534011841e-01
-8.337136358022689819e-02
8.720136433839797974e-02
-3.455993905663490295e-02
1.584175601601600647e-02
-7.922944426536560059e-02
6.704868376255035400e-02
-9.914893656969070435e-02
3.822129964828491211e-02
-3.078301250934600830e-02
-6.578014045953750610e-02
2.440865617245435715e-03
8.677667379379272461e-02
-8.188585937023162842e-02
6.233537942171096802e-02
-1.387187186628580093e-02
5.874934047460556030e-02
5.367689765989780426e-03
3.845807909965515137e-02
-5.440782755613327026e-02
-6.187681108713150024e-02
9.254346787929534912e-02
-1.904001682996749878e-01
1.924210935831069946e-01
1.813664734363555908e-01
1.132052242755889893e-01
1.384000480175018311e-01
1.188388913869857788e-01
6.993578374385833740e-02
-3.917027264833450317e-02
-4.411587864160537720e-02
-2.131369411945343018e-01
4.149943217635154724e-02
9.601265937089920044e-02
-9.992882609367370605e-02
6.164682656526565552e-02
-1.408506371080875397e-02
