-1.043172106146812439e-01
7.043901085853576660e-02
2.263347432017326355e-02
-1.161292269825935364e-01
-1.090514510869979858e-01
-5.803961679339408875e-02
-1.432691216468811035e-01
-1.164614781737327576e-01
1.665457338094711304e-01
-2.094967663288116455e-01
1.956332027912139893e-01
-1.209242418408393860e-01
-1.958481818437576294e-01
-3.602787852287292480e-02
-7.639907300472259521e-02
2.692835927009582520e-01
-2.344588488340377808e-01
-1.782319694757461548e-01
1.733120530843734741e-02
-1.996279507875442505e-02
5.377952381968498230e-02
-9.797495789825916290e-03
-2.741432562470436096e-02
8.097431063652038574e-02
-1.384964585304260254e-01
-3.594149351119995117e-01
-1.172291859984397888e-01
-5.051461607217788696e-02
-8.703302592039108276e-02
-5.985853075981140137e-02
9.603400714695453644e-03
7.750050723552703857e-02
-1.689976453781127930e-01
1.986524835228919983e-02
5.909197963774204254e-03
1.163020581007003784e-01
7.845078408718109131e-02
-9.148385375738143921e-02
1.263388991355895996e-01
8.587411046028137207e-02
-2.874833345413208008e-01
2.029933780431747437e-02
1.074882224202156067e-01
2.190529704093933105e-01
1.076705306768417358e-01
-3.175416588783264160e-02
1.565108448266983032e-02
-1.377716213464736938e-01
1.550863385200500488e-01
-1.315353661775588989e-01
-3.313789516687393188e-02
1.035974398255348206e-01
7.078699022531509399e-02
2.221672050654888153e-02
3.088057786226272583e-02
-8.849294483661651611e-02
9.533075243234634399e-02
1.791748851537704468e-01
-2.145237624645233154e-01
-2.081492170691490173e-02
1.196275278925895691e-01
-6.525632739067077637e-02
-2.043011598289012909e-03
-7.507532835006713867e-02
2.206456363201141357e-01
1.725539714097976685e-01
-8.363361656665802002e-02
-2.403753399848937988e-01
1.393119096755981445e-01
-1.078730672597885132e-01
-1.185557767748832703e-01
6.814216822385787964e-02
-1.242415830492973328e-01
-1.491329073905944824e-01
-3.180268108844757080e-01
-3.249262645840644836e-02
3.572953343391418457e-01
8.967059105634689331e-02
-1.228101104497909546e-01
8.016947656869888306e-02
2.203154005110263824e-02
-6.682172417640686035e-02
9.571643918752670288e-02
1.936480253934860229e-01
-5.491469986736774445e-03
3.137342631816864014e-02
-6.397216022014617920e-02
8.571019396185874939e-03
2.248952686786651611e-01
1.878881640732288361e-02
3.126553725451231003e-03
1.436865329742431641e-01
-4.329899698495864868e-02
6.041619926691055298e-02
-2.274174243211746216e-03
1.564144715666770935e-02
-1.703368723392486572e-01
6.098779663443565369e-02
-1.134125068783760071e-01
-4.488580301403999329e-02
-6.089931353926658630e-02
5.049014464020729065e-03
-4.121017828583717346e-02
8.222517371177673340e-02
-1.377238333225250244e-01
1.110136434435844421e-01
-2.444448135793209076e-02
-4.939871281385421753e-02
-7.106238603591918945e-02
7.865892350673675537e-02
-1.617506518959999084e-02
-1.330922450870275497e-02
7.907495647668838501e-02
-2.005706131458282471e-01
1.464611291885375977e-01
1.309441477060317993e-01
8.666747808456420898e-02
1.053669154644012451e-01
1.082026287913322449e-01
7.680393755435943604e-02
-4.651350900530815125e-02
-2.492849528789520264e-02
-2.054840624332427979e-01
-2.949479222297668457e-02
6.168683245778083801e-02
-8.426640182733535767e-02
1.135232597589492798e-01
-1.568725705146789551e-02
