-1.274475902318954468e-01
6.194639205932617188e-02
5.712505429983139038e-02
-1.490932106971740723e-01
-1.500383168458938599e-01
3.202807903289794922e-02
-9.138590842485427856e-02
-1.223271787166595459e-01
1.482814550399780273e-01
-1.499772816896438599e-01
3.231407701969146729e-01
-4.844664037227630615e-02
-1.991484463214874268e-01
-1.038528084754943848e-01
-6.421743333339691162e-02
2.327489256858825684e-01
-1.929653286933898926e-01
-1.272097826004028320e-01
-2.993641048669815063e-02
1.614024117588996887e-02
7.957697845995426178e-03
9.827368892729282379e-03
-3.151601180434226990e-03
2.071527577936649323e-02
-6.415577232837677002e-02
-4.249618947505950928e-01
-4.828194156289100647e-02
-5.200036615133285522e-02
2.194820530712604523e-02
-6.910161580890417099e-03
-8.043473958969116211e-02
5.008038133382797241e-02
-2.057820260524749756e-01
-9.316749870777130127e-03
5.747605860233306885e-02
1.459312885999679565e-01
-3.305668383836746216e-02
-2.408606745302677155e-02
7.849866151809692383e-02
-1.703339256346225739e-02
-2.523276507854461670e-01
-1.558436453342437744e-02
9.708026796579360962e-02
2.014090269804000854e-01
1.685875505208969116e-01
5.649165436625480652e-02
1.214325148612260818e-02
-1.293776780366897583e-01
1.003424450755119324e-01
-1.937949359416961670e-01
6.316585838794708252e-02
7.794063538312911987e-02
9.273046255111694336e-02
2.120081335306167603e-02
2.668778970837593079e-02
-1.590411514043807983e-01
5.222736857831478119e-03
2.107855081558227539e-01
-1.643902808427810669e-01
2.760460041463375092e-02
8.764261752367019653e-02
-7.332991063594818115e-02
-6.727652996778488159e-02
-1.162434145808219910e-01
2.518771588802337646e-01
1.584960967302322388e-01
-1.564579308032989502e-01
-2.134566754102706909e-01
1.289045065641403198e-01
-1.049908325076103210e-01
-6.824319064617156982e-02
1.238403841853141785e-02
-1.399156749248504639e-01
-1.968538016080856323e-01
-2.904387712478637695e-01
4.340776428580284119e-02
3.661699295043945312e-01
1.257157325744628906e-01
-1.894933581352233887e-01
-6.248547695577144623e-03
2.727982960641384125e-02
1.757757272571325302e-03
1.251394003629684448e-01
1.349229663610458374e-01
-5.306916311383247375e-03
-3.053487092256546021e-02
-8.699146658182144165e-02
-4.884629696607589722e-02
1.942375749349594116e-01
-5.616180598735809326e-02
4.047106206417083740e-02
2.067532390356063843e-01
-8.248604834079742432e-02
5.998035520315170288e-02
-4.160305485129356384e-02
4.430591315031051636e-02
-1.202839538455009460e-01
1.007890850305557251e-01
-1.531787812709808350e-01
-3.452639654278755188e-02
-2.841308712959289551e-02
-4.424859210848808289e-02
1.310149440541863441e-03
1.007689982652664185e-01
-1.607022732496261597e-01
1.109794378280639648e-01
-3.152255341410636902e-02
3.805245086550712585e-02
6.691148132085800171e-02
-1.057326234877109528e-02
-2.016807347536087036e-02
-1.030125245451927185e-01
1.028722599148750305e-01
-2.063013315200805664e-01
2.469065636396408081e-01
2.065378278493881226e-01
1.400823742151260376e-01
1.691902726888656616e-01
1.559525281190872192e-01
6.026697158813476562e-02
5.575033649802207947e-02
-1.968762278556823730e-02
-2.260000407695770264e-01
-1.899907551705837250e-02
6.308292597532272339e-02
-1.247832700610160828e-01
3.981338441371917725e-02
2.223424613475799561e-03
