-8.854380995035171509e-02
-4.220686852931976318e-03
2.856358513236045837e-02
-9.227752685546875000e-02
-1.021247357130050659e-01
3.377124201506376266e-03
-2.871252596378326416e-02
-1.405506581068038940e-01
1.221312656998634338e-01
-1.610302627086639404e-01
2.625100016593933105e-01
-9.950643777847290039e-02
-2.014188915491104126e-01
-5.826862901449203491e-02
-7.393015921115875244e-02
2.133942395448684692e-01
-2.417184114456176758e-01
-1.343772560358047485e-01
-2.251650765538215637e-02
5.077594518661499023e-02
5.536011978983879089e-02
-7.961581647396087646e-02
2.777501009404659271e-02
8.131632953882217407e-02
-1.136675849556922913e-01
-3.976624011993408203e-01
-7.517820596694946289e-02
-8.871179074048995972e-02
-4.061544314026832581e-02
-4.510211572051048279e-02
-4.284006357192993164e-02
1.147433668375015259e-01
-2.490784078836441040e-01
1.640510559082031250e-02
-6.077389046549797058e-02
5.854987353086471558e-02
4.141994565725326538e-02
-7.931722700595855713e-02
1.533648371696472168e-01
2.531109377741813660e-02
-2.874827980995178223e-01
4.972238838672637939e-02
5.114094913005828857e-02
2.167693078517913818e-01
1.142978966236114502e-01
-1.499122823588550091e-03
2.092121541500091553e-02
-5.511894822120666504e-02
9.047046303749084473e-02
-1.835787296295166016e-01
-3.095935471355915070e-02
8.344146609306335449e-02
5.286382138729095459e-02
-3.419014811515808105e-02
-5.424397997558116913e-03
-1.059392690658569336e-01
4.331498593091964722e-02
1.098798364400863647e-01
-1.493084877729415894e-01
4.532922804355621338e-02
6.441657245159149170e-02
-8.392592519521713257e-02
2.109578996896743774e-02
-1.249657198786735535e-01
2.297017127275466919e-01
1.151153668761253357e-01
-8.317179232835769653e-02
-1.304010003805160522e-01
9.923256188631057739e-02
-8.694280683994293213e-02
-4.623040929436683655e-02
3.741148859262466431e-02
-1.833125203847885132e-01
-2.102798819541931152e-01
-2.995956242084503174e-01
1.694794744253158569e-02
3.750907182693481445e-01
9.701106697320938110e-02
-1.308154761791229248e-01
6.766570359468460083e-02
2.545131370425224304e-03
-2.109894528985023499e-02
1.364830136299133301e-01
1.716359257698059082e-01
1.271900162100791931e-02
6.994570791721343994e-02
-6.949227303266525269e-02
5.373698100447654724e-02
2.326158285140991211e-01
-3.173948824405670166e-02
-1.541954092681407928e-02
2.089556157588958740e-01
-9.964359551668167114e-02
-6.138470023870468140e-03
-1.317381672561168671e-02
-1.874492131173610687e-02
-5.109571665525436401e-02
7.516466826200485229e-02
-1.214723438024520874e-01
4.384050890803337097e-02
-4.583969712257385254e-04
-6.707894057035446167e-02
-2.794310450553894043e-02
6.474845856428146362e-02
-1.716110855340957642e-01
-1.810016110539436340e-04
-5.222160741686820984e-02
-2.337964996695518494e-02
2.176033146679401398e-02
2.892917022109031677e-02
-9.481721371412277222e-02
-4.242165759205818176e-02
8.497741818428039551e-02
-2.402961999177932739e-01
2.036865651607513428e-01
2.079336494207382202e-01
8.208063244819641113e-02
8.596049249172210693e-02
8.476377278566360474e-02
4.418175667524337769e-02
-2.437642216682434082e-02
2.839482761919498444e-02
-2.100014388561248779e-01
-2.054978720843791962e-02
1.627402603626251221e-01
-6.221625208854675293e-02
1.162263229489326477e-01
-3.165497258305549622e-02
