-4.053459316492080688e-02
2.156397141516208649e-02
2.085366472601890564e-02
-1.335631161928176880e-01
-1.391129791736602783e-01
-5.356587469577789307e-02
-6.810076534748077393e-02
-1.663376986980438232e-01
1.819926351308822632e-01
-1.682519018650054932e-01
2.229782640933990479e-01
-8.651420474052429199e-02
-1.942231208086013794e-01
-9.571500867605209351e-02
-7.829653471708297729e-02
2.281883955001831055e-01
-2.146891206502914429e-01
-1.903531700372695923e-01
-3.353409841656684875e-02
-1.023213379085063934e-02
5.829717591404914856e-02
1.688585849478840828e-03
6.092394888401031494e-02
3.595777601003646851e-02
-1.260218769311904907e-01
-3.386866450309753418e-01
-1.034177392721176147e-01
-8.923591673374176025e-02
-4.670321941375732422e-02
-5.755269899964332581e-02
1.920488104224205017e-02
7.085937261581420898e-02
-1.897349059581756592e-01
4.271726682782173157e-02
5.167037248611450195e-02
1.258366852998733521e-01
2.035655826330184937e-02
-1.123882085084915161e-01
1.316201090812683105e-01
-2.501103654503822327e-02
-3.025304079055786133e-01
-5.242700129747390747e-02
5.878448486328125000e-02
2.196837812662124634e-01
1.483957320451736450e-01
-4.563580453395843506e-02
6.598364561796188354e-03
-1.431177854537963867e-01
1.394371092319488525e-01
-1.466416269540786743e-01
-5.032403767108917236e-02
1.016849204897880554e-01
1.178403105586767197e-02
-7.560547441244125366e-03
2.017448469996452332e-02
-9.733900427818298340e-02
6.517990678548812866e-02
1.352041661739349365e-01
-1.294357478618621826e-01
-3.322392329573631287e-02
1.277934759855270386e-01
-7.951010018587112427e-02
-8.144251257181167603e-02
-1.368735581636428833e-01
2.736279964447021484e-01
1.033366695046424866e-01
-1.796796023845672607e-01
-2.279919981956481934e-01
1.112070530652999878e-01
-1.302973479032516479e-01
-9.301465004682540894e-02
7.693719863891601562e-02
-1.991520971059799194e-01
-1.581718027591705322e-01
-3.038301765918731689e-01
-9.353724867105484009e-02
4.296233057975769043e-01
3.221729025244712830e-02
-1.785543262958526611e-01
3.241041302680969238e-02
-4.678865522146224976e-02
9.535422921180725098e-02
1.206956282258033752e-01
1.690372675657272339e-01
2.143673598766326904e-03
1.173592209815979004e-01
-1.400796920061111450e-01
1.706603541970252991e-02
2.458031028509140015e-01
-1.386178731918334961e-01
-4.249053820967674255e-02
1.790128052234649658e-01
-8.250007778406143188e-02
9.157350659370422363e-02
-2.004896663129329681e-02
7.381754461675882339e-03
-5.512978136539459229e-02
8.336879312992095947e-02
-1.456242203712463379e-01
2.397298812866210938e-02
5.353070795536041260e-02
-2.031823992729187012e-02
-2.027882821857929230e-02
9.678327292203903198e-02
-8.943472802639007568e-02
7.484410703182220459e-02
1.646208576858043671e-02
4.007846489548683167e-02
1.774314790964126587e-02
1.117346715182065964e-02
-1.223730444908142090e-01
-9.204284846782684326e-02
1.326887458562850952e-01
-2.417962849140167236e-01
2.116200029850006104e-01
1.741570681333541870e-01
9.378272294998168945e-02
8.769751340150833130e-02
1.159764230251312256e-01
9.320975095033645630e-02
-5.764974281191825867e-02
-1.371121220290660858e-02
-1.974712759256362915e-01
-3.205251414328813553e-04
5.402825027704238892e-02
-3.350261971354484558e-02
7.854577153921127319e-02
-4.397792369127273560e-02
