-9.964001923799514771e-02
4.014814272522926331e-02
3.204122185707092285e-02
-7.791651040315628052e-02
-1.344650238752365112e-01
-1.585482619702816010e-02
-2.565821632742881775e-02
-8.787968754768371582e-02
1.625520288944244385e-01
-1.569552868604660034e-01
2.062408626079559326e-01
-1.132583543658256531e-01
-1.803468316793441772e-01
-8.443868160247802734e-02
-7.612591981887817383e-02
2.690805792808532715e-01
-2.200837135314941406e-01
-1.725344955921173096e-01
-2.100837789475917816e-02
3.667909651994705200e-02
7.756021618843078613e-02
-3.371479362249374390e-02
1.475259289145469666e-02
6.603793799877166748e-02
-1.236821487545967102e-01
-3.937856554985046387e-01
-7.307352125644683838e-02
-7.533221691846847534e-02
-3.523530438542366028e-02
-5.814086645841598511e-02
-4.126207903027534485e-02
1.311573237180709839e-01
-1.971074491739273071e-01
-4.017699882388114929e-02
2.543099597096443176e-02
7.930868864059448242e-02
2.928055822849273682e-02
-7.474509626626968384e-02
1.149375587701797485e-01
-1.768497750163078308e-02
-2.973267436027526855e-01
-9.671937674283981323e-03
1.247849017381668091e-01
2.335600852966308594e-01
1.127946749329566956e-01
4.513425752520561218e-03
2.673929929733276367e-02
-1.092669218778610229e-01
1.033670231699943542e-01
-1.756356060504913330e-01
-5.417718365788459778e-02
7.272662967443466187e-02
6.313718855381011963e-02
1.312076859176158905e-02
3.444840759038925171e-02
-1.146039739251136780e-01
4.748535156250000000e-02
7.748658955097198486e-02
-1.237121596932411194e-01
2.125821821391582489e-02
9.905564785003662109e-02
-6.808874011039733887e-02
-3.786854073405265808e-02
-1.666511893272399902e-01
2.483976334333419800e-01
8.580554276704788208e-02
-1.128482073545455933e-01
-1.853859573602676392e-01
1.352167725563049316e-01
-9.422547370195388794e-02
-6.703896075487136841e-02
1.888896152377128601e-02
-1.500799655914306641e-01
-1.796272993087768555e-01
-2.827613055706024170e-01
-5.224866420030593872e-02
3.579191267490386963e-01
9.695208072662353516e-02
-1.545758098363876343e-01
9.552428871393203735e-02
1.081060152500867844e-02
2.414416335523128510e-02
9.024827182292938232e-02
2.124567925930023193e-01
8.713940158486366272e-03
1.047792062163352966e-01
-4.828767478466033936e-02
3.152377158403396606e-02
2.046161293983459473e-01
-7.864855229854583740e-02
6.245126482099294662e-03
1.626585870981216431e-01
-6.629942357540130615e-02
5.124031007289886475e-02
-3.251093905419111252e-03
-3.439204767346382141e-02
-8.097152411937713623e-02
1.038880571722984314e-01
-1.534259170293807983e-01
4.909674450755119324e-02
-4.571732133626937866e-04
-4.457446560263633728e-02
-5.480783991515636444e-03
6.520814448595046997e-02
-1.018316075205802917e-01
6.066061556339263916e-02
-2.199217677116394043e-02
3.440933302044868469e-02
5.780928302556276321e-03
5.968063324689865112e-02
-1.080808341503143311e-01
-4.885911196470260620e-02
8.018357306718826294e-02
-2.032534778118133545e-01
2.108443826436996460e-01
1.727002859115600586e-01
5.829123035073280334e-02
9.889784455299377441e-02
1.340398639440536499e-01
1.026218682527542114e-01
7.930803112685680389e-03
3.065798804163932800e-02
-2.034624069929122925e-01
-1.225926633924245834e-02
1.395489275455474854e-01
-1.168718561530113220e-01
7.795584946870803833e-02
-2.316690608859062195e-02
