-1.270945817232131958e-01
2.943436428904533386e-02
3.266777470707893372e-02
-1.182520687580108643e-01
-1.421813964843750000e-01
-6.044922769069671631e-02
-5.864152312278747559e-02
-1.510865092277526855e-01
1.400960236787796021e-01
-1.354555189609527588e-01
2.019169628620147705e-01
-9.047903120517730713e-02
-2.146234065294265747e-01
-6.216192990541458130e-02
-4.077658057212829590e-02
2.197347134351730347e-01
-1.989728510379791260e-01
-1.847845315933227539e-01
-6.147560104727745056e-02
4.535676166415214539e-02
7.158224284648895264e-02
6.996782869100570679e-02
-1.632784307003021240e-02
2.623919770121574402e-02
-1.172464638948440552e-01
-3.605160713195800781e-01
-1.085547357797622681e-01
-5.022455379366874695e-02
-5.150410160422325134e-02
-2.287327870726585388e-02
-2.296530269086360931e-02
6.160918995738029480e-02
-1.687669157981872559e-01
-3.268705308437347412e-02
7.382914423942565918e-02
1.047062426805496216e-01
2.738332934677600861e-02
-9.345865249633789062e-02
8.660019934177398682e-02
-9.734777733683586121e-03
-3.375900089740753174e-01
5.584777519106864929e-02
1.182640567421913147e-01
1.964905112981796265e-01
1.892833113670349121e-01
-1.911226287484169006e-02
-9.887289255857467651e-03
-1.803568303585052490e-01
1.051212176680564880e-01
-1.627617329359054565e-01
-5.772845447063446045e-02
1.197414994239807129e-01
2.928761765360832214e-02
4.196873679757118225e-02
3.159251809120178223e-02
-9.591351449489593506e-02
5.721364170312881470e-02
1.253383755683898926e-01
-1.581178754568099976e-01
-5.241211503744125366e-02
1.446683853864669800e-01
-4.769561439752578735e-02
-1.750809326767921448e-02
-1.438460350036621094e-01
1.481429785490036011e-01
4.876564815640449524e-02
-1.288269311189651489e-01
-2.302005887031555176e-01
7.238224148750305176e-02
-1.722618639469146729e-01
-1.264887452125549316e-01
5.796643346548080444e-02
-1.786219477653503418e-01
-1.909024566411972046e-01
-3.091692626476287842e-01
-2.797199040651321411e-02
3.635709285736083984e-01
1.077846065163612366e-01
-1.719172000885009766e-01
8.038052171468734741e-02
2.248455770313739777e-02
3.763333708047866821e-02
1.044894680380821228e-01
1.502752900123596191e-01
3.099146299064159393e-02
5.244410410523414612e-02
-7.825717329978942871e-02
-4.875670187175273895e-03
2.331743836402893066e-01
-5.812007933855056763e-02
4.131414368748664856e-02
2.117372751235961914e-01
-2.333704382181167603e-02
6.182783097028732300e-02
3.230512142181396484e-02
5.165799334645271301e-02
-6.697676330804824829e-02
5.675620213150978088e-02
-1.324951946735382080e-01
2.104549482464790344e-02
4.177138209342956543e-03
-2.177839353680610657e-02
2.043290995061397552e-02
1.236215904355049133e-01
-1.065367981791496277e-01
1.415338963270187378e-01
-2.638061903417110443e-02
3.638184815645217896e-02
5.359490867704153061e-03
1.342588383704423904e-02
-5.458834581077098846e-03
-5.712031945586204529e-02
9.241618961095809937e-02
-1.787904500961303711e-01
1.803660094738006592e-01
1.868154108524322510e-01
6.267834454774856567e-02
8.142746239900588989e-02
8.919189125299453735e-02
8.519951999187469482e-02
-7.673320919275283813e-02
5.520914867520332336e-02
-2.216587662696838379e-01
-2.747860737144947052e-02
7.453398406505584717e-02
-6.913015991449356079e-02
7.317604124546051025e-02
-1.928018219769001007e-02
