-1.574553847312927246e-01
5.486039444804191589e-04
2.494602091610431671e-02
-1.688885241746902466e-01
-1.355356574058532715e-01
-4.831831157207489014e-02
-1.225308030843734741e-01
-6.858692318201065063e-02
1.813088506460189819e-01
-2.051221430301666260e-01
2.029694020748138428e-01
-4.654492810368537903e-02
-1.500511914491653442e-01
-6.380447745323181152e-02
-6.652133166790008545e-02
2.465166300535202026e-01
-2.648616731166839600e-01
-1.932393163442611694e-01
6.618144363164901733e-02
-3.084407374262809753e-02
2.233063802123069763e-02
-1.043349970132112503e-02
-1.863288879394531250e-02
1.041602194309234619e-01
-1.229585409164428711e-01
-3.985541164875030518e-01
-1.084633097052574158e-01
-8.993064612150192261e-02
-7.579289376735687256e-02
-6.281407177448272705e-02
3.732032142579555511e-03
7.982301712036132812e-02
-2.120040804147720337e-01
3.252145648002624512e-02
-8.125238120555877686e-03
9.937003999948501587e-02
3.586862236261367798e-02
-1.175346300005912781e-01
1.402841061353683472e-01
7.932215183973312378e-02
-2.504818737506866455e-01
-4.841940850019454956e-02
1.312466114759445190e-01
2.201996445655822754e-01
1.652082800865173340e-01
-2.863177843391895294e-02
-2.687777392566204071e-02
-6.094356998801231384e-02
1.496535092592239380e-01
-1.883696466684341431e-01
-3.732306882739067078e-03
1.129507645964622498e-01
1.079895794391632080e-01
3.467668965458869934e-02
4.867146909236907959e-02
-8.880364149808883667e-02
1.193140968680381775e-01
1.085767447948455811e-01
-1.836731582880020142e-01
-4.647302255034446716e-02
-1.771241426467895508e-03
-5.015459284186363220e-02
2.447343245148658752e-02
-6.044417619705200195e-02
2.889848649501800537e-01
1.887916624546051025e-01
-5.618431046605110168e-02
-1.856680810451507568e-01
1.868618577718734741e-01
-1.290348470211029053e-01
-1.444979757070541382e-01
-4.529205616563558578e-03
-1.473163813352584839e-01
-1.544814556837081909e-01
-2.811668515205383301e-01
-5.462988466024398804e-02
2.619299590587615967e-01
1.338637620210647583e-01
-1.616276055574417114e-01
1.204098463058471680e-01
1.285987254232168198e-02
-9.267725050449371338e-02
5.445386096835136414e-02
2.279389351606369019e-01
-1.452697627246379852e-02
4.077649116516113281e-02
-4.197856783866882324e-02
-9.816280566155910492e-03
2.247918695211410522e-01
1.287195645272731781e-02
1.416550111025571823e-02
1.860795170068740845e-01
-3.059164807200431824e-02
4.945522174239158630e-02
4.782246053218841553e-02
-4.046154022216796875e-02
-1.211019754409790039e-01
5.197352916002273560e-02
-1.345484852790832520e-01
-5.053124204277992249e-02
-4.759662970900535583e-02
2.379849553108215332e-02
-5.096196755766868591e-02
1.322768628597259521e-01
-1.990529298782348633e-01
1.068185493350028992e-01
-2.450647950172424316e-02
-6.909148395061492920e-02
-6.200412660837173462e-02
4.652615636587142944e-02
1.365824602544307709e-02
-5.233854055404663086e-02
4.074946045875549316e-02
-1.637815535068511963e-01
1.914437413215637207e-01
1.480148583650588989e-01
7.224345207214355469e-02
1.660373210906982422e-01
6.592220813035964966e-02
4.436250776052474976e-02
-3.015547804534435272e-02
-3.682317584753036499e-02
-1.868249773979187012e-01
-7.271467708051204681e-03
6.170602142810821533e-02
-1.118074506521224976e-01
7.075705379247665405e-02
2.177640981972217560e-02
