-1.044773757457733154e-01
-5.273872055113315582e-03
1.527848280966281891e-02
-1.031846255064010620e-01
-1.701834052801132202e-01
-8.571814000606536865e-02
-8.448282629251480103e-02
-1.290550231933593750e-01
1.316760778427124023e-01
-1.654169708490371704e-01
1.874947696924209595e-01
-1.080762147903442383e-01
-1.523417681455612183e-01
-3.890827670693397522e-02
-9.237741678953170776e-02
1.960813850164413452e-01
-1.400364190340042114e-01
-1.323423087596893311e-01
-2.981570735573768616e-02
1.236371044069528580e-02
8.809418231248855591e-02
4.369014408439397812e-03
-7.600890006870031357e-03
6.706007570028305054e-02
-6.208790838718414307e-02
-3.758766353130340576e-01
-9.236793220043182373e-02
-5.007972940802574158e-02
-9.190810844302177429e-03
-2.331631071865558624e-02
-3.600259870290756226e-02
8.583449572324752808e-02
-1.783653199672698975e-01
-4.221966117620468140e-02
3.262853622436523438e-02
1.017746627330780029e-01
2.843906916677951813e-02
-6.875567138195037842e-02
1.184139400720596313e-01
-4.150807112455368042e-02
-3.348920643329620361e-01
-3.534364048391580582e-03
1.265366524457931519e-01
1.837508380413055420e-01
1.370288282632827759e-01
3.820434585213661194e-02
1.092212274670600891e-02
-1.466454565525054932e-01
1.075653880834579468e-01
-1.705666035413742065e-01
-8.619347587227821350e-03
8.890323340892791748e-02
4.485671222209930420e-02
2.188017591834068298e-02
2.916327491402626038e-02
-1.171356588602066040e-01
6.393203884363174438e-02
9.330657869577407837e-02
-1.516808867454528809e-01
-6.258916109800338745e-03
1.063541918992996216e-01
-4.887432605028152466e-02
3.634594380855560303e-03
-1.154995113611221313e-01
2.316447943449020386e-01
9.674411267042160034e-02
-1.197492480278015137e-01
-1.533765494823455811e-01
1.372742652893066406e-01
-1.778982877731323242e-01
-6.996986269950866699e-02
5.459240823984146118e-02
-1.183512061834335327e-01
-1.881195753812789917e-01
-3.039961457252502441e-01
-3.916244581341743469e-02
4.228547513484954834e-01
1.324278414249420166e-01
-1.413467377424240112e-01
4.834326729178428650e-02
-2.866746857762336731e-02
2.580726984888315201e-03
1.512847393751144409e-01
1.500971168279647827e-01
2.327713370323181152e-02
3.382309153676033020e-02
-6.505293399095535278e-02
1.105275005102157593e-03
2.434462457895278931e-01
-6.123952567577362061e-02
5.684708245098590851e-03
1.865070015192031860e-01
-6.171668879687786102e-03
7.996605336666107178e-02
-1.309935003519058228e-02
8.969856053590774536e-02
-8.983584493398666382e-02
7.083719223737716675e-02
-1.240171492099761963e-01
5.359984561800956726e-02
1.048197411000728607e-02
-2.739596739411354065e-02
1.627054996788501740e-02
1.122383624315261841e-01
-1.433165520429611206e-01
1.034489572048187256e-01
-1.281242258846759796e-02
1.164100412279367447e-02
1.428738795220851898e-02
6.343097239732742310e-02
-4.710437357425689697e-02
-8.589385449886322021e-02
7.091084867715835571e-02
-1.881414055824279785e-01
1.909795850515365601e-01
1.734845042228698730e-01
8.350567519664764404e-02
1.408815681934356689e-01
1.006123498082160950e-01
8.047802746295928955e-02
8.367429487407207489e-03
-5.963145941495895386e-02
-1.936203688383102417e-01
-3.865655884146690369e-02
6.211927533149719238e-02
-6.906415522098541260e-02
6.182179600000381470e-02
2.375174313783645630e-02
