-8.779917657375335693e-02
-1.804918050765991211e-02
6.282735150307416916e-03
-1.192119717597961426e-01
-1.136222705245018005e-01
-5.581335723400115967e-02
-4.277348518371582031e-02
-1.561646461486816406e-01
1.476530581712722778e-01
-1.207727417349815369e-01
1.845453530550003052e-01
-9.392119199037551880e-02
-1.734145581722259521e-01
-8.121778070926666260e-02
-6.766318529844284058e-02
2.470494359731674194e-01
-2.367363125085830688e-01
-1.385623216629028320e-01
-2.346145920455455780e-03
5.480583757162094116e-02
1.078379750251770020e-01
-3.535804525017738342e-02
2.401874959468841553e-02
6.369663029909133911e-02
-8.372408151626586914e-02
-3.720643818378448486e-01
-1.220465973019599915e-01
-4.808939620852470398e-02
-6.962814368307590485e-03
-5.533231049776077271e-02
-4.383778199553489685e-02
9.041985124349594116e-02
-2.082625329494476318e-01
-2.168481796979904175e-02
3.214129060506820679e-02
8.401691913604736328e-02
1.028554327785968781e-02
-1.145127266645431519e-01
1.123980954289436340e-01
-4.981479048728942871e-02
-3.227879703044891357e-01
1.779451221227645874e-02
1.304063051939010620e-01
1.757332980632781982e-01
1.648723185062408447e-01
1.445815060287714005e-02
-3.767625242471694946e-02
-1.180708855390548706e-01
9.645506739616394043e-02
-2.229536622762680054e-01
-5.641992390155792236e-02
8.187476545572280884e-02
1.225155126303434372e-02
4.409269616007804871e-02
-8.266951888799667358e-03
-7.515648007392883301e-02
8.840703964233398438e-02
1.079148352146148682e-01
-2.181445807218551636e-01
1.321389339864253998e-03
1.231636926531791687e-01
-1.423300653696060181e-01
2.352705784142017365e-02
-1.226737201213836670e-01
1.953202635049819946e-01
1.109086126089096069e-01
-1.318799704313278198e-01
-1.605550348758697510e-01
6.488315761089324951e-02
-1.633899956941604614e-01
-2.742450684309005737e-02
2.705656550824642181e-02
-1.136629283428192139e-01
-2.217006683349609375e-01
-3.024902641773223877e-01
-6.560517102479934692e-02
3.388137817382812500e-01
1.361041218042373657e-01
-1.215758398175239563e-01
6.117139011621475220e-02
-3.037979826331138611e-02
2.526233717799186707e-02
1.411746144294738770e-01
1.250785440206527710e-01
4.665479436516761780e-02
3.622052073478698730e-02
-9.483303874731063843e-02
1.915206387639045715e-02
2.347311377525329590e-01
-8.958174288272857666e-02
5.559492111206054688e-02
2.420694231986999512e-01
-6.663671135902404785e-02
5.984333902597427368e-02
-3.641777113080024719e-02
9.011705964803695679e-02
-7.027894258499145508e-02
8.995347470045089722e-02
-1.116508916020393372e-01
7.513550668954849243e-02
-1.358621101826429367e-02
-4.804268851876258850e-02
4.874707385897636414e-02
9.421712160110473633e-02
-1.296980381011962891e-01
8.212190866470336914e-02
-1.395216025412082672e-02
1.965016312897205353e-02
2.503270283341407776e-02
-1.341360248625278473e-02
-6.682238727807998657e-02
-7.024454325437545776e-02
5.966136977076530457e-02
-2.315884530544281006e-01
2.332594096660614014e-01
2.115685343742370605e-01
6.145596876740455627e-02
1.054227799177169800e-01
5.249723047018051147e-02
8.350375294685363770e-02
-5.829582363367080688e-02
-6.794250756502151489e-02
-1.867254078388214111e-01
1.214958261698484421e-02
1.014684662222862244e-01
-6.272241473197937012e-02
7.343450933694839478e-02
-1.355550810694694519e-02
