-1.269028186798095703e-01
4.140333831310272217e-02
5.178679525852203369e-02
-6.129718571901321411e-02
-1.561736166477203369e-01
-5.152389034628868103e-02
-1.906874030828475952e-02
-1.954389810562133789e-01
1.494985222816467285e-01
-1.107153594493865967e-01
3.101030290126800537e-01
-1.083460077643394470e-01
-1.909253001213073730e-01
-1.273560374975204468e-01
-5.970253050327301025e-02
2.518879175186157227e-01
-1.932412832975387573e-01
-1.360919624567031860e-01
-3.400255739688873291e-02
-2.076639607548713684e-02
3.737011551856994629e-02
-2.922420762479305267e-02
9.134733676910400391e-02
6.110667809844017029e-02
-7.457479089498519897e-02
-4.239920973777770996e-01
-9.831826388835906982e-02
-6.228808313608169556e-02
3.442567586898803711e-02
5.110850930213928223e-02
-5.954964086413383484e-02
1.193127185106277466e-01
-2.051254212856292725e-01
-1.628946326673030853e-02
5.500783398747444153e-02
8.956460654735565186e-02
1.571060740388929844e-03
-5.088594183325767517e-02
1.116117388010025024e-01
-4.244082048535346985e-02
-2.644520998001098633e-01
-5.614714324474334717e-02
1.256137788295745850e-01
1.901615262031555176e-01
1.849759370088577271e-01
4.122214391827583313e-02
1.122844964265823364e-02
-1.431297659873962402e-01
3.154014796018600464e-02
-1.243394687771797180e-01
-2.340062893927097321e-02
1.216275766491889954e-01
7.348517328500747681e-02
-1.987111754715442657e-03
1.738913357257843018e-02
-1.376354694366455078e-01
3.879984095692634583e-02
1.450491100549697876e-01
-1.725136488676071167e-01
-4.722919315099716187e-02
9.867328405380249023e-02
-8.121263235807418823e-02
-3.283874690532684326e-02
-1.461768001317977905e-01
2.737774848937988281e-01
1.323760896921157837e-01
-1.299183368682861328e-01
-1.435348242521286011e-01
1.348105221986770630e-01
-1.298095881938934326e-01
-1.470197364687919617e-02
2.244793437421321869e-02
-1.852841228246688843e-01
-2.068413048982620239e-01
-3.113304972648620605e-01
-3.972406685352325439e-02
3.956041336059570312e-01
1.062896326184272766e-01
-1.502752304077148438e-01
2.638618461787700653e-04
-2.035403996706008911e-02
4.299628734588623047e-02
1.135667711496353149e-01
1.195785552263259888e-01
-5.455397814512252808e-02
-1.276801433414220810e-02
-1.255077868700027466e-01
-3.876107558608055115e-02
1.552964895963668823e-01
-8.977027237415313721e-02
5.179603770375251770e-02
2.178740650415420532e-01
-7.333652675151824951e-02
1.407302450388669968e-02
-2.337215840816497803e-02
2.583693154156208038e-02
-9.912636131048202515e-02
1.018239185214042664e-01
-1.336614787578582764e-01
-7.339762523770332336e-04
-6.504719704389572144e-02
-8.551038801670074463e-02
4.562653601169586182e-02
5.365514755249023438e-02
-1.764784455299377441e-01
2.265986427664756775e-02
-8.983497507870197296e-03
1.836347021162509918e-02
1.877342537045478821e-02
-2.542599290609359741e-02
-4.244662076234817505e-02
-1.033533141016960144e-01
9.338570386171340942e-02
-2.196259498596191406e-01
2.003872245550155640e-01
2.031805664300918579e-01
7.356868684291839600e-02
1.865335106849670410e-01
8.986356109380722046e-02
1.404065787792205811e-01
-6.592676788568496704e-02
-4.374996200203895569e-02
-1.392847150564193726e-01
3.336702287197113037e-02
7.557243108749389648e-02
-1.310404092073440552e-01
6.230354309082031250e-02
3.378270659595727921e-03
