-1.124360561370849609e-01
1.231348514556884766e-01
9.405967593193054199e-02
-1.054663732647895813e-01
-1.106847822666168213e-01
1.314583513885736465e-02
-8.020620048046112061e-02
-1.706243455410003662e-01
1.646620929241180420e-01
-1.727061718702316284e-01
2.645702958106994629e-01
-1.011130586266517639e-01
-2.139861136674880981e-01
-8.199131488800048828e-02
-8.796883374452590942e-02
2.661041617393493652e-01
-2.102522701025009155e-01
-1.506228893995285034e-01
-1.984125003218650818e-02
2.912321686744689941e-02
4.845285788178443909e-02
-4.448766633868217468e-02
3.427120298147201538e-02
1.983445882797241211e-02
-1.337270289659500122e-01
-3.818194270133972168e-01
-8.528345078229904175e-02
-5.642726272344589233e-02
-5.996707454323768616e-02
-2.389792725443840027e-02
-9.343259781599044800e-02
7.548206299543380737e-02
-1.913101971149444580e-01
7.612910121679306030e-03
-5.287103354930877686e-03
1.074169129133224487e-01
-4.294799268245697021e-02
-6.784146279096603394e-02
1.169970631599426270e-01
-2.525794506072998047e-02
-2.401954084634780884e-01
-1.671657897531986237e-02
1.065596342086791992e-01
1.753567308187484741e-01
1.420316100120544434e-01
-8.226498030126094818e-03
3.051386959850788116e-02
-1.275232136249542236e-01
1.169570535421371460e-01
-2.172351032495498657e-01
-2.654738724231719971e-02
1.012253016233444214e-01
3.246278688311576843e-02
1.029730141162872314e-01
2.706575393676757812e-02
-1.117426007986068726e-01
5.792577564716339111e-02
1.589733511209487915e-01
-1.487941741943359375e-01
2.123681642115116119e-02
8.820949494838714600e-02
-1.193403601646423340e-01
-9.847742319107055664e-02
-1.196642890572547913e-01
2.763476669788360596e-01
2.070935666561126709e-01
-1.426173597574234009e-01
-2.371832579374313354e-01
8.143550157546997070e-02
-7.740370184183120728e-02
-1.036263555288314819e-01
2.413950487971305847e-02
-1.384894847869873047e-01
-1.696280837059020996e-01
-2.934051752090454102e-01
1.025059446692466736e-02
3.531158864498138428e-01
8.715728670358657837e-02
-1.691141575574874878e-01
5.321568250656127930e-02
-1.395693607628345490e-02
-1.418280228972434998e-02
7.741220295429229736e-02
1.551946997642517090e-01
-1.885429024696350098e-02
4.540607705712318420e-02
-7.935921847820281982e-02
-1.626878231763839722e-02
1.951158493757247925e-01
-9.753445535898208618e-02
2.429514005780220032e-02
2.044871151447296143e-01
-8.380050212144851685e-02
8.578283339738845825e-02
-2.886021882295608521e-02
4.579720646142959595e-02
-1.311624497175216675e-01
1.049645543098449707e-01
-1.172172799706459045e-01
-4.899080842733383179e-03
5.329588428139686584e-02
-6.147643178701400757e-02
-2.405994012951850891e-02
5.686904862523078918e-02
-1.445712149143218994e-01
1.238655820488929749e-01
-4.698847606778144836e-02
4.956049472093582153e-02
5.345669761300086975e-02
-2.126311697065830231e-02
-6.812588870525360107e-02
-3.677165135741233826e-02
9.756901860237121582e-02
-2.504985928535461426e-01
2.464994788169860840e-01
1.683199852705001831e-01
5.181506276130676270e-02
1.243518814444541931e-01
1.548569649457931519e-01
1.006936505436897278e-01
-1.219770871102809906e-03
4.058302566409111023e-02
-1.807875037193298340e-01
-3.422889113426208496e-02
1.292568296194076538e-01
-8.160313963890075684e-02
3.843323141336441040e-02
-1.235395483672618866e-02
