-6.842428445816040039e-02
7.948567159473896027e-03
1.974125020205974579e-02
-1.605514287948608398e-01
-1.555943638086318970e-01
-3.597495332360267639e-02
-5.913193151354789734e-02
-1.245928257703781128e-01
1.799458712339401245e-01
-1.632691472768783569e-01
1.940598189830780029e-01
-6.754592806100845337e-02
-2.019905894994735718e-01
-1.051058471202850342e-01
-7.158337533473968506e-02
2.702805697917938232e-01
-2.256519943475723267e-01
-2.278215736150741577e-01
-1.424745749682188034e-02
1.841241493821144104e-02
5.825158208608627319e-02
-1.675337366759777069e-02
2.793956547975540161e-02
5.203370749950408936e-02
-1.299350708723068237e-01
-3.432234525680541992e-01
-1.210346594452857971e-01
-2.346923947334289551e-02
-9.885190427303314209e-02
-2.470514178276062012e-02
-4.144267179071903229e-03
8.534155040979385376e-02
-2.031883597373962402e-01
6.544469855725765228e-03
5.752322077751159668e-02
1.305791884660720825e-01
4.756790585815906525e-03
-9.370490163564682007e-02
9.287454187870025635e-02
-2.896033227443695068e-03
-3.283203840255737305e-01
3.013414703309535980e-02
9.971794486045837402e-02
2.100564986467361450e-01
1.489502340555191040e-01
1.097697485238313675e-02
-4.926748573780059814e-03
-1.361138969659805298e-01
9.829171001911163330e-02
-2.017393857240676880e-01
-3.249329328536987305e-02
1.176079809665679932e-01
2.671406418085098267e-02
-8.853329345583915710e-04
2.238373644649982452e-02
-1.143728047609329224e-01
8.600462973117828369e-02
1.204917803406715393e-01
-1.501423567533493042e-01
-4.319719597697257996e-02
1.083903387188911438e-01
-7.360741496086120605e-02
-2.667047083377838135e-02
-1.604067832231521606e-01
2.287133783102035522e-01
1.019404381513595581e-01
-1.570483893156051636e-01
-2.533805370330810547e-01
1.147278770804405212e-01
-1.266957223415374756e-01
-1.050265803933143616e-01
9.062585234642028809e-02
-1.777368634939193726e-01
-2.028424739837646484e-01
-3.378247916698455811e-01
-3.955115377902984619e-02
4.068354368209838867e-01
1.211461126804351807e-01
-1.508919745683670044e-01
5.311376601457595825e-02
-3.404160961508750916e-03
8.723717182874679565e-02
7.757034897804260254e-02
1.578337401151657104e-01
-8.865351788699626923e-03
1.043605208396911621e-01
-1.460108757019042969e-01
6.029001437127590179e-03
2.154852747917175293e-01
-9.035627543926239014e-02
-4.556870833039283752e-02
1.974770724773406982e-01
-3.000092506408691406e-02
1.023769602179527283e-01
-1.040217466652393341e-02
3.894141688942909241e-02
-4.627020284533500671e-02
1.034755334258079529e-01
-1.759936809539794922e-01
2.998879179358482361e-02
2.805581875145435333e-02
-6.756316870450973511e-03
-5.788616836071014404e-03
1.153661012649536133e-01
-7.485622912645339966e-02
9.792669862508773804e-02
-3.360282629728317261e-02
1.286643370985984802e-02
-6.175950542092323303e-02
5.455394461750984192e-02
-1.043431386351585388e-01
-5.856586992740631104e-02
8.018782734870910645e-02
-2.505948543548583984e-01
1.907258182764053345e-01
2.155833989381790161e-01
9.943106770515441895e-02
8.477350324392318726e-02
1.396806687116622925e-01
7.915715873241424561e-02
-6.186123937368392944e-02
-2.800428494811058044e-02
-1.982891112565994263e-01
-2.168750390410423279e-02
7.628006488084793091e-02
-7.247193902730941772e-02
1.249406114220619202e-01
1.714010164141654968e-02
