-1.442851871252059937e-01
3.527634963393211365e-02
2.976663410663604736e-02
-1.246892809867858887e-01
-1.637410819530487061e-01
-3.524959087371826172e-02
-2.290154807269573212e-02
-1.155837625265121460e-01
1.276979893445968628e-01
-1.435162425041198730e-01
2.233265340328216553e-01
-7.644685357809066772e-02
-2.254668027162551880e-01
-8.747304975986480713e-02
-2.975264191627502441e-02
2.332637906074523926e-01
-2.491288781166076660e-01
-1.934888064861297607e-01
-3.132155537605285645e-02
5.451678484678268433e-02
4.377553239464759827e-02
5.705778021365404129e-03
4.652891308069229126e-02
4.510687291622161865e-02
-1.010040044784545898e-01
-4.219714105129241943e-01
-6.998039782047271729e-02
-3.052755817770957947e-02
-2.391036972403526306e-02
-3.601119667291641235e-02
-1.965984143316745758e-02
5.920132622122764587e-02
-2.089095413684844971e-01
-9.262535721063613892e-03
1.935965381562709808e-03
8.565241843461990356e-02
6.040858104825019836e-03
-8.238268643617630005e-02
1.263556182384490967e-01
7.845489308238029480e-04
-3.275324702262878418e-01
3.527542203664779663e-02
7.434634864330291748e-02
2.445065081119537354e-01
1.289910376071929932e-01
1.656201854348182678e-02
2.801634185016155243e-02
-1.380529403686523438e-01
9.846927225589752197e-02
-1.910568177700042725e-01
-3.166405111551284790e-02
7.989515364170074463e-02
4.211919847875833511e-03
-3.291682526469230652e-02
6.930462084710597992e-03
-1.249147057533264160e-01
5.332649126648902893e-02
1.057160645723342896e-01
-1.329531967639923096e-01
-1.800911501049995422e-02
1.101719364523887634e-01
-2.276451140642166138e-02
1.890817098319530487e-02
-1.478156149387359619e-01
2.171970605850219727e-01
4.824087768793106079e-02
-1.047880575060844421e-01
-2.050724476575851440e-01
6.092395260930061340e-02
-1.321373432874679565e-01
-9.763877838850021362e-02
5.856370180845260620e-02
-1.527486592531204224e-01
-1.816473752260208130e-01
-3.413587212562561035e-01
-3.794839233160018921e-02
3.711871802806854248e-01
8.336251974105834961e-02
-1.219362989068031311e-01
5.000958219170570374e-02
9.432921186089515686e-03
2.659432031214237213e-02
1.348170191049575806e-01
1.660099029541015625e-01
-3.331775963306427002e-02
8.342764526605606079e-02
-1.373924314975738525e-01
2.501496113836765289e-02
2.355035543441772461e-01
-5.384130403399467468e-02
-1.783255673944950104e-02
2.041659653186798096e-01
2.623910084366798401e-03
8.439025282859802246e-02
1.328066829591989517e-02
2.855695039033889771e-02
-6.592423468828201294e-02
1.035491228103637695e-01
-1.421010494232177734e-01
5.484686791896820068e-02
1.896307617425918579e-02
-3.359718248248100281e-02
3.774595446884632111e-03
1.143882870674133301e-01
-1.277674883604049683e-01
9.490958601236343384e-02
-2.539667487144470215e-02
3.582261130213737488e-02
1.577565446496009827e-03
4.646560922265052795e-02
-7.335221767425537109e-02
-7.740741968154907227e-02
4.782268777489662170e-02
-2.217660844326019287e-01
1.666073203086853027e-01
2.439741492271423340e-01
9.667745232582092285e-02
9.282636642456054688e-02
1.184995919466018677e-01
3.073797747492790222e-02
-6.193847954273223877e-02
6.083721667528152466e-02
-2.212630808353424072e-01
8.630983531475067139e-03
1.100970879197120667e-01
-7.564889639616012573e-02
1.102243661880493164e-01
2.025594562292098999e-02
