-1.447127461433410645e-01
7.151748053729534149e-03
4.047397524118423462e-03
-1.090168431401252747e-01
-1.499857157468795776e-01
-5.343249812722206116e-02
-5.417639389634132385e-02
-1.120464131236076355e-01
1.672303825616836548e-01
-1.543161720037460327e-01
2.720618844032287598e-01
-4.777368158102035522e-02
-2.361402511596679688e-01
-8.728640526533126831e-02
5.280049517750740051e-04
2.313239723443984985e-01
-2.524498105049133301e-01
-1.383523046970367432e-01
2.332062460482120514e-03
-3.864280879497528076e-04
1.018763333559036255e-01
-3.131102025508880615e-02
2.129782736301422119e-02
1.001219823956489563e-01
-1.307125389575958252e-01
-4.201097786426544189e-01
-7.034270465373992920e-02
-1.162591055035591125e-01
-3.090015985071659088e-02
-3.851703554391860962e-02
1.652975380420684814e-02
9.408076852560043335e-02
-2.045323848724365234e-01
-1.819635741412639618e-02
2.793668769299983978e-03
8.908241987228393555e-02
6.518721114844083786e-03
-7.415059208869934082e-02
1.808647215366363525e-01
1.789144240319728851e-02
-2.981392741203308105e-01
2.240996994078159332e-02
6.964230537414550781e-02
1.946482360363006592e-01
9.018173813819885254e-02
3.190408647060394287e-02
4.432364553213119507e-02
-1.471014767885208130e-01
1.223207935690879822e-01
-1.718723922967910767e-01
3.592982888221740723e-03
1.193478479981422424e-01
1.440851017832756042e-02
-2.408608049154281616e-02
3.974973037838935852e-02
-1.199209243059158325e-01
3.888434916734695435e-02
1.045537739992141724e-01
-2.472553253173828125e-01
8.306535892188549042e-03
8.122612535953521729e-02
-7.564519345760345459e-02
-5.233052745461463928e-02
-1.498061716556549072e-01
2.526575922966003418e-01
1.586046218872070312e-01
-8.380308747291564941e-02
-1.902180612087249756e-01
1.615096777677536011e-01
-1.145117357373237610e-01
-1.305590718984603882e-01
7.132931053638458252e-02
-1.700548231601715088e-01
-2.087060660123825073e-01
-2.755373418331146240e-01
-1.120228320360183716e-02
3.717052340507507324e-01
9.903609007596969604e-02
-1.400011479854583740e-01
9.786537289619445801e-02
-5.583860911428928375e-03
-5.408641695976257324e-02
1.452348530292510986e-01
1.927184611558914185e-01
6.633521616458892822e-02
2.968978881835937500e-02
-3.816955909132957458e-02
3.824090957641601562e-02
1.959293782711029053e-01
-5.116773396730422974e-02
9.023741818964481354e-03
2.283204048871994019e-01
-1.867559365928173065e-02
6.268124282360076904e-02
1.583269424736499786e-02
-1.809332706034183502e-02
-1.018852591514587402e-01
6.745001673698425293e-02
-1.541666090488433838e-01
-4.812376201152801514e-02
2.822330221533775330e-02
1.837334223091602325e-02
2.595220319926738739e-02
3.820781782269477844e-02
-1.278311908245086670e-01
5.510829016566276550e-02
-1.100590173155069351e-02
-2.342629991471767426e-02
1.588962227106094360e-02
3.708545118570327759e-02
-8.000858873128890991e-02
-7.925676554441452026e-02
6.695180386304855347e-02
-2.318830788135528564e-01
2.760070562362670898e-01
1.572459191083908081e-01
7.696347683668136597e-02
1.216269880533218384e-01
9.107875823974609375e-02
6.518456339836120605e-02
-1.577917486429214478e-02
-3.028590604662895203e-02
-2.375594824552536011e-01
4.106604494154453278e-03
1.463216096162796021e-01
-4.571809247136116028e-02
1.074147745966911316e-01
-3.372031822800636292e-02
