-1.039847359061241150e-01
-1.228824350982904434e-02
1.307643763720989227e-02
-1.359134614467620850e-01
-1.271616667509078979e-01
-6.454807519912719727e-02
-5.574376136064529419e-02
-1.345492154359817505e-01
1.586405485868453979e-01
-1.622246801853179932e-01
2.132598757743835449e-01
-9.903992712497711182e-02
-1.916725039482116699e-01
-1.097916290163993835e-01
-6.153918802738189697e-02
2.578699886798858643e-01
-2.469208240509033203e-01
-1.580295115709304810e-01
-1.251658890396356583e-02
2.562573924660682678e-02
8.429417014122009277e-02
4.890506155788898468e-03
-1.407400891184806824e-02
5.450852587819099426e-02
-1.211939752101898193e-01
-3.529802560806274414e-01
-1.304962486028671265e-01
-7.219851016998291016e-02
-4.978566616773605347e-02
-1.664159819483757019e-02
-1.438979525119066238e-02
9.793631732463836670e-02
-1.516118198633193970e-01
-4.059512168169021606e-03
2.766181156039237976e-02
6.884604692459106445e-02
4.609696567058563232e-02
-6.670938432216644287e-02
8.315191417932510376e-02
-1.025509368628263474e-02
-2.899735271930694580e-01
-2.797474619001150131e-03
1.042513698339462280e-01
2.057171165943145752e-01
1.799847632646560669e-01
6.441120058298110962e-03
-6.329230964183807373e-03
-1.162737086415290833e-01
1.340792924165725708e-01
-1.675526499748229980e-01
-9.150998294353485107e-02
7.277819514274597168e-02
3.529418259859085083e-02
2.006806246936321259e-02
5.212665349245071411e-02
-1.130785122513771057e-01
5.697720125317573547e-02
1.309607774019241333e-01
-1.528256237506866455e-01
-3.030890971422195435e-02
5.545424669981002808e-02
-9.142107516527175903e-02
-1.379285287111997604e-02
-1.411192715167999268e-01
2.295639663934707642e-01
6.765898317098617554e-02
-1.446692347526550293e-01
-1.908409893512725830e-01
1.152524426579475403e-01
-1.296810209751129150e-01
-9.120336920022964478e-02
2.984913066029548645e-02
-1.887174546718597412e-01
-1.631122082471847534e-01
-3.495960533618927002e-01
-7.319916784763336182e-02
3.381062746047973633e-01
8.114250004291534424e-02
-1.582932621240615845e-01
8.909618854522705078e-02
2.505231089890003204e-02
5.515566840767860413e-02
1.250752955675125122e-01
1.642512530088424683e-01
2.110641077160835266e-02
6.259331852197647095e-02
-9.607139229774475098e-02
-2.196205407381057739e-02
1.870710104703903198e-01
-9.557204693555831909e-02
3.254402056336402893e-02
1.955504268407821655e-01
-7.457920163869857788e-02
9.398463368415832520e-02
-7.373572327196598053e-03
1.419771090149879456e-02
-7.493835687637329102e-02
7.139068096876144409e-02
-1.068827211856842041e-01
3.931164741516113281e-02
1.888069882988929749e-02
-1.872235909104347229e-02
2.634136751294136047e-02
9.488327801227569580e-02
-8.107029646635055542e-02
8.632954955101013184e-02
-1.396792847663164139e-02
6.419916450977325439e-02
-3.204863518476486206e-02
2.059539593756198883e-02
-5.272072553634643555e-02
-3.852438554167747498e-02
8.247166126966476440e-02
-2.029139250516891479e-01
1.923312246799468994e-01
1.816797405481338501e-01
3.292792662978172302e-02
9.353186935186386108e-02
7.928274571895599365e-02
6.965961307287216187e-02
-1.081193536520004272e-01
1.867344416677951813e-02
-1.980804502964019775e-01
1.132067013531923294e-02
9.207540750503540039e-02
-9.431399405002593994e-02
8.393649756908416748e-02
-2.099986188113689423e-02
