-8.056379109621047974e-02
2.355598285794258118e-02
4.360739141702651978e-02
-1.380167156457901001e-01
-1.634308546781539917e-01
-3.533296287059783936e-02
-6.195238605141639709e-02
-1.813024729490280151e-01
1.361588537693023682e-01
-2.124128639698028564e-01
2.670824527740478516e-01
-1.059945076704025269e-01
-1.662063151597976685e-01
-2.688909322023391724e-02
-8.637848496437072754e-02
2.378664910793304443e-01
-2.275744378566741943e-01
-1.700458675622940063e-01
-4.279220849275588989e-02
-1.238740794360637665e-02
7.620928809046745300e-03
-2.052443474531173706e-02
6.567317992448806763e-02
5.383554846048355103e-02
-8.330017328262329102e-02
-3.462688922882080078e-01
-9.994181990623474121e-02
-4.201456159353256226e-02
1.514907926321029663e-02
2.401379682123661041e-02
-1.677094213664531708e-02
8.855277299880981445e-02
-2.205293178558349609e-01
-8.798360824584960938e-03
1.725996099412441254e-02
9.926144778728485107e-02
3.986708819866180420e-02
-1.122885867953300476e-01
1.536116749048233032e-01
-2.543093077838420868e-02
-3.032348453998565674e-01
-9.170193225145339966e-04
9.993050247430801392e-02
2.451733499765396118e-01
1.646894812583923340e-01
1.568900188431143761e-03
8.383934386074542999e-03
-1.223497018218040466e-01
1.350367665290832520e-01
-1.791613250970840454e-01
3.019187226891517639e-02
4.781062155961990356e-02
3.310001920908689499e-03
-4.561042040586471558e-02
-5.841348320245742798e-05
-1.148262098431587219e-01
8.844859153032302856e-02
1.646621525287628174e-01
-1.618774235248565674e-01
8.953869342803955078e-03
1.733678281307220459e-01
-9.790371358394622803e-02
1.092382799834012985e-02
-1.381068974733352661e-01
2.677235901355743408e-01
1.691915243864059448e-01
-8.610853552818298340e-02
-2.052204161882400513e-01
1.636108607053756714e-01
-1.297331750392913818e-01
-5.737744271755218506e-02
2.757856994867324829e-02
-1.615941077470779419e-01
-1.266098022460937500e-01
-3.088071942329406738e-01
-7.120890170335769653e-02
4.251407980918884277e-01
7.855323702096939087e-02
-1.041606441140174866e-01
5.773793905973434448e-02
2.798499725759029388e-02
3.536608442664146423e-02
1.749215871095657349e-01
1.687157005071640015e-01
-1.179434824734926224e-02
3.388619795441627502e-02
-1.237790435552597046e-01
-8.065383881330490112e-04
2.783504128456115723e-01
-5.080163106322288513e-02
-3.666301071643829346e-02
2.043026536703109741e-01
-7.316384464502334595e-02
-3.014637529850006104e-02
6.069737672805786133e-02
4.634026065468788147e-02
-1.069603636860847473e-01
7.589372247457504272e-02
-1.806522756814956665e-01
4.920253902673721313e-02
-2.635924518108367920e-02
-8.011908084154129028e-02
-2.216853760182857513e-02
9.154113382101058960e-02
-1.461050361394882202e-01
7.524298131465911865e-02
-7.225101441144943237e-02
3.174296766519546509e-02
7.604400161653757095e-03
-2.126282453536987305e-02
-5.005701258778572083e-02
-5.356811359524726868e-02
1.187060698866844177e-01
-1.775784194469451904e-01
1.722479611635208130e-01
1.392002850770950317e-01
1.006769463419914246e-01
1.433342844247817993e-01
1.199501678347587585e-01
1.119916141033172607e-01
-3.587436676025390625e-02
7.706113159656524658e-03
-2.224931716918945312e-01
-3.651733323931694031e-02
6.338823586702346802e-02
-9.210162609815597534e-02
1.545826792716979980e-01
5.194710567593574524e-02
