-1.261428892612457275e-01
1.091587319970130920e-01
-3.012370783835649490e-03
-9.901646524667739868e-02
-1.452124118804931641e-01
-3.409242257475852966e-02
-1.212943270802497864e-01
-1.006502434611320496e-01
1.715730279684066772e-01
-1.407871842384338379e-01
1.626668721437454224e-01
-1.909031346440315247e-02
-2.361654639244079590e-01
-1.447829511016607285e-02
-7.030943036079406738e-02
2.207806855440139771e-01
-2.133727073669433594e-01
-2.010972648859024048e-01
-7.392232865095138550e-02
2.596550993621349335e-02
7.002053409814834595e-02
1.917061209678649902e-02
3.259060159325599670e-02
7.422548532485961914e-02
-8.577685803174972534e-02
-4.141383767127990723e-01
-6.297490745782852173e-02
-7.677804678678512573e-02
-3.583195619285106659e-03
-1.164203975349664688e-02
3.957340493798255920e-03
3.052127547562122345e-03
-2.024055272340774536e-01
-6.122577935457229614e-03
1.887296512722969055e-02
8.208467066287994385e-02
2.047314122319221497e-02
-9.477383643388748169e-02
1.731193065643310547e-01
5.804650485515594482e-03
-3.553977906703948975e-01
4.181537777185440063e-02
4.608101397752761841e-02
2.430299669504165649e-01
2.296233475208282471e-01
-4.869231209158897400e-02
3.999605029821395874e-02
-1.299485862255096436e-01
1.664614081382751465e-01
-2.212626487016677856e-01
-3.673562034964561462e-02
1.436288654804229736e-01
5.725901573896408081e-04
4.438562691211700439e-02
1.686421222984790802e-02
-9.730078279972076416e-02
1.071825921535491943e-01
1.288394927978515625e-01
-1.840012669563293457e-01
-7.161625474691390991e-02
1.131274476647377014e-01
-7.626976072788238525e-02
1.873708888888359070e-02
-7.936561852693557739e-02
2.501909434795379639e-01
8.049233257770538330e-02
-8.014919608831405640e-02
-2.561970353126525879e-01
1.004457548260688782e-01
-2.183862924575805664e-01
-4.907970130443572998e-02
6.946696341037750244e-02
-1.360622048377990723e-01
-1.489684581756591797e-01
-2.936124801635742188e-01
-3.169982135295867920e-02
3.460890948772430420e-01
1.441385000944137573e-01
-1.042125597596168518e-01
1.891662925481796265e-01
-5.225169286131858826e-02
7.346519269049167633e-03
7.570694386959075928e-02
1.435910016298294067e-01
-1.782924123108386993e-02
1.283082962036132812e-01
-1.044063717126846313e-01
3.090288490056991577e-03
2.746816575527191162e-01
-4.039065912365913391e-02
4.109334945678710938e-02
2.930951118469238281e-01
8.857695385813713074e-03
4.714126139879226685e-02
1.105726957321166992e-01
2.476441860198974609e-02
-1.124365404248237610e-01
-6.271798163652420044e-03
-1.377318799495697021e-01
1.219465397298336029e-03
-1.005766075104475021e-02
-2.869724109768867493e-02
4.364383593201637268e-02
4.200096800923347473e-02
-1.646924167871475220e-01
1.211029887199401855e-01
-8.686838299036026001e-02
9.086265414953231812e-02
3.978610038757324219e-04
8.523907512426376343e-03
-2.868298068642616272e-02
-9.481819719076156616e-02
1.263998001813888550e-01
-1.758729517459869385e-01
1.910084635019302368e-01
1.350357383489608765e-01
1.021981388330459595e-01
1.054014563560485840e-01
1.387356221675872803e-01
4.734775796532630920e-02
-8.264969289302825928e-02
1.962449215352535248e-02
-1.896638870239257812e-01
1.277278177440166473e-02
8.454722166061401367e-02
-6.884873658418655396e-02
9.871808439493179321e-02
1.900110207498073578e-02
