-7.145269215106964111e-02
6.056812778115272522e-02
7.777982205152511597e-02
-8.048871904611587524e-02
-1.495991498231887817e-01
-1.847980543971061707e-03
-9.076569974422454834e-02
-1.728391051292419434e-01
1.407299786806106567e-01
-1.699762493371963501e-01
3.022103905677795410e-01
-6.419096142053604126e-02
-2.240061163902282715e-01
-1.061222255229949951e-01
-4.823057353496551514e-02
2.442715167999267578e-01
-2.295116484165191650e-01
-1.728026866912841797e-01
-8.678892627358436584e-03
3.290453925728797913e-02
4.739830642938613892e-02
-1.205917447805404663e-02
5.810053274035453796e-02
1.407620310783386230e-02
-1.639759093523025513e-01
-4.174579679965972900e-01
-1.059113964438438416e-01
-5.511199310421943665e-02
-3.571657836437225342e-02
-1.421024184674024582e-02
-7.779800891876220703e-02
9.895855188369750977e-02
-1.930573433637619019e-01
8.362767286598682404e-03
2.897679805755615234e-02
7.221192121505737305e-02
2.137200720608234406e-02
-6.118006259202957153e-02
9.801848977804183960e-02
-2.721667289733886719e-02
-3.063297569751739502e-01
4.085439443588256836e-02
7.758194953203201294e-02
1.697548329830169678e-01
1.259402632713317871e-01
1.005757600069046021e-02
5.732725560665130615e-02
-1.757376790046691895e-01
9.747811406850814819e-02
-1.144831329584121704e-01
3.883933275938034058e-02
1.095608025789260864e-01
9.632422775030136108e-02
5.923363380134105682e-03
1.727314665913581848e-03
-1.340439319610595703e-01
4.833395592868328094e-03
1.848778873682022095e-01
-1.215938031673431396e-01
-1.901307608932256699e-03
9.718199819326400757e-02
-6.836868077516555786e-02
9.566824883222579956e-04
-1.307587623596191406e-01
2.058483511209487915e-01
1.232318133115768433e-01
-1.050440445542335510e-01
-2.003614306449890137e-01
1.125294119119644165e-01
-8.159217983484268188e-02
-8.675525337457656860e-02
2.999924123287200928e-02
-2.006238400936126709e-01
-1.901752799749374390e-01
-3.359138071537017822e-01
-4.291887208819389343e-02
3.259405195713043213e-01
5.325937271118164062e-02
-1.689648032188415527e-01
3.614392876625061035e-02
1.238238881342113018e-03
4.045090451836585999e-02
7.893850654363632202e-02
1.745214909315109253e-01
-2.638359367847442627e-02
3.282763436436653137e-02
-8.780685812234878540e-02
1.260283030569553375e-02
2.265221476554870605e-01
-9.322557598352432251e-02
2.628106996417045593e-02
2.287721484899520874e-01
-5.508398264646530151e-02
6.729280948638916016e-02
-2.698895987123250961e-03
1.757829263806343079e-02
-8.254371583461761475e-02
8.443568646907806396e-02
-9.848798066377639771e-02
2.267443761229515076e-02
-3.496168926358222961e-02
-3.884063288569450378e-02
-1.398302707821130753e-02
9.374286234378814697e-02
-1.595996022224426270e-01
5.823998153209686279e-02
-2.908175997436046600e-02
4.915763065218925476e-02
5.329705029726028442e-02
1.974000781774520874e-02
-1.914719305932521820e-02
-1.221777275204658508e-01
8.188742399215698242e-02
-2.354820668697357178e-01
1.948518455028533936e-01
2.011524140834808350e-01
8.426304161548614502e-02
1.336699724197387695e-01
9.739069640636444092e-02
9.788843989372253418e-02
-4.531402513384819031e-02
-1.411316264420747757e-02
-2.176957428455352783e-01
2.561535872519016266e-02
1.321995556354522705e-01
-1.040669381618499756e-01
5.445173755288124084e-02
6.002347916364669800e-03
