-9.469865262508392334e-02
2.524683251976966858e-02
7.563603669404983521e-02
-8.286619931459426880e-02
-1.032541617751121521e-01
-8.446120470762252808e-02
-5.683887377381324768e-02
-1.432605832815170288e-01
9.978475421667098999e-02
-9.645075350999832153e-02
2.950283288955688477e-01
-1.284864246845245361e-01
-1.884517669677734375e-01
-9.782817214727401733e-02
-6.735230982303619385e-02
1.893349140882492065e-01
-2.028575688600540161e-01
-1.196999847888946533e-01
-4.314319044351577759e-02
4.093459993600845337e-02
1.193910390138626099e-01
-1.145789865404367447e-02
4.725291207432746887e-02
4.308291524648666382e-02
-1.581989377737045288e-01
-3.931285142898559570e-01
-6.869709491729736328e-02
-8.726594597101211548e-02
-1.134493388235569000e-03
-2.660232223570346832e-02
-2.585690468549728394e-03
4.948631301522254944e-02
-2.093078494071960449e-01
-7.257912307977676392e-03
2.048631384968757629e-02
9.798406064510345459e-02
4.966890066862106323e-02
-7.316899299621582031e-02
1.367853879928588867e-01
1.954947784543037415e-02
-3.042702972888946533e-01
-6.024185568094253540e-03
1.408290583640336990e-02
2.205761671066284180e-01
9.608890861272811890e-02
2.703693509101867676e-02
7.631125301122665405e-02
-1.709972172975540161e-01
1.142729222774505615e-01
-1.498932242393493652e-01
-3.384011238813400269e-02
1.123042777180671692e-01
3.623063676059246063e-04
-2.660398744046688080e-02
-1.485829986631870270e-02
-5.976594984531402588e-02
5.137347429990768433e-02
1.436339616775512695e-01
-2.024682164192199707e-01
2.712440676987171173e-02
1.418541669845581055e-01
-7.302708923816680908e-02
-2.821901068091392517e-02
-1.468197852373123169e-01
1.971929669380187988e-01
7.356026768684387207e-02
-1.470506340265274048e-01
-1.556854993104934692e-01
6.420949846506118774e-02
-1.256370395421981812e-01
-7.814179360866546631e-02
6.315149366855621338e-02
-1.370747983455657959e-01
-1.851905286312103271e-01
-3.425054848194122314e-01
-5.099626630544662476e-02
4.464264214038848877e-01
3.688974305987358093e-02
-1.863728910684585571e-01
1.420394890010356903e-02
-5.517405644059181213e-02
1.932673156261444092e-02
1.754034608602523804e-01
1.583814173936843872e-01
2.175233699381351471e-02
1.029990240931510925e-01
-1.190114915370941162e-01
1.735362596809864044e-02
2.486979365348815918e-01
-1.019000858068466187e-01
3.142713010311126709e-02
2.052045613527297974e-01
-5.765908211469650269e-02
5.676425620913505554e-02
-1.389825157821178436e-02
4.926989600062370300e-02
-1.132738590240478516e-01
8.703538030385971069e-02
-6.681585311889648438e-02
3.472040966153144836e-02
2.289704047143459320e-02
-3.031095489859580994e-02
1.830773241817951202e-02
3.632031381130218506e-02
-1.413831263780593872e-01
9.002938121557235718e-02
-2.793323714286088943e-03
5.843350663781166077e-04
4.757120460271835327e-02
-2.227131463587284088e-02
-7.187902182340621948e-02
-1.085766777396202087e-01
1.012267470359802246e-01
-2.180465906858444214e-01
1.707064360380172729e-01
2.064138948917388916e-01
9.587652236223220825e-02
1.094971522688865662e-01
1.090269014239311218e-01
7.421404123306274414e-02
-6.350889056921005249e-02
2.001231536269187927e-02
-1.810747683048248291e-01
-1.037123892456293106e-02
7.080858200788497925e-02
-4.115602746605873108e-02
9.099391102790832520e-02
-7.037891447544097900e-02
