-1.143698394298553467e-01
1.651778072118759155e-02
3.711631149053573608e-02
-1.238189116120338440e-01
-1.144258975982666016e-01
-1.144880801439285278e-01
-8.586057275533676147e-02
-1.627136319875717163e-01
1.628216654062271118e-01
-1.963448971509933472e-01
2.435819655656814575e-01
-8.477613329887390137e-02
-1.667795479297637939e-01
-7.301031798124313354e-02
-2.855968102812767029e-02
2.193656563758850098e-01
-2.659512758255004883e-01
-1.685524582862854004e-01
1.472821831703186035e-02
-4.956508427858352661e-02
8.567281067371368408e-02
5.251548439264297485e-02
-8.243661141023039818e-04
2.641894668340682983e-02
-1.182862669229507446e-01
-4.083429276943206787e-01
-1.464943587779998779e-01
-7.969632744789123535e-02
-8.897464722394943237e-04
1.323727704584598541e-02
1.129943691194057465e-02
1.038771644234657288e-01
-2.220791876316070557e-01
-3.838615491986274719e-03
3.632568195462226868e-02
9.401873499155044556e-02
7.247468829154968262e-02
-8.973319083452224731e-02
7.996942102909088135e-02
2.368978038430213928e-02
-2.581374049186706543e-01
-6.763750314712524414e-02
1.039335206151008606e-01
2.410068511962890625e-01
1.204165220260620117e-01
1.299088448286056519e-02
-1.409622095525264740e-02
-7.514990121126174927e-02
1.157333254814147949e-01
-1.335276365280151367e-01
-4.215304180979728699e-02
6.882303208112716675e-02
5.770594626665115356e-02
3.170086443424224854e-02
-1.148629002273082733e-03
-1.462205648422241211e-01
7.246985286474227905e-02
1.395760476589202881e-01
-2.104464471340179443e-01
-3.902712464332580566e-02
9.657815098762512207e-02
-8.527696877717971802e-02
-4.140340536832809448e-02
-9.283813834190368652e-02
2.911424636840820312e-01
1.252284497022628784e-01
-1.274305731058120728e-01
-1.532916724681854248e-01
1.386208832263946533e-01
-1.220629438757896423e-01
-4.640087485313415527e-02
-5.420404486358165741e-04
-1.931629925966262817e-01
-1.597386896610260010e-01
-2.790476381778717041e-01
-2.459800243377685547e-02
3.813344836235046387e-01
3.544726222753524780e-02
-1.390583515167236328e-01
4.030041396617889404e-02
9.100668132305145264e-03
4.536471888422966003e-02
1.395154893398284912e-01
1.482062190771102905e-01
-1.316235587000846863e-02
7.500116527080535889e-02
-8.846791088581085205e-02
7.487174123525619507e-03
2.114262878894805908e-01
-6.956531107425689697e-02
2.036089263856410980e-02
2.205788791179656982e-01
-8.693551272153854370e-02
5.836752057075500488e-02
2.151272445917129517e-02
8.630912750959396362e-03
-8.725726604461669922e-02
5.896838009357452393e-02
-1.183444559574127197e-01
2.562581561505794525e-02
-5.273365415632724762e-03
-6.348478794097900391e-02
-3.701655566692352295e-02
1.156978756189346313e-01
-1.289502680301666260e-01
6.761621683835983276e-02
1.877586729824542999e-02
6.999181583523750305e-03
-3.823922947049140930e-03
2.961602620780467987e-02
-4.417438060045242310e-02
-1.548492461442947388e-01
6.751346588134765625e-02
-1.905962675809860229e-01
1.677775382995605469e-01
2.049566358327865601e-01
3.845568001270294189e-02
2.049683183431625366e-01
2.847328782081604004e-02
1.147925779223442078e-01
-7.462004572153091431e-02
-1.996124908328056335e-02
-2.053228169679641724e-01
-9.424093295820057392e-04
9.552648663520812988e-02
-4.991412162780761719e-02
2.082466147840023041e-02
-3.397290781140327454e-02
