-9.175499528646469116e-02
8.483938872814178467e-02
3.287010639905929565e-02
-9.362708032131195068e-02
-1.165604144334793091e-01
-2.741758897900581360e-02
-6.252015382051467896e-02
-1.508072316646575928e-01
1.827982515096664429e-01
-1.712810844182968140e-01
2.761603891849517822e-01
-8.105092495679855347e-02
-2.032308727502822876e-01
-1.118875518441200256e-01
5.615838803350925446e-03
2.047655433416366577e-01
-2.196172624826431274e-01
-1.479000151157379150e-01
-6.392423808574676514e-02
4.700319096446037292e-02
1.010807380080223083e-01
-1.394203584641218185e-02
6.701621413230895996e-02
6.673926115036010742e-02
-1.298988610506057739e-01
-3.975321948528289795e-01
-6.111186742782592773e-02
-1.010381281375885010e-01
-2.470796927809715271e-02
-7.149787992238998413e-02
-4.103035852313041687e-02
6.389726698398590088e-02
-2.083902508020401001e-01
-2.684848383069038391e-02
-4.218978434801101685e-02
8.290738612413406372e-02
1.664743945002555847e-02
-4.724268987774848938e-02
1.590864658355712891e-01
-4.853068664669990540e-02
-3.427911102771759033e-01
7.742503657937049866e-03
2.798037603497505188e-02
2.160313874483108521e-01
1.766250580549240112e-01
-3.250994905829429626e-02
1.639400050044059753e-02
-9.477930516004562378e-02
1.026590541005134583e-01
-1.647578924894332886e-01
-3.635992482304573059e-02
8.421545475721359253e-02
5.292170867323875427e-02
-2.104590460658073425e-02
1.092832162976264954e-02
-6.851628422737121582e-02
1.807292178273200989e-02
1.394661515951156616e-01
-1.665970534086227417e-01
9.165244176983833313e-03
1.270409226417541504e-01
-1.204785853624343872e-01
-1.243173331022262573e-02
-1.047127768397331238e-01
2.349934875965118408e-01
9.686760604381561279e-02
-1.040610000491142273e-01
-1.800841242074966431e-01
6.019675359129905701e-02
-1.643246859312057495e-01
-7.979620993137359619e-02
8.773127943277359009e-02
-1.585031151771545410e-01
-1.980991214513778687e-01
-3.233136534690856934e-01
-5.855645984411239624e-02
3.669437766075134277e-01
5.106543004512786865e-02
-1.995478123426437378e-01
2.839800715446472168e-02
7.661457639187574387e-03
-7.944382727146148682e-03
1.565580070018768311e-01
1.760650873184204102e-01
2.258301153779029846e-02
9.025692194700241089e-02
-1.124065741896629333e-01
2.666452154517173767e-02
2.694550752639770508e-01
-8.358582854270935059e-02
2.368220686912536621e-02
2.737914919853210449e-01
-2.622990496456623077e-02
2.902528643608093262e-02
2.125466242432594299e-02
-6.042302702553570271e-04
-2.716059796512126923e-02
5.048738047480583191e-02
-1.388829350471496582e-01
6.127221882343292236e-02
-1.230931002646684647e-02
-6.857717782258987427e-02
-3.881271928548812866e-02
4.801944270730018616e-02
-1.380160301923751831e-01
6.568025797605514526e-02
-1.909032091498374939e-02
4.059434309601783752e-02
2.454669773578643799e-02
2.080937847495079041e-03
-8.540520817041397095e-02
-1.306544691324234009e-01
1.362569183111190796e-01
-1.965296268463134766e-01
1.463735848665237427e-01
2.019992321729660034e-01
8.159382641315460205e-02
9.220115840435028076e-02
7.145414501428604126e-02
8.737304061651229858e-02
-4.110833257436752319e-02
3.198722377419471741e-02
-2.167883962392807007e-01
2.327911742031574249e-02
1.339547038078308105e-01
-7.442688196897506714e-02
1.017323359847068787e-01
-3.077687323093414307e-02
