-7.444745302200317383e-02
2.883006446063518524e-02
2.409338951110839844e-02
-1.309659928083419800e-01
-1.353389620780944824e-01
2.986205369234085083e-02
-1.317139416933059692e-01
-1.540336459875106812e-01
1.784358769655227661e-01
-2.105288207530975342e-01
2.234174758195877075e-01
-7.193175703287124634e-02
-1.598032861948013306e-01
-1.066846996545791626e-01
-6.117854267358779907e-02
2.338052242994308472e-01
-2.174799740314483643e-01
-2.384000867605209351e-01
-1.595628261566162109e-02
6.706314161419868469e-04
-1.183134876191616058e-02
-3.269390435889363289e-04
-1.345707569271326065e-02
1.628297753632068634e-02
-1.353223621845245361e-01
-3.738602995872497559e-01
-6.969483196735382080e-02
-5.158403515815734863e-02
3.739496320486068726e-02
-6.122141703963279724e-02
-8.973807096481323242e-02
4.839652404189109802e-02
-2.066212445497512817e-01
1.865305006504058838e-02
1.049501262605190277e-02
1.345058828592300415e-01
4.099739342927932739e-02
-1.140745282173156738e-01
1.185323596000671387e-01
-1.144803129136562347e-02
-2.969482541084289551e-01
-1.856181770563125610e-02
4.162967205047607422e-02
2.141271531581878662e-01
1.257168650627136230e-01
-1.322771795094013214e-02
6.607673130929470062e-03
-1.237481087446212769e-01
1.399014294147491455e-01
-1.671344488859176636e-01
-1.476872898638248444e-02
8.697391301393508911e-02
2.847411669790744781e-02
2.242838032543659210e-02
-2.648757398128509521e-02
-1.219393089413642883e-01
5.439267307519912720e-02
1.383825838565826416e-01
-1.351357102394104004e-01
-3.905316442251205444e-02
1.139650940895080566e-01
-5.586477741599082947e-02
-2.674707211554050446e-02
-1.245664805173873901e-01
2.510866820812225342e-01
1.366206407546997070e-01
-8.709918707609176636e-02
-2.361404001712799072e-01
1.108384802937507629e-01
-1.208509504795074463e-01
-1.001164317131042480e-01
3.051455132663249969e-03
-1.138193309307098389e-01
-1.372416913509368896e-01
-3.081677854061126709e-01
-4.716235026717185974e-02
3.495852947235107422e-01
1.110449656844139099e-01
-1.746335476636886597e-01
6.331222504377365112e-02
2.060896717011928558e-02
2.850511856377124786e-02
1.480116695165634155e-01
1.179358884692192078e-01
-4.282701760530471802e-02
1.042024716734886169e-01
-1.095374897122383118e-01
-7.132922299206256866e-03
2.782934904098510742e-01
-3.967095166444778442e-02
1.826347596943378448e-02
1.403650492429733276e-01
-4.185876250267028809e-02
7.651168107986450195e-02
3.170888125896453857e-02
4.693935438990592957e-02
-7.623270899057388306e-02
1.039235442876815796e-01
-1.341594606637954712e-01
4.142802953720092773e-02
4.862418770790100098e-02
7.311347872018814087e-05
2.014898136258125305e-02
1.247203871607780457e-01
-1.255661398172378540e-01
1.547925919294357300e-01
-8.992165327072143555e-03
2.270814031362533569e-02
4.299763590097427368e-02
4.074696451425552368e-02
-3.615158051252365112e-02
-8.488306403160095215e-02
1.105214431881904602e-01
-2.049258947372436523e-01
1.675465553998947144e-01
1.835930794477462769e-01
1.283969581127166748e-01
1.511033922433853149e-01
1.389214992523193359e-01
8.635366708040237427e-02
-6.152050197124481201e-02
1.352607551962137222e-02
-2.346992790699005127e-01
-4.899108037352561951e-02
6.869775056838989258e-02
-8.037670701742172241e-02
9.412929415702819824e-02
4.209155961871147156e-02
