-3.129650279879570007e-02
2.959646470844745636e-02
2.193293906748294830e-02
-1.194203719496726990e-01
-1.367953121662139893e-01
-3.289484232664108276e-02
-1.122373044490814209e-01
-1.163969412446022034e-01
1.721212118864059448e-01
-1.471565067768096924e-01
1.876932233572006226e-01
-4.626762121915817261e-02
-2.008640915155410767e-01
-6.584376841783523560e-02
-8.606050163507461548e-02
2.173899263143539429e-01
-1.810021102428436279e-01
-2.183678001165390015e-01
-3.406817466020584106e-02
5.137049034237861633e-02
8.205234259366989136e-02
-3.324803337454795837e-02
3.679070249199867249e-02
3.399875015020370483e-02
-1.742684841156005859e-01
-3.275953829288482666e-01
-1.344057619571685791e-01
-3.108172118663787842e-02
-8.915603905916213989e-02
-4.129912704229354858e-02
1.618564128875732422e-04
7.262768596410751343e-02
-1.794080138206481934e-01
1.029754802584648132e-02
3.081730008125305176e-02
6.562478840351104736e-02
1.382620912045240402e-02
-1.060129329562187195e-01
1.724957227706909180e-01
1.627462357282638550e-02
-3.794890344142913818e-01
2.759407833218574524e-02
9.023884683847427368e-02
2.052910774946212769e-01
1.902521848678588867e-01
-3.537162393331527710e-02
2.814358100295066833e-02
-1.398922204971313477e-01
1.074051782488822937e-01
-1.588664799928665161e-01
6.859867274761199951e-02
1.683196276426315308e-01
8.933241665363311768e-02
2.186883985996246338e-02
1.808294653892517090e-02
-6.560105085372924805e-02
7.927311211824417114e-02
1.569206714630126953e-01
-1.156094446778297424e-01
-3.367516398429870605e-02
1.546240299940109253e-01
-7.208023220300674438e-02
-6.083126179873943329e-03
-1.055474579334259033e-01
1.394982784986495972e-01
9.052536636590957642e-02
-8.789152652025222778e-02
-2.584533095359802246e-01
1.231706589460372925e-01
-1.409856677055358887e-01
-1.062311455607414246e-01
8.538942784070968628e-02
-1.943550109863281250e-01
-2.118367552757263184e-01
-3.260223865509033203e-01
-5.723978579044342041e-02
3.038207292556762695e-01
1.275990903377532959e-01
-1.436821967363357544e-01
1.063836738467216492e-01
-1.704432768747210503e-03
4.212043434381484985e-02
8.177316188812255859e-02
1.722221523523330688e-01
1.548331789672374725e-02
8.831530064344406128e-02
-9.942083805799484253e-02
3.152379393577575684e-02
2.507670819759368896e-01
-9.628587961196899414e-02
-5.718586500734090805e-03
2.421710044145584106e-01
-1.794320531189441681e-03
2.681828662753105164e-02
1.457109674811363220e-02
2.358079329133033752e-02
-2.572909370064735413e-02
9.843572229146957397e-02
-1.375178992748260498e-01
4.963100329041481018e-02
3.563823178410530090e-02
3.472582623362541199e-02
3.166544949635863304e-03
8.929350227117538452e-02
-1.225542500615119934e-01
7.763911038637161255e-02
-2.383793704211711884e-02
4.678575694561004639e-02
1.003136858344078064e-04
-2.794865518808364868e-03
-7.755501568317413330e-02
-1.128674000501632690e-01
1.095697805285453796e-01
-1.847143620252609253e-01
1.384001523256301880e-01
1.526327431201934814e-01
9.846057742834091187e-02
4.515867680311203003e-02
1.601538211107254028e-01
8.576558530330657959e-02
-4.519081674516201019e-03
-5.320183932781219482e-02
-2.267480492591857910e-01
3.557219356298446655e-02
8.679136633872985840e-02
-5.217839032411575317e-02
8.314812183380126953e-02
3.411980718374252319e-02
