-7.199171930551528931e-02
1.998258009552955627e-02
1.615116372704505920e-02
-1.530281901359558105e-01
-1.796833723783493042e-01
-3.900014609098434448e-02
-2.435186132788658142e-02
-8.181542158126831055e-02
2.650431394577026367e-01
-1.521159559488296509e-01
2.666041553020477295e-01
-1.915412954986095428e-02
-1.567890048027038574e-01
-9.942685812711715698e-02
-4.262621328234672546e-02
1.897151768207550049e-01
-2.024409919977188110e-01
-1.457228958606719971e-01
2.134202420711517334e-02
9.794536978006362915e-03
2.370873838663101196e-02
-7.003810256719589233e-02
3.222707659006118774e-02
7.965710014104843140e-02
-5.673836171627044678e-02
-3.718982338905334473e-01
-6.893211603164672852e-02
-1.017705947160720825e-01
4.833701997995376587e-02
-3.388402983546257019e-02
-6.291232071816921234e-03
5.321212485432624817e-02
-2.171897441148757935e-01
-7.262220978736877441e-02
2.022811956703662872e-02
1.179691627621650696e-01
-4.970958083868026733e-02
-8.304625749588012695e-02
1.501017510890960693e-01
2.176678739488124847e-03
-2.062120437622070312e-01
-3.244322538375854492e-02
2.320501953363418579e-02
1.957656592130661011e-01
1.146012544631958008e-01
7.038900256156921387e-02
2.815500833094120026e-02
-1.265549212694168091e-01
1.828735619783401489e-01
-2.353006005287170410e-01
5.110924318432807922e-02
7.957737147808074951e-02
6.371190398931503296e-02
2.378772199153900146e-02
8.920703828334808350e-02
-1.379105448722839355e-01
1.152931451797485352e-01
1.363538503646850586e-01
-2.025282233953475952e-01
4.253735765814781189e-02
5.934772640466690063e-02
8.607102558016777039e-03
-1.209993846714496613e-03
-9.100446105003356934e-02
3.032480478286743164e-01
1.480923593044281006e-01
-7.560504227876663208e-02
-1.503101438283920288e-01
1.613662987947463989e-01
-1.227204054594039917e-01
-9.126333892345428467e-02
5.641194805502891541e-02
-1.171248629689216614e-01
-1.559899300336837769e-01
-2.563266158103942871e-01
-1.553356274962425232e-02
3.856794536113739014e-01
1.427275538444519043e-01
-1.318698376417160034e-01
-1.008304208517074585e-02
-4.275412857532501221e-02
-3.157651051878929138e-03
9.460993111133575439e-02
7.953162491321563721e-02
-4.155361652374267578e-02
-1.845560409128665924e-02
-1.097900271415710449e-01
-5.041797086596488953e-02
2.206411361694335938e-01
-4.795737564563751221e-02
3.422620007768273354e-03
2.215062975883483887e-01
-2.630479261279106140e-02
8.494289219379425049e-02
-2.894065715372562408e-02
-1.732770912349224091e-02
-8.771679550409317017e-02
1.094698086380958557e-01
-1.336977630853652954e-01
-1.753223873674869537e-02
4.744896292686462402e-02
-4.360418766736984253e-02
-3.732734592631459236e-03
8.361994475126266479e-02
-2.296215295791625977e-01
5.923075228929519653e-02
-4.649496823549270630e-02
-1.053440384566783905e-03
1.411500759422779083e-02
2.838099747896194458e-02
-1.004439443349838257e-01
-4.857201874256134033e-02
1.011017858982086182e-01
-2.413764894008636475e-01
2.968301475048065186e-01
1.855242103338241577e-01
1.099146604537963867e-01
1.305615305900573730e-01
6.769524514675140381e-02
1.679010875523090363e-02
9.053229354321956635e-03
-8.680582791566848755e-02
-1.480372697114944458e-01
-3.432177379727363586e-02
3.671945631504058838e-02
-8.079133927822113037e-02
3.338075429201126099e-02
2.376057952642440796e-02
