-1.260211765766143799e-01
8.562701940536499023e-02
2.439786680042743683e-02
-1.454791575670242310e-01
-1.235923841595649719e-01
-3.914532437920570374e-02
-7.514290511608123779e-02
-6.673796474933624268e-02
1.873519420623779297e-01
-1.640344113111495972e-01
2.216707617044448853e-01
-2.963114529848098755e-02
-2.228076905012130737e-01
-1.211184561252593994e-01
-7.224411703646183014e-03
2.467211633920669556e-01
-2.219371497631072998e-01
-1.962727755308151245e-01
-2.690756693482398987e-02
-8.639916777610778809e-03
1.058475673198699951e-01
6.021745130419731140e-02
-1.729390397667884827e-02
5.618435516953468323e-02
-1.380687803030014038e-01
-3.748868703842163086e-01
-8.947337418794631958e-02
-2.626569196581840515e-02
-1.713538169860839844e-02
-8.423069864511489868e-02
-5.308631807565689087e-03
1.153590381145477295e-01
-1.968245357275009155e-01
6.804242730140686035e-05
1.190491672605276108e-02
1.430171281099319458e-01
5.756435915827751160e-03
-7.037763297557830811e-02
1.035621017217636108e-01
8.697215467691421509e-03
-3.492811620235443115e-01
1.284199301153421402e-02
9.116436541080474854e-02
2.005966156721115112e-01
2.017413079738616943e-01
-3.339457139372825623e-02
-1.626587659120559692e-02
-1.570331156253814697e-01
7.999087870121002197e-02
-2.003917992115020752e-01
-2.600205689668655396e-02
1.665530502796173096e-01
5.697425454854965210e-02
6.791901588439941406e-02
1.819054037332534790e-02
-7.122181355953216553e-02
3.165759891271591187e-02
1.340716481208801270e-01
-2.106898427009582520e-01
-9.450039267539978027e-02
6.791943311691284180e-02
-1.315300464630126953e-01
-1.062026247382164001e-02
-1.431907117366790771e-01
1.519100666046142578e-01
1.218200176954269409e-01
-1.060598567128181458e-01
-2.366861402988433838e-01
1.213078498840332031e-01
-1.954548954963684082e-01
-1.429412662982940674e-01
1.138064265251159668e-01
-1.072880700230598450e-01
-1.856780201196670532e-01
-3.113666176795959473e-01
-1.527667790651321411e-02
3.276100456714630127e-01
1.355878710746765137e-01
-1.509241014719009399e-01
1.025141775608062744e-01
2.146146446466445923e-02
-5.934337526559829712e-02
1.057837903499603271e-01
1.944115459918975830e-01
2.818383835256099701e-02
1.300647016614675522e-02
-6.302895396947860718e-02
4.261962696909904480e-02
2.266020029783248901e-01
-6.623046100139617920e-02
4.205647483468055725e-02
1.912396550178527832e-01
9.651556611061096191e-03
1.014340296387672424e-01
9.435076266527175903e-03
6.000044941902160645e-02
-6.197870895266532898e-02
9.014343470335006714e-02
-1.218561083078384399e-01
1.776811853051185608e-02
-4.786037653684616089e-02
-8.088556118309497833e-03
-2.431767061352729797e-02
8.515345305204391479e-02
-6.479766219854354858e-02
1.525522172451019287e-01
2.568717487156391144e-02
-1.680169068276882172e-02
-1.824028231203556061e-02
1.555002667009830475e-02
1.040767878293991089e-02
-9.414993971586227417e-02
6.362964212894439697e-02
-2.044384479522705078e-01
2.165826112031936646e-01
1.839697062969207764e-01
6.936825346201658249e-03
1.393242329359054565e-01
9.544610232114791870e-02
1.464641690254211426e-01
-4.716010019183158875e-02
-8.682889491319656372e-02
-2.038697302341461182e-01
-4.861225374042987823e-03
1.138780415058135986e-01
-7.471580803394317627e-02
7.549038529396057129e-02
-3.469529747962951660e-02
