-1.601969301700592041e-01
3.955084457993507385e-02
6.173907965421676636e-02
-1.280203312635421753e-01
-1.532867103815078735e-01
3.341151028871536255e-02
-2.916205301880836487e-02
-1.088562831282615662e-01
1.688510030508041382e-01
-1.218233555555343628e-01
3.294509351253509521e-01
4.446459002792835236e-03
-1.819894164800643921e-01
-1.006014421582221985e-01
-6.121369451284408569e-02
2.081117182970046997e-01
-1.970503330230712891e-01
-1.132946908473968506e-01
-1.927315443754196167e-02
2.966620586812496185e-02
-6.806550547480583191e-03
-1.373353996314108372e-03
9.866343438625335693e-02
2.611977979540824890e-02
-1.081142127513885498e-01
-4.331015050411224365e-01
-3.700324147939682007e-02
-8.156757056713104248e-02
-2.749401517212390900e-02
1.635924167931079865e-02
-2.790548652410507202e-02
8.344955742359161377e-02
-2.195978462696075439e-01
3.213370218873023987e-02
7.214618846774101257e-03
1.188416033983230591e-01
-6.117171794176101685e-02
2.066707238554954529e-02
1.417116075754165649e-01
-2.048215083777904510e-02
-3.035109043121337891e-01
-1.933642849326133728e-02
7.566717267036437988e-02
2.486525923013687134e-01
1.683457940816879272e-01
6.727570295333862305e-02
-2.078730612993240356e-04
-9.141815453767776489e-02
7.843434810638427734e-02
-2.051899284124374390e-01
7.699280232191085815e-02
7.560066133737564087e-02
8.244577050209045410e-02
-2.732713147997856140e-02
6.512152031064033508e-03
-1.424992382526397705e-01
5.887702107429504395e-03
1.369421184062957764e-01
-1.333233565092086792e-01
-2.468314208090305328e-02
3.935202956199645996e-02
-6.356307119131088257e-02
-3.229686990380287170e-02
-1.354168057441711426e-01
2.975727319717407227e-01
1.388879269361495972e-01
-1.618267595767974854e-01
-1.297681033611297607e-01
1.132421791553497314e-01
-1.069067493081092834e-01
-4.045474156737327576e-02
6.795439869165420532e-02
-1.736754626035690308e-01
-2.183681726455688477e-01
-3.247635960578918457e-01
8.732065558433532715e-03
3.688324093818664551e-01
9.181962162256240845e-02
-1.422570347785949707e-01
-2.431089989840984344e-02
-2.370513975620269775e-02
3.231607750058174133e-02
7.969146221876144409e-02
1.694585978984832764e-01
-4.044678434729576111e-02
2.124105393886566162e-02
-9.031448513269424438e-02
-3.692945837974548340e-02
1.857689619064331055e-01
-9.549729526042938232e-02
-9.840974584221839905e-03
2.378557026386260986e-01
-3.235274180769920349e-02
4.577147215604782104e-02
-5.535612255334854126e-02
2.813745848834514618e-02
-5.888686701655387878e-02
8.626434206962585449e-02
-1.508623361587524414e-01
6.429416593164205551e-03
-3.551620244979858398e-02
-4.099696874618530273e-02
3.972711972892284393e-03
9.453283250331878662e-02
-2.329509556293487549e-01
9.585493803024291992e-02
-7.109851110726594925e-03
3.184729069471359253e-02
9.041309356689453125e-02
1.564860343933105469e-02
-2.731142938137054443e-02
-1.476707756519317627e-01
8.018695563077926636e-02
-2.555475234985351562e-01
2.161770761013031006e-01
2.260055691003799438e-01
1.036739274859428406e-01
1.903533488512039185e-01
1.180980280041694641e-01
5.638114362955093384e-02
-1.910031586885452271e-02
1.154331769794225693e-02
-2.037371695041656494e-01
2.281032502651214600e-02
9.815841913223266602e-02
-1.160687506198883057e-01
6.986235827207565308e-02
3.486791998147964478e-02
