-1.545087695121765137e-01
3.559006378054618835e-02
5.581231787800788879e-02
-1.148145645856857300e-01
-1.471978127956390381e-01
-1.382705941796302795e-02
-6.213132292032241821e-02
-1.859491616487503052e-01
1.670090407133102417e-01
-2.225196063518524170e-01
2.297749817371368408e-01
-1.528761386871337891e-01
-2.275984436273574829e-01
-5.648811906576156616e-02
-2.952565997838973999e-02
2.557019293308258057e-01
-1.929657757282257080e-01
-1.787472069263458252e-01
-6.303652375936508179e-02
-1.722115837037563324e-02
1.255014725029468536e-02
-3.008963353931903839e-02
8.247672766447067261e-02
8.674060553312301636e-02
-1.405287533998489380e-01
-4.288642704486846924e-01
-1.007006168365478516e-01
-1.003589257597923279e-01
-4.301358759403228760e-02
-4.722824320197105408e-02
-5.524947866797447205e-02
3.064967319369316101e-02
-2.445916533470153809e-01
4.604417830705642700e-03
-1.796876266598701477e-02
1.348973363637924194e-01
7.989423349499702454e-03
-6.201928108930587769e-02
1.384636461734771729e-01
-4.610602557659149170e-02
-3.175321817398071289e-01
-3.061937354505062103e-02
7.057713717222213745e-02
1.990968137979507446e-01
1.563055515289306641e-01
-1.642774231731891632e-02
1.215746719390153885e-02
-7.477912306785583496e-02
1.299674957990646362e-01
-1.994350403547286987e-01
-3.007626906037330627e-02
6.459850072860717773e-02
3.118174523115158081e-02
-4.369978979229927063e-02
7.276318967342376709e-02
-6.137754395604133606e-02
2.849569357931613922e-02
1.629618406295776367e-01
-1.551446616649627686e-01
-1.448591426014900208e-02
1.055451110005378723e-01
-8.951804786920547485e-02
-3.329882770776748657e-02
-1.212049275636672974e-01
2.535372972488403320e-01
1.476026922464370728e-01
-1.034615337848663330e-01
-1.841284781694412231e-01
1.251074373722076416e-01
-1.432587355375289917e-01
-3.442711383104324341e-02
3.948070853948593140e-02
-1.549114286899566650e-01
-1.720232665538787842e-01
-3.509670794010162354e-01
-6.378891319036483765e-02
3.934732675552368164e-01
5.956551432609558105e-02
-1.300213336944580078e-01
6.416095793247222900e-02
2.467684075236320496e-02
4.545181524008512497e-03
7.360605895519256592e-02
1.511996537446975708e-01
-1.241404656320810318e-02
1.114765033125877380e-01
-1.034251302480697632e-01
7.147175073623657227e-02
2.186461240053176880e-01
-9.250105917453765869e-02
4.494711756706237793e-02
1.849625110626220703e-01
-9.725625813007354736e-02
2.395927906036376953e-02
9.860241785645484924e-03
3.964220732450485229e-02
-1.459239870309829712e-01
1.898848079144954681e-02
-1.462055593729019165e-01
2.718756347894668579e-02
1.081672590225934982e-02
-1.314271707087755203e-02
-8.959905244410037994e-03
5.884674191474914551e-02
-1.648712903261184692e-01
9.886387735605239868e-02
-7.921492308378219604e-02
-3.735850751399993896e-02
-4.932291060686111450e-02
-1.550463959574699402e-03
-5.447189137339591980e-02
-3.456381708383560181e-02
1.088873222470283508e-01
-2.092264294624328613e-01
1.440141946077346802e-01
1.848367899656295776e-01
2.652741502970457077e-03
1.170372217893600464e-01
6.307399272918701172e-02
3.341573849320411682e-02
-4.982725903391838074e-02
6.728326529264450073e-02
-2.125964909791946411e-01
-5.377198755741119385e-02
1.023153960704803467e-01
-9.581919759511947632e-02
1.066569536924362183e-01
-8.836863562464714050e-03
