-7.479659467935562134e-02
6.906665861606597900e-02
5.416179820895195007e-02
-1.315697580575942993e-01
-1.295876950025558472e-01
-4.150800779461860657e-02
-6.726257503032684326e-02
-1.507174670696258545e-01
2.278454899787902832e-01
-2.061366438865661621e-01
2.514570057392120361e-01
-9.372516721487045288e-02
-1.783101260662078857e-01
-1.102234274148941040e-01
-2.705667540431022644e-02
2.346402704715728760e-01
-2.444105148315429688e-01
-1.389836668968200684e-01
-1.257574558258056641e-02
3.609320521354675293e-02
9.142487496137619019e-02
-3.676233813166618347e-02
5.291868746280670166e-02
5.342262238264083862e-02
-1.261696517467498779e-01
-4.529019892215728760e-01
-8.176299184560775757e-02
-6.718163192272186279e-02
-3.680510818958282471e-02
-5.566322430968284607e-02
-7.126188278198242188e-02
9.541645646095275879e-02
-2.444015592336654663e-01
-3.497870266437530518e-02
-3.184422850608825684e-02
1.036787778139114380e-01
1.531534828245639801e-02
-6.041406840085983276e-02
1.012138873338699341e-01
-2.332636341452598572e-02
-3.029307425022125244e-01
-1.169491000473499298e-02
6.161545589566230774e-02
1.751678586006164551e-01
1.116155534982681274e-01
-1.375822722911834717e-02
2.439457364380359650e-02
-1.383846551179885864e-01
1.148512586951255798e-01
-1.722439676523208618e-01
-1.579647883772850037e-02
8.325430750846862793e-02
3.946770355105400085e-02
1.948860287666320801e-02
1.288109738379716873e-02
-8.994492888450622559e-02
3.525788709521293640e-02
1.368205100297927856e-01
-1.656307429075241089e-01
1.258879713714122772e-02
1.265077292919158936e-01
-1.146994233131408691e-01
-7.177118211984634399e-02
-1.211535185575485229e-01
2.933948338031768799e-01
1.560045927762985229e-01
-1.090957969427108765e-01
-1.894066631793975830e-01
9.607308357954025269e-02
-8.816941827535629272e-02
-7.128379493951797485e-02
9.162592701613903046e-03
-1.549253165721893311e-01
-1.890498548746109009e-01
-3.150317966938018799e-01
-9.696170687675476074e-03
3.220478594303131104e-01
7.845233380794525146e-02
-1.804735809564590454e-01
5.514893680810928345e-02
-5.933201313018798828e-02
3.645083680748939514e-02
1.125716492533683777e-01
1.819523125886917114e-01
1.715358160436153412e-02
1.112487316131591797e-01
-7.115889340639114380e-02
5.801881104707717896e-02
2.026030719280242920e-01
-1.048521101474761963e-01
3.298024833202362061e-02
2.477653473615646362e-01
-5.796571075916290283e-02
9.093049168586730957e-02
-3.128693997859954834e-02
-2.532484754920005798e-02
-9.767849743366241455e-02
8.687669783830642700e-02
-1.632045954465866089e-01
3.170948475599288940e-02
5.312184244394302368e-02
-1.879690587520599365e-02
-2.133158221840858459e-02
8.171188086271286011e-02
-1.632833033800125122e-01
6.509877741336822510e-02
-1.305903308093547821e-02
-4.371122457087039948e-03
7.401387393474578857e-02
7.072681095451116562e-03
-7.027693092823028564e-02
-1.445105373859405518e-01
7.652275264263153076e-02
-2.238127291202545166e-01
2.276935130357742310e-01
1.945438832044601440e-01
1.015616729855537415e-01
1.509401649236679077e-01
8.949939906597137451e-02
8.937422931194305420e-02
-1.479908823966979980e-03
-6.541594862937927246e-03
-1.962793022394180298e-01
4.380590096116065979e-02
1.596305072307586670e-01
-6.159915775060653687e-02
4.425586387515068054e-02
-3.035503253340721130e-02
