-6.820471584796905518e-02
6.279090046882629395e-02
5.603878945112228394e-02
-1.327247917652130127e-01
-1.392407566308975220e-01
-3.007072582840919495e-02
-9.516482055187225342e-02
-1.101375296711921692e-01
1.644725501537322998e-01
-1.920451074838638306e-01
2.301608771085739136e-01
-1.021322235465049744e-01
-2.295001000165939331e-01
-4.196149855852127075e-02
-1.307942159473896027e-02
2.267998009920120239e-01
-2.391739189624786377e-01
-1.568811237812042236e-01
-9.389404207468032837e-02
5.698304623365402222e-03
4.527594521641731262e-02
5.564999207854270935e-02
3.332196921110153198e-02
-1.284678094089031219e-02
-1.182457953691482544e-01
-4.146863818168640137e-01
-1.126229092478752136e-01
-3.868825361132621765e-02
7.601344957947731018e-03
1.039105094969272614e-02
-4.202908277511596680e-02
7.730150222778320312e-02
-1.402932703495025635e-01
-4.078393802046775818e-03
7.857276499271392822e-02
1.163695752620697021e-01
2.744455263018608093e-02
-6.012130528688430786e-02
1.117133796215057373e-01
-3.655470162630081177e-02
-3.363039791584014893e-01
1.643453538417816162e-02
1.154907494783401489e-01
2.134032994508743286e-01
1.726143956184387207e-01
2.744075283408164978e-02
2.019193023443222046e-02
-1.596217751502990723e-01
1.302281618118286133e-01
-1.402756422758102417e-01
2.159468457102775574e-02
9.182960540056228638e-02
6.843698024749755859e-02
4.613410308957099915e-02
5.617977306246757507e-02
-1.256174147129058838e-01
4.261825233697891235e-02
1.993171870708465576e-01
-1.388086974620819092e-01
-2.875708602368831635e-02
1.620363444089889526e-01
-1.133754849433898926e-01
-2.183341607451438904e-02
-1.268727034330368042e-01
2.465733289718627930e-01
1.005998998880386353e-01
-1.383578777313232422e-01
-2.541899681091308594e-01
1.149613410234451294e-01
-1.327802836894989014e-01
-9.589330106973648071e-02
5.538132786750793457e-02
-1.738417148590087891e-01
-1.243284195661544800e-01
-3.209272921085357666e-01
-5.272804200649261475e-02
3.588263094425201416e-01
6.369096040725708008e-02
-1.720195114612579346e-01
4.314377531409263611e-02
3.286287561058998108e-02
3.919506072998046875e-02
1.376590728759765625e-01
1.875245571136474609e-01
-3.675676882266998291e-02
5.290801823139190674e-02
-1.017425358295440674e-01
-1.209415681660175323e-02
2.517285048961639404e-01
-1.034146174788475037e-01
1.705960929393768311e-02
1.892550736665725708e-01
-2.410956658422946930e-02
7.344438880681991577e-02
2.049907296895980835e-02
9.772238321602344513e-03
-1.139751374721527100e-01
3.711568191647529602e-02
-1.732076853513717651e-01
1.085473317652940750e-02
5.267594940960407257e-03
-3.701968491077423096e-02
-2.977641299366950989e-02
9.411759674549102783e-02
-1.095523312687873840e-01
1.244536191225051880e-01
-2.601322531700134277e-02
3.579900041222572327e-02
2.087739855051040649e-02
8.470391854643821716e-03
-1.077638659626245499e-02
-9.968323260545730591e-02
1.246956363320350647e-01
-2.054575681686401367e-01
1.604630798101425171e-01
1.806573718786239624e-01
1.019307002425193787e-01
1.319137066602706909e-01
1.174535453319549561e-01
1.113169938325881958e-01
-4.257739707827568054e-02
3.065878897905349731e-02
-2.357554137706756592e-01
-1.116310339421033859e-02
9.640985727310180664e-02
-6.137804314494132996e-02
8.676777780055999756e-02
-1.051765866577625275e-04
