-9.228007495403289795e-02
2.565004490315914154e-02
3.037730790674686432e-02
-6.639413535594940186e-02
-1.501909494400024414e-01
-6.920500844717025757e-02
-1.744201779365539551e-02
-6.130464375019073486e-02
1.414067000150680542e-01
-1.206758916378021240e-01
2.502226531505584717e-01
-7.870584726333618164e-02
-1.310334503650665283e-01
-1.121852248907089233e-01
-5.139401927590370178e-02
1.874026656150817871e-01
-1.689950078725814819e-01
-1.229423955082893372e-01
1.308246515691280365e-03
1.619854196906089783e-02
6.060480698943138123e-02
-8.356449194252490997e-03
8.541274815797805786e-03
3.302148729562759399e-02
-1.637308746576309204e-01
-3.759020864963531494e-01
-8.511680364608764648e-02
-9.273222088813781738e-02
-4.303443431854248047e-02
-1.407038792967796326e-02
-3.619687631726264954e-02
9.368824213743209839e-02
-1.590865254402160645e-01
-4.386661946773529053e-02
5.084037780761718750e-02
5.719500035047531128e-02
2.311871200799942017e-02
-8.902277797460556030e-03
1.161626204848289490e-01
5.619892477989196777e-02
-2.554575800895690918e-01
-7.264017313718795776e-02
8.420944213867187500e-02
2.812124192714691162e-01
1.344799101352691650e-01
2.507130801677703857e-02
2.891584858298301697e-02
-5.866044759750366211e-02
1.097003519535064697e-01
-1.213782206177711487e-01
1.010071672499179840e-02
5.799238011240959167e-02
1.062741875648498535e-01
2.752522379159927368e-02
2.006216719746589661e-02
-8.265895396471023560e-02
2.379870600998401642e-02
1.248520761728286743e-01
-1.254500895738601685e-01
-1.259292662143707275e-02
6.239876151084899902e-02
-4.598862677812576294e-02
-7.421538233757019043e-02
-1.273360550403594971e-01
2.735567986965179443e-01
9.367481619119644165e-02
-1.337152570486068726e-01
-1.669429391622543335e-01
1.058235764503479004e-01
-1.237893253564834595e-01
-1.247746571898460388e-01
-1.331464387476444244e-02
-1.628418266773223877e-01
-1.317406594753265381e-01
-3.384654521942138672e-01
-3.407184779644012451e-02
3.515391647815704346e-01
9.844528883695602417e-02
-1.941864639520645142e-01
9.712198749184608459e-03
-2.792320027947425842e-02
4.341779649257659912e-02
1.111581102013587952e-01
1.803195178508758545e-01
-1.472651399672031403e-02
1.159588620066642761e-01
-5.606558173894882202e-02
-4.777792096138000488e-02
1.646751165390014648e-01
-8.583204448223114014e-02
-2.863068692386150360e-02
1.557366251945495605e-01
-5.324267596006393433e-02
7.883460074663162231e-02
-5.572004709392786026e-03
-5.836642161011695862e-02
-8.558474481105804443e-02
7.640339434146881104e-02
-1.005551815032958984e-01
-8.562786504626274109e-03
1.300725061446428299e-02
-4.105499386787414551e-02
1.516856346279382706e-02
1.129452958703041077e-01
-1.841274052858352661e-01
1.065289601683616638e-01
1.223923731595277786e-02
5.645557120442390442e-02
3.386836126446723938e-02
6.920985132455825806e-02
-7.286397367715835571e-02
-1.135898008942604065e-01
5.590149387717247009e-02
-1.976526975631713867e-01
1.569209545850753784e-01
1.763751208782196045e-01
6.421801447868347168e-02
1.344577819108963013e-01
1.218644008040428162e-01
4.854384437203407288e-02
-2.807283401489257812e-02
4.892613738775253296e-02
-1.639066040515899658e-01
3.133213147521018982e-03
7.023522257804870605e-02
-8.089786767959594727e-02
6.740748882293701172e-02
-1.764047890901565552e-02
