-1.243954226374626160e-01
8.891572058200836182e-02
2.559198252856731415e-02
-1.096009984612464905e-01
-1.210284233093261719e-01
-4.754034802317619324e-03
-1.006581634283065796e-01
-1.062922477722167969e-01
1.400685459375381470e-01
-1.890600025653839111e-01
2.673962712287902832e-01
-4.155817627906799316e-02
-1.824100762605667114e-01
-9.642911702394485474e-02
-6.043096631765365601e-02
1.779132187366485596e-01
-2.405713200569152832e-01
-1.135332286357879639e-01
-2.304315008223056793e-02
1.707653515040874481e-02
9.356158971786499023e-02
-4.318413883447647095e-02
6.596384104341268539e-03
1.057073939591646194e-03
-8.925760537385940552e-02
-3.831768929958343506e-01
-1.097021028399467468e-01
-6.051483005285263062e-02
3.774396702647209167e-02
-1.402176823467016220e-02
-1.256030146032571793e-02
-6.190394982695579529e-02
-2.197337150573730469e-01
-2.497457899153232574e-02
-2.824720740318298340e-02
9.130638092756271362e-02
-7.307567447423934937e-02
-6.242379918694496155e-02
1.255730837583541870e-01
-2.553351223468780518e-04
-1.979759931564331055e-01
-2.544787712395191193e-03
4.199244081974029541e-02
2.073715329170227051e-01
1.887235790491104126e-01
1.024472862482070923e-01
4.569378495216369629e-02
-1.319170743227005005e-01
1.618415266275405884e-01
-1.539659500122070312e-01
2.901565283536911011e-02
1.135634183883666992e-01
1.277605742216110229e-01
9.323816001415252686e-02
-2.390915527939796448e-02
-9.370438754558563232e-02
8.624203503131866455e-02
1.842357814311981201e-01
-1.654815524816513062e-01
1.543745119124650955e-02
1.130981147289276123e-01
-5.446478351950645447e-02
-3.797149658203125000e-02
-4.711163789033889771e-02
2.881409525871276855e-01
1.047116890549659729e-01
-1.483673006296157837e-01
-1.659192740917205811e-01
1.468934118747711182e-01
-1.413339972496032715e-01
-7.259096950292587280e-02
5.731392651796340942e-03
-1.283287853002548218e-01
-1.913538128137588501e-01
-2.560236752033233643e-01
2.236889302730560303e-02
3.412441015243530273e-01
1.066225841641426086e-01
-1.223663538694381714e-01
-1.182708889245986938e-03
-2.343111485242843628e-02
2.230040729045867920e-02
1.258810460567474365e-01
1.590339839458465576e-01
-3.813230246305465698e-02
-1.494047231972217560e-02
-6.957557052373886108e-02
-2.852099761366844177e-02
2.235322594642639160e-01
-8.343803137540817261e-02
2.156347781419754028e-02
2.162934988737106323e-01
-3.380078822374343872e-03
5.334515124559402466e-02
-9.791147895157337189e-04
7.592673413455486298e-03
-8.385336399078369141e-02
9.350869059562683105e-02
-6.455703079700469971e-02
3.610065951943397522e-02
1.226625498384237289e-02
-8.356000483036041260e-02
-1.791974343359470367e-02
3.260212391614913940e-02
-1.388453841209411621e-01
1.583612859249114990e-01
-2.686532214283943176e-02
7.089716941118240356e-02
4.145998507738113403e-02
-5.116769298911094666e-02
-8.964132517576217651e-02
-8.348691463470458984e-02
1.054755672812461853e-01
-2.238343656063079834e-01
2.389560043811798096e-01
2.115802317857742310e-01
8.669345080852508545e-02
1.693462431430816650e-01
1.527574956417083740e-01
1.151901483535766602e-01
7.909061387181282043e-03
-6.401309743523597717e-03
-2.245339602231979370e-01
-3.407748788595199585e-02
5.772877484560012817e-02
-6.265553832054138184e-02
7.753299921751022339e-02
-1.527804695069789886e-02
