-1.136476323008537292e-01
9.881082922220230103e-02
4.683058708906173706e-02
-1.606712490320205688e-01
-1.536824554204940796e-01
-7.727185636758804321e-02
-8.267799019813537598e-02
-1.274618804454803467e-01
1.644649356603622437e-01
-1.580964326858520508e-01
2.358396202325820923e-01
-9.164734929800033569e-02
-1.826273500919342041e-01
-5.857639014720916748e-02
-8.676028251647949219e-02
2.588528096675872803e-01
-2.437904924154281616e-01
-2.038281112909317017e-01
-2.299666404724121094e-02
2.048524469137191772e-02
3.571008890867233276e-02
1.506683602929115295e-02
7.503033615648746490e-03
5.820902436971664429e-02
-6.693235039710998535e-02
-4.410896897315979004e-01
-8.195567131042480469e-02
-4.411277547478675842e-02
-5.593067035079002380e-02
1.794944517314434052e-02
-1.223887875676155090e-02
6.146531179547309875e-02
-2.104623168706893921e-01
-2.151917666196823120e-03
2.061101421713829041e-02
1.097580939531326294e-01
1.064527872949838638e-02
-4.586608707904815674e-02
9.739334136247634888e-02
2.624889090657234192e-02
-3.189716041088104248e-01
3.586106747388839722e-02
9.350340813398361206e-02
2.707624733448028564e-01
1.911703944206237793e-01
1.191469281911849976e-02
3.310023993253707886e-02
-1.157082989811897278e-01
1.356429755687713623e-01
-2.208114713430404663e-01
1.526100561022758484e-03
8.233116567134857178e-02
7.420713454484939575e-02
-1.032878831028938293e-02
1.515776291489601135e-02
-9.256125986576080322e-02
2.900889143347740173e-02
1.723044663667678833e-01
-2.091601639986038208e-01
4.279218614101409912e-03
1.525455415248870850e-01
-7.510439306497573853e-02
-5.111693963408470154e-02
-1.626024842262268066e-01
2.621599137783050537e-01
1.650244742631912231e-01
-1.589806228876113892e-01
-2.108894884586334229e-01
8.670541644096374512e-02
-1.580750197172164917e-01
-9.368227422237396240e-02
2.335792966187000275e-02
-1.258595138788223267e-01
-1.741621196269989014e-01
-3.232054114341735840e-01
1.666944473981857300e-03
4.066761136054992676e-01
1.108593866229057312e-01
-1.366469413042068481e-01
3.897807374596595764e-02
3.597541246563196182e-03
4.977294057607650757e-02
1.012891083955764771e-01
1.305979788303375244e-01
-4.460344463586807251e-02
6.324965506792068481e-02
-1.340529471635818481e-01
-1.225671358406543732e-02
2.231093347072601318e-01
-5.563514679670333862e-02
-1.282722689211368561e-02
2.059453725814819336e-01
-7.807507365942001343e-02
7.695419341325759888e-02
-1.784675195813179016e-02
5.511091649532318115e-02
-1.189915388822555542e-01
9.113088250160217285e-02
-1.559634655714035034e-01
2.025726810097694397e-02
-3.622845932841300964e-02
-4.532304406166076660e-02
-2.381170541048049927e-02
5.311217531561851501e-02
-1.262103021144866943e-01
1.233033388853073120e-01
-5.783567205071449280e-02
5.063126981258392334e-02
-2.211458981037139893e-02
3.537622839212417603e-02
-4.428583383560180664e-02
-7.388935983180999756e-02
8.827713876962661743e-02
-1.897834241390228271e-01
1.953094601631164551e-01
1.736965328454971313e-01
8.286701142787933350e-02
1.578869670629501343e-01
1.331572979688644409e-01
5.221307650208473206e-02
-4.849975556135177612e-02
-1.611462235450744629e-02
-1.963955014944076538e-01
-2.979146316647529602e-02
8.947832882404327393e-02
-6.885252147912979126e-02
1.349196881055831909e-01
1.692979969084262848e-02
