-8.695641160011291504e-02
5.827249586582183838e-02
6.144388765096664429e-02
-1.359517425298690796e-01
-1.849756240844726562e-01
-7.718927226960659027e-04
-8.367726206779479980e-02
-1.200241893529891968e-01
1.826821714639663696e-01
-2.028887867927551270e-01
2.292543053627014160e-01
-7.669303566217422485e-02
-2.513323426246643066e-01
-2.221092209219932556e-02
-1.022741347551345825e-01
2.275110334157943726e-01
-1.776250451803207397e-01
-1.372371613979339600e-01
-2.745396643877029419e-02
1.880319789052009583e-03
2.249201759696006775e-02
4.162369668483734131e-02
4.256510734558105469e-02
1.320002134889364243e-03
-1.031626537442207336e-01
-3.808724880218505859e-01
-1.375941336154937744e-01
-8.622208237648010254e-02
-3.872600942850112915e-02
-1.948486082255840302e-02
-7.648790627717971802e-02
2.841012179851531982e-02
-1.682181954383850098e-01
-2.748177200555801392e-02
3.245121613144874573e-02
9.698938578367233276e-02
-3.528893366456031799e-02
-7.825419306755065918e-02
1.244272440671920776e-01
-8.188955485820770264e-03
-2.523105740547180176e-01
-6.792973726987838745e-02
1.059061735868453979e-01
2.214143276214599609e-01
1.345209181308746338e-01
2.787278220057487488e-02
2.138043195009231567e-02
-1.117997616529464722e-01
6.915281713008880615e-02
-1.666540354490280151e-01
-8.330035954713821411e-03
5.960400775074958801e-02
9.561317414045333862e-02
4.681126028299331665e-02
4.007339477539062500e-02
-1.241747960448265076e-01
7.226417213678359985e-02
2.085346430540084839e-01
-1.478380858898162842e-01
6.053657736629247665e-03
1.241650432348251343e-01
-9.768710285425186157e-02
-7.683146279305219650e-03
-7.849188148975372314e-02
3.345048725605010986e-01
1.057037338614463806e-01
-1.318491995334625244e-01
-1.502203792333602905e-01
1.516606807708740234e-01
-1.373980790376663208e-01
-5.438040196895599365e-02
6.886344403028488159e-03
-1.511200070381164551e-01
-1.809487640857696533e-01
-2.696366012096405029e-01
-4.213396459817886353e-02
3.577880263328552246e-01
1.464226394891738892e-01
-1.190198734402656555e-01
2.021947875618934631e-02
-8.638062514364719391e-03
2.509227581322193146e-02
1.083839833736419678e-01
1.350912749767303467e-01
-4.810470715165138245e-02
6.896620243787765503e-02
-8.967989683151245117e-02
1.208133157342672348e-02
2.399589419364929199e-01
-1.157444193959236145e-01
4.680946841835975647e-02
2.088338434696197510e-01
-4.594785720109939575e-02
7.364055514335632324e-02
-2.080017235130071640e-03
-3.167018294334411621e-02
-9.470818191766738892e-02
5.748086050152778625e-02
-1.329063922166824341e-01
6.513077020645141602e-02
-2.479914575815200806e-02
-8.322780579328536987e-02
8.137536235153675079e-03
8.728736639022827148e-02
-1.399489641189575195e-01
4.717110469937324524e-02
-3.389237448573112488e-02
-2.633462473750114441e-02
-2.751823142170906067e-02
-2.544353157281875610e-02
-7.235132902860641479e-02
-8.670266717672348022e-02
1.588284075260162354e-01
-2.117297351360321045e-01
1.774207651615142822e-01
1.972323358058929443e-01
7.109801471233367920e-02
1.590401828289031982e-01
1.237255111336708069e-01
6.581601500511169434e-02
-1.388623379170894623e-02
-4.080274701118469238e-02
-2.167453020811080933e-01
-5.877851508557796478e-03
1.104562655091285706e-01
-1.193391010165214539e-01
1.134566292166709900e-01
9.592728689312934875e-03
