-6.410157680511474609e-02
1.177954487502574921e-02
2.029417082667350769e-02
-1.544177681207656860e-01
-1.290672421455383301e-01
-8.350487798452377319e-02
6.506405770778656006e-04
-1.015119552612304688e-01
1.626305282115936279e-01
-1.003586351871490479e-01
2.294814586639404297e-01
-8.438389748334884644e-02
-2.110873162746429443e-01
-8.391504734754562378e-02
-7.401700317859649658e-02
2.304335385560989380e-01
-2.306477576494216919e-01
-1.945347934961318970e-01
-3.169959783554077148e-02
4.951616376638412476e-02
7.072126865386962891e-02
-3.676800802350044250e-02
3.837069123983383179e-02
9.627307951450347900e-02
-1.311855018138885498e-01
-3.877939581871032715e-01
-8.824251592159271240e-02
-5.732863023877143860e-02
-5.049829930067062378e-02
-2.558116428554058075e-02
3.829322010278701782e-02
8.962348848581314087e-02
-2.471017539501190186e-01
-1.816774345934391022e-02
4.734260961413383484e-02
6.048438698053359985e-02
-1.638250076211988926e-03
-1.416778415441513062e-01
1.491578072309494019e-01
-3.918746020644903183e-03
-3.249393701553344727e-01
-1.146727986633777618e-02
9.955095499753952026e-02
2.535351812839508057e-01
1.216078102588653564e-01
-3.182995691895484924e-02
3.859354555606842041e-02
-9.329607337713241577e-02
9.460359811782836914e-02
-1.894287914037704468e-01
-3.312514722347259521e-02
1.137350276112556458e-01
4.064474627375602722e-02
-1.094142347574234009e-02
8.391089737415313721e-03
-7.097948342561721802e-02
8.354100584983825684e-02
1.760392785072326660e-01
-1.855690628290176392e-01
-2.084448002278804779e-02
1.010279878973960876e-01
-5.968548357486724854e-02
-2.505810931324958801e-02
-1.565972864627838135e-01
2.068862468004226685e-01
6.331773847341537476e-02
-1.578461378812789917e-01
-1.751544177532196045e-01
8.685277402400970459e-02
-1.256489008665084839e-01
-5.515483766794204712e-02
3.944075852632522583e-02
-1.769006550312042236e-01
-2.063528746366500854e-01
-3.122603893280029297e-01
-2.675803378224372864e-02
3.862642347812652588e-01
1.093351989984512329e-01
-1.240297034382820129e-01
7.179173827171325684e-02
-2.938124537467956543e-02
6.560201197862625122e-02
8.399492502212524414e-02
1.719125211238861084e-01
3.051694482564926147e-03
8.952497690916061401e-02
-1.079778820276260376e-01
5.564561113715171814e-02
1.933734267950057983e-01
-8.008237928152084351e-02
4.658891120925545692e-04
2.133991271257400513e-01
-5.861413851380348206e-02
1.218524295836687088e-02
-4.320947453379631042e-02
5.187348462641239166e-03
-7.717508077621459961e-02
1.206024065613746643e-01
-1.106358245015144348e-01
7.852307707071304321e-02
1.724034920334815979e-02
6.162655539810657501e-03
1.753931492567062378e-02
1.047346815466880798e-01
-1.319424211978912354e-01
3.093765117228031158e-02
-4.422029480338096619e-03
9.926960803568363190e-03
2.779915928840637207e-02
4.097131267189979553e-02
-7.666515558958053589e-02
-1.460119932889938354e-01
2.208881638944149017e-02
-2.385554313659667969e-01
1.720986664295196533e-01
2.041318416595458984e-01
6.854044646024703979e-02
8.306819200515747070e-02
8.427293598651885986e-02
4.419998824596405029e-02
-1.006119791418313980e-02
-1.132337469607591629e-02
-1.920830905437469482e-01
1.050577964633703232e-02
1.115927919745445251e-01
-3.845901787281036377e-02
8.985708653926849365e-02
-4.723217338323593140e-02
