-1.025820225477218628e-01
5.165411904454231262e-02
3.044895082712173462e-02
-9.404265135526657104e-02
-1.332416236400604248e-01
-5.320560559630393982e-02
-9.827965497970581055e-02
-1.605469584465026855e-01
1.399063915014266968e-01
-1.856088340282440186e-01
2.323285490274429321e-01
-9.208926558494567871e-02
-1.706591993570327759e-01
-6.387302279472351074e-02
-8.282339572906494141e-02
2.003024965524673462e-01
-2.229397743940353394e-01
-9.522845596075057983e-02
-6.156832352280616760e-02
-8.987257257103919983e-03
8.821768313646316528e-02
2.382569480687379837e-03
3.692099452018737793e-02
4.781464859843254089e-02
-9.827715903520584106e-02
-3.943690061569213867e-01
-1.130693852901458740e-01
-5.825724080204963684e-02
-8.212043903768062592e-03
-3.809986263513565063e-02
-8.368299901485443115e-02
4.021615535020828247e-02
-1.913722455501556396e-01
-3.336959332227706909e-02
4.708013497292995453e-03
9.684664756059646606e-02
2.696015872061252594e-02
-1.020327806472778320e-01
1.188000291585922241e-01
3.141681663691997528e-03
-2.645701766014099121e-01
-1.796347089111804962e-02
6.824760138988494873e-02
1.946146339178085327e-01
1.675406992435455322e-01
1.881877332925796509e-02
1.271921582520008087e-02
-1.212051138281822205e-01
1.369500011205673218e-01
-1.730982065200805664e-01
-2.886600792407989502e-02
1.041066050529479980e-01
4.381566867232322693e-02
1.060125045478343964e-02
1.378336362540721893e-02
-7.796838134527206421e-02
3.799762576818466187e-02
1.785677969455718994e-01
-1.443059444427490234e-01
-1.368565112352371216e-02
9.656003862619400024e-02
-1.219972893595695496e-01
-2.671930566430091858e-02
-1.062379479408264160e-01
2.650673091411590576e-01
1.622842848300933838e-01
-1.122342273592948914e-01
-1.695662885904312134e-01
1.132654175162315369e-01
-1.289435774087905884e-01
-5.715487152338027954e-02
8.518455550074577332e-03
-1.473020315170288086e-01
-1.900886297225952148e-01
-2.603908479213714600e-01
-1.409080438315868378e-02
3.995527625083923340e-01
9.065452218055725098e-02
-1.437675803899765015e-01
4.352276027202606201e-02
-5.471371486783027649e-02
-5.273720715194940567e-03
1.686002016067504883e-01
1.637543439865112305e-01
1.734637655317783356e-02
3.886939212679862976e-02
-6.533232331275939941e-02
2.663722261786460876e-02
2.592197656631469727e-01
-9.861910343170166016e-02
2.139236219227313995e-02
2.145437151193618774e-01
-6.875269114971160889e-02
5.772584676742553711e-02
2.352037467062473297e-03
-1.132199168205261230e-02
-1.049289032816886902e-01
9.107451140880584717e-02
-8.862119913101196289e-02
5.394059419631958008e-02
3.672321140766143799e-02
-6.425046920776367188e-02
-4.687224514782428741e-03
5.375007912516593933e-02
-1.377483457326889038e-01
4.373193159699440002e-02
-2.669516578316688538e-02
8.738469332456588745e-04
6.100875884294509888e-02
-6.454295665025711060e-02
-7.966575026512145996e-02
-9.250798821449279785e-02
1.216973811388015747e-01
-2.178549617528915405e-01
2.174481600522994995e-01
1.884426772594451904e-01
5.730952322483062744e-02
1.645895987749099731e-01
9.562560915946960449e-02
9.826310724020004272e-02
1.268052402883768082e-02
-9.748279117047786713e-03
-1.876662075519561768e-01
-8.958848193287849426e-04
1.297169476747512817e-01
-6.940514594316482544e-02
6.387862563133239746e-02
-6.103033199906349182e-02
