-1.269079148769378662e-01
5.612656846642494202e-02
-1.270203385502099991e-03
-1.894206106662750244e-01
-1.818931996822357178e-01
-2.318728342652320862e-02
-6.511077284812927246e-02
-1.345427483320236206e-01
1.755380332469940186e-01
-1.673778593540191650e-01
2.178412675857543945e-01
-1.019489243626594543e-01
-2.199280112981796265e-01
-7.913912832736968994e-02
-7.212516665458679199e-02
1.984667479991912842e-01
-2.192978262901306152e-01
-1.562811583280563354e-01
-1.901354640722274780e-03
3.271181136369705200e-02
9.914892911911010742e-02
1.287342049181461334e-02
1.041921786963939667e-02
3.920704126358032227e-02
-1.143871471285820007e-01
-4.004102945327758789e-01
-9.875509142875671387e-02
-5.076266080141067505e-02
-8.399366401135921478e-03
-2.598724886775016785e-02
1.293409615755081177e-02
1.401387993246316910e-02
-1.930544525384902954e-01
-2.236983180046081543e-02
1.805429905652999878e-02
7.828804850578308105e-02
7.464812137186527252e-03
-1.093215942382812500e-01
1.260621100664138794e-01
-1.275418326258659363e-04
-3.009796738624572754e-01
-1.696334220468997955e-02
7.599063217639923096e-02
1.712909936904907227e-01
1.038756519556045532e-01
1.747688278555870056e-02
2.020074240863323212e-02
-1.776095926761627197e-01
1.249254792928695679e-01
-1.452537775039672852e-01
-4.508099704980850220e-02
1.082960441708564758e-01
2.365533448755741119e-02
1.987879723310470581e-02
-1.008130609989166260e-02
-1.052507385611534119e-01
9.467426687479019165e-02
1.346287876367568970e-01
-1.872103363275527954e-01
-3.129052743315696716e-02
1.328735649585723877e-01
-7.153322547674179077e-02
-2.624862082302570343e-02
-1.275602430105209351e-01
2.202935367822647095e-01
6.249678879976272583e-02
-1.200376451015472412e-01
-1.957361102104187012e-01
1.342306733131408691e-01
-1.176747977733612061e-01
-8.843966573476791382e-02
3.961281478404998779e-02
-1.365530043840408325e-01
-1.887476295232772827e-01
-2.726094722747802734e-01
-3.362276405096054077e-02
3.655124604701995850e-01
1.523114293813705444e-01
-1.251960694789886475e-01
3.514903038740158081e-02
-4.378722980618476868e-02
4.056769609451293945e-02
1.138171926140785217e-01
1.502018570899963379e-01
1.395378261804580688e-03
4.648477584123611450e-02
-7.563201338052749634e-02
1.844080910086631775e-02
2.060232162475585938e-01
-7.560788840055465698e-02
1.577974483370780945e-02
2.272553741931915283e-01
2.985435537993907928e-03
1.335954219102859497e-01
-1.027891226112842560e-02
2.661134302616119385e-02
-1.100075542926788330e-01
1.054992005228996277e-01
-8.372229337692260742e-02
6.284461915493011475e-02
3.668692708015441895e-02
-2.427216991782188416e-02
4.788346961140632629e-02
1.097329780459403992e-01
-1.352139711380004883e-01
1.449823379516601562e-01
-6.968180648982524872e-03
1.083690952509641647e-02
6.697752978652715683e-03
1.106823422014713287e-02
-1.761895604431629181e-02
-6.550300121307373047e-02
7.946033030748367310e-02
-2.068854868412017822e-01
2.067739665508270264e-01
2.035068124532699585e-01
1.196084022521972656e-01
1.542639881372451782e-01
1.315693259239196777e-01
5.097100138664245605e-02
-2.131450548768043518e-02
-2.852755226194858551e-02
-2.281323820352554321e-01
-1.918873377144336700e-02
6.832262873649597168e-02
-8.716138452291488647e-02
9.620687365531921387e-02
1.715589314699172974e-04
