-1.292117834091186523e-01
1.229216828942298889e-01
7.567393779754638672e-02
-1.767303198575973511e-01
-1.199768632650375366e-01
-7.251920551061630249e-02
-5.127302557229995728e-02
-1.836593002080917358e-01
1.790821254253387451e-01
-1.610859036445617676e-01
3.012655973434448242e-01
-7.353550195693969727e-02
-2.298484742641448975e-01
-1.409172117710113525e-01
-2.890683524310588837e-02
2.037642002105712891e-01
-2.205139100551605225e-01
-1.157627627253532410e-01
8.760541677474975586e-04
1.592812314629554749e-02
8.651427179574966431e-02
-5.394350737333297729e-02
1.031943559646606445e-01
3.411420434713363647e-02
-1.104880422353744507e-01
-4.010708034038543701e-01
-1.151489242911338806e-01
-7.920370995998382568e-02
-1.253146585077047348e-02
-5.432044621556997299e-03
-2.829655073583126068e-03
4.466664418578147888e-02
-2.277618199586868286e-01
-3.210802748799324036e-02
-1.932536996901035309e-02
1.012246981263160706e-01
-3.248260542750358582e-02
-5.240707471966743469e-02
1.261782646179199219e-01
-4.209494963288307190e-02
-2.343833297491073608e-01
-4.077491909265518188e-02
3.121805377304553986e-02
1.796647906303405762e-01
1.268149763345718384e-01
1.311311312019824982e-02
6.816650927066802979e-02
-1.461495161056518555e-01
1.193880960345268250e-01
-1.276558041572570801e-01
-5.010107532143592834e-03
1.125582233071327209e-01
2.441124618053436279e-02
3.802836174145340919e-03
3.415324911475181580e-02
-9.030888974666595459e-02
7.589709758758544922e-02
1.786383539438247681e-01
-1.861790269613265991e-01
-4.135799128562211990e-03
1.262229084968566895e-01
-6.408000737428665161e-02
-7.584176957607269287e-02
-1.013450101017951965e-01
2.567268908023834229e-01
1.460839956998825073e-01
-1.459638029336929321e-01
-1.818317174911499023e-01
1.403773128986358643e-01
-7.494713366031646729e-02
-6.107474863529205322e-02
3.486011177301406860e-02
-1.895054429769515991e-01
-1.670682281255722046e-01
-2.611512839794158936e-01
-2.389893680810928345e-02
3.532662391662597656e-01
5.860592424869537354e-02
-1.444025784730911255e-01
1.832081004977226257e-03
-6.551755964756011963e-02
7.363062817603349686e-03
8.978323638439178467e-02
1.378929466009140015e-01
-2.189030125737190247e-02
4.376982897520065308e-02
-1.049130186438560486e-01
2.396567352116107941e-02
1.744706332683563232e-01
-1.054053828120231628e-01
2.879896014928817749e-02
2.397995293140411377e-01
-4.752423614263534546e-02
9.143817424774169922e-02
-3.913198038935661316e-02
1.129998126998543739e-03
-1.303091198205947876e-01
1.111308634281158447e-01
-1.287260353565216064e-01
2.255271375179290771e-02
2.984242141246795654e-02
-7.149127870798110962e-02
-3.622928261756896973e-02
7.687458395957946777e-02
-1.514443457126617432e-01
1.067876666784286499e-01
3.728417214006185532e-04
3.987746685743331909e-02
1.687869895249605179e-03
-3.059366345405578613e-02
-6.116896122694015503e-02
-8.837337791919708252e-02
8.129655569791793823e-02
-1.944253146648406982e-01
2.534212470054626465e-01
2.066415101289749146e-01
6.967844814062118530e-02
1.161241009831428528e-01
1.151925623416900635e-01
6.272711604833602905e-02
5.956402048468589783e-03
-1.890849694609642029e-02
-1.951366215944290161e-01
-6.405006628483533859e-03
9.556158632040023804e-02
-8.081706613302230835e-02
6.099658459424972534e-02
-3.418393433094024658e-02
