-1.288998574018478394e-01
7.106055319309234619e-02
1.009821332991123199e-02
-1.152072772383689880e-01
-1.403232663869857788e-01
-1.396367140114307404e-02
-8.836600184440612793e-02
-1.602909266948699951e-01
2.095173299312591553e-01
-1.730634868144989014e-01
2.332056611776351929e-01
-6.233799457550048828e-02
-1.951636672019958496e-01
-8.634731173515319824e-02
2.315067686140537262e-03
2.246676385402679443e-01
-2.480647712945938110e-01
-1.373255699872970581e-01
-4.591140896081924438e-02
-4.380362480878829956e-02
9.360183775424957275e-02
-3.764817258343100548e-03
2.526519238017499447e-04
7.754102349281311035e-02
-2.048274576663970947e-01
-3.678953647613525391e-01
-7.483560591936111450e-02
-1.301944553852081299e-01
-3.136600926518440247e-02
-1.537231449037790298e-02
-7.375294715166091919e-02
2.610421180725097656e-02
-1.988884508609771729e-01
-1.863242313265800476e-02
2.279387228190898895e-02
1.058031171560287476e-01
2.267798408865928650e-02
-1.071649342775344849e-01
1.138613745570182800e-01
-9.948646649718284607e-03
-2.739026546478271484e-01
3.854391863569617271e-03
4.844940453767776489e-02
1.672358214855194092e-01
1.966427862644195557e-01
-5.748610943555831909e-02
2.086866647005081177e-02
-1.049178391695022583e-01
2.104564309120178223e-01
-1.747857928276062012e-01
-2.050544321537017822e-02
6.518509984016418457e-02
9.509244561195373535e-02
1.470186933875083923e-02
9.136638045310974121e-02
-1.578043103218078613e-01
1.011623255908489227e-02
2.197569906711578369e-01
-2.251323312520980835e-01
-4.275040701031684875e-02
2.656722627580165863e-02
-9.542912244796752930e-02
-1.128471549600362778e-02
-1.486869901418685913e-01
2.363949418067932129e-01
1.528683751821517944e-01
-1.251491606235504150e-01
-1.734547764062881470e-01
1.164911761879920959e-01
-9.861202538013458252e-02
-4.209166020154953003e-02
3.214420378208160400e-02
-1.821022629737854004e-01
-2.286140173673629761e-01
-3.583973944187164307e-01
1.976555585861206055e-02
3.931665718555450439e-01
1.493661552667617798e-01
-1.741904765367507935e-01
5.952250584959983826e-02
1.085315365344285965e-02
-5.520663224160671234e-03
8.812709152698516846e-02
1.532859504222869873e-01
-1.760778948664665222e-03
7.291377335786819458e-02
-3.408288955688476562e-02
2.848139032721519470e-02
1.953103989362716675e-01
-6.152965128421783447e-02
1.937714777886867523e-02
2.436819374561309814e-01
-8.770937472581863403e-02
6.226010620594024658e-02
-1.633400097489356995e-02
-3.983941674232482910e-02
-1.374771595001220703e-01
3.468808159232139587e-02
-9.158267825841903687e-02
1.249057520180940628e-02
-4.393466189503669739e-02
-4.523694515228271484e-02
3.273287042975425720e-02
7.286240160465240479e-02
-1.730457544326782227e-01
4.847038537263870239e-02
-3.132188320159912109e-02
-7.936984300613403320e-03
-7.421684265136718750e-02
-1.957883313298225403e-02
-6.361424922943115234e-02
-3.613308444619178772e-02
1.082710102200508118e-01
-2.721827924251556396e-01
1.822254210710525513e-01
1.773288697004318237e-01
7.030223309993743896e-02
1.990886032581329346e-01
5.864278972148895264e-02
9.933736175298690796e-03
-2.498310990631580353e-02
2.355737239122390747e-02
-1.931301653385162354e-01
2.357742562890052795e-02
1.498948037624359131e-01
-8.198220282793045044e-02
9.894350171089172363e-02
-1.191091351211071014e-02
