-1.888411492109298706e-01
6.380538642406463623e-02
4.660100489854812622e-02
-1.281979531049728394e-01
-1.128503754734992981e-01
3.421701956540346146e-03
-4.856718331575393677e-02
-1.251673698425292969e-01
2.039482295513153076e-01
-1.617696881294250488e-01
2.544081509113311768e-01
-2.815608866512775421e-02
-1.952427476644515991e-01
-5.675528571009635925e-02
-6.469175219535827637e-02
2.013829648494720459e-01
-2.606545090675354004e-01
-1.677411496639251709e-01
-4.676023870706558228e-02
2.703316509723663330e-02
5.097277462482452393e-02
5.645151715725660324e-03
-1.037079188972711563e-02
4.475611820816993713e-02
-7.799839973449707031e-02
-3.895850479602813721e-01
-9.024911373853683472e-02
-9.470584988594055176e-02
4.520986601710319519e-02
-8.649153262376785278e-02
-4.320998862385749817e-02
-6.344345957040786743e-02
-2.563509941101074219e-01
-3.485343605279922485e-02
-5.352209135890007019e-02
1.394451111555099487e-01
-4.166943579912185669e-02
-1.299418658018112183e-01
1.411656439304351807e-01
1.456024218350648880e-02
-2.536468207836151123e-01
-3.337048459798097610e-03
2.506632916629314423e-02
2.837415933609008789e-01
1.993118077516555786e-01
2.439547888934612274e-02
-2.165551669895648956e-02
-1.035753563046455383e-01
1.473042964935302734e-01
-2.288303673267364502e-01
-2.403517439961433411e-02
8.563777804374694824e-02
6.019883230328559875e-02
4.062863439321517944e-02
-3.825128078460693359e-04
-1.231510937213897705e-01
5.887332558631896973e-02
1.304403990507125854e-01
-1.775609105825424194e-01
3.867131471633911133e-02
8.429741114377975464e-02
-9.227699786424636841e-02
6.905112415552139282e-03
-8.780435472726821899e-02
2.903724610805511475e-01
9.845320880413055420e-02
-1.371244937181472778e-01
-1.540770977735519409e-01
1.013879254460334778e-01
-1.340867429971694946e-01
-6.106775254011154175e-02
1.091543212532997131e-02
-1.281119883060455322e-01
-2.051429897546768188e-01
-2.850037813186645508e-01
3.546537458896636963e-02
4.695662856101989746e-01
8.552934974431991577e-02
-1.614258587360382080e-01
5.337085202336311340e-02
-5.194217339158058167e-02
-2.999540045857429504e-02
1.353807896375656128e-01
1.703470945358276367e-01
-4.524532705545425415e-03
4.475744068622589111e-02
-1.373867243528366089e-01
1.196161936968564987e-02
2.718285024166107178e-01
-6.711966544389724731e-02
2.433935739099979401e-02
2.054632157087326050e-01
-6.876941025257110596e-02
2.794092521071434021e-02
1.693591848015785217e-02
5.289501696825027466e-02
-1.113357990980148315e-01
1.009163260459899902e-01
-9.975493699312210083e-02
7.109726779162883759e-03
6.099996715784072876e-02
-8.982066810131072998e-02
-2.010161522775888443e-03
7.517768442630767822e-02
-1.442565917968750000e-01
1.209230497479438782e-01
1.664315722882747650e-02
1.839338243007659912e-02
5.978725105524063110e-02
-2.710916288197040558e-02
-1.076323986053466797e-01
-8.592408895492553711e-02
1.440835297107696533e-01
-2.332760393619537354e-01
2.621735632419586182e-01
2.210018187761306763e-01
5.093239247798919678e-02
1.720868647098541260e-01
1.137606352567672729e-01
1.035946086049079895e-01
-3.355238214135169983e-02
6.607982516288757324e-02
-1.999500244855880737e-01
-3.198631852865219116e-02
6.119124591350555420e-02
-1.683594472706317902e-02
1.201147362589836121e-01
8.496729657053947449e-03
