-6.867497414350509644e-02
3.002804704010486603e-03
2.257038839161396027e-02
-7.172547280788421631e-02
-1.342165619134902954e-01
2.408176101744174957e-02
-3.718171641230583191e-02
-1.186888888478279114e-01
1.206499412655830383e-01
-1.229430437088012695e-01
2.911759912967681885e-01
-1.016195565462112427e-01
-1.718095839023590088e-01
-9.752376377582550049e-02
-7.420674711465835571e-02
2.195030599832534790e-01
-2.074892073869705200e-01
-1.542153805494308472e-01
-4.016838967800140381e-02
1.785423420369625092e-02
3.282844275236129761e-02
-6.751026492565870285e-03
1.257334370166063309e-02
3.489329293370246887e-02
-1.000147908926010132e-01
-4.019998311996459961e-01
-7.415115088224411011e-02
-8.063009381294250488e-02
5.703824013471603394e-02
-3.512589260935783386e-02
-7.598502188920974731e-02
7.544194161891937256e-02
-2.029918581247329712e-01
-4.225283861160278320e-02
4.277355223894119263e-02
7.168354094028472900e-02
1.468260679394006729e-02
-2.903548814356327057e-02
1.277733147144317627e-01
-1.981411874294281006e-02
-2.671903669834136963e-01
-8.282048627734184265e-03
1.431209743022918701e-01
2.251279354095458984e-01
1.575792580842971802e-01
1.043212488293647766e-01
-1.465882174670696259e-02
-1.225517019629478455e-01
8.517488837242126465e-02
-1.412640959024429321e-01
4.831401258707046509e-02
5.185247212648391724e-02
1.307142972946166992e-01
3.424570709466934204e-02
5.584008991718292236e-03
-1.024816781282424927e-01
1.731572672724723816e-03
1.413872241973876953e-01
-1.526626646518707275e-01
2.813551574945449829e-02
8.246579766273498535e-02
-3.769392520189285278e-02
1.044537313282489777e-02
-1.361753791570663452e-01
2.887216210365295410e-01
8.651116490364074707e-02
-1.171275302767753601e-01
-1.438563317060470581e-01
1.425534635782241821e-01
-1.232763007283210754e-01
-1.138956174254417419e-01
7.070230320096015930e-03
-1.276432275772094727e-01
-1.552331298589706421e-01
-3.372428715229034424e-01
-2.936504408717155457e-02
3.927491903305053711e-01
9.788163006305694580e-02
-1.838649213314056396e-01
9.877846576273441315e-03
4.969431832432746887e-02
-1.028073392808437347e-02
1.670277714729309082e-01
1.514587402343750000e-01
-2.413093857467174530e-02
1.745269820094108582e-02
-6.420463323593139648e-02
-2.759468182921409607e-02
2.429527789354324341e-01
-5.451019480824470520e-02
-1.358775049448013306e-02
1.478395164012908936e-01
-6.849467009305953979e-02
6.873145699501037598e-02
4.629450850188732147e-03
3.002519719302654266e-02
-6.643532216548919678e-02
9.367094933986663818e-02
-1.736439019441604614e-01
7.548703812062740326e-03
-4.366315156221389771e-02
1.957183703780174255e-02
1.881229877471923828e-02
1.008451282978057861e-01
-1.022343710064888000e-01
8.076544106006622314e-02
5.342099815607070923e-03
1.170555688440799713e-02
3.415986150503158569e-02
3.841979056596755981e-02
-6.746029853820800781e-02
-9.058853983879089355e-02
9.171433746814727783e-02
-2.198693007230758667e-01
2.103404998779296875e-01
1.654693037271499634e-01
1.083310618996620178e-01
1.142206266522407532e-01
1.184769645333290100e-01
7.114484161138534546e-02
2.133862115442752838e-03
-2.018950879573822021e-03
-2.367884814739227295e-01
-1.983073353767395020e-02
1.326838582754135132e-01
-1.310328245162963867e-01
1.338309049606323242e-01
1.615526527166366577e-02
