-9.639897197484970093e-02
6.365128606557846069e-02
8.988548070192337036e-02
-8.754321932792663574e-02
-1.702919602394104004e-01
-1.678609289228916168e-02
-9.972149133682250977e-02
-1.536432951688766479e-01
1.448870748281478882e-01
-1.147836670279502869e-01
3.086650967597961426e-01
-8.497703820466995239e-02
-2.391631305217742920e-01
-8.450004458427429199e-02
-4.237391799688339233e-02
2.371068894863128662e-01
-1.374965161085128784e-01
-1.465612500905990601e-01
3.407941386103630066e-02
3.553028032183647156e-02
3.398400172591209412e-02
-3.874832764267921448e-02
6.279183179140090942e-02
7.919236272573471069e-02
-1.450424194335937500e-01
-4.310346543788909912e-01
-1.090021058917045593e-01
-8.186519891023635864e-02
6.221677176654338837e-03
-4.567183926701545715e-02
-6.297045946121215820e-02
9.795574098825454712e-02
-2.320951968431472778e-01
-1.849452033638954163e-03
8.363598026335239410e-03
1.682119667530059814e-01
-5.270709469914436340e-02
-9.555707871913909912e-02
1.009439826011657715e-01
-4.291405156254768372e-02
-3.155060708522796631e-01
-5.044920369982719421e-02
6.914882361888885498e-02
2.182098627090454102e-01
1.243729889392852783e-01
-9.296577423810958862e-03
6.608686596155166626e-02
-6.208071485161781311e-02
6.200591474771499634e-02
-1.829050481319427490e-01
3.134725987911224365e-02
8.142951875925064087e-02
8.030178397893905640e-02
2.345613017678260803e-02
-2.181130461394786835e-03
-1.351918131113052368e-01
3.249488398432731628e-02
1.465974301099777222e-01
-2.352079749107360840e-01
-4.085782915353775024e-03
1.125965416431427002e-01
-9.321605414152145386e-02
-2.018880657851696014e-02
-1.348869651556015015e-01
2.388987392187118530e-01
1.623231172561645508e-01
-1.457144320011138916e-01
-1.494624018669128418e-01
1.166031435132026672e-01
-1.412269771099090576e-01
8.418466895818710327e-03
7.288054376840591431e-02
-1.740595102310180664e-01
-2.247856408357620239e-01
-3.440178334712982178e-01
1.440840214490890503e-02
3.804805278778076172e-01
1.042592898011207581e-01
-1.063618585467338562e-01
9.835930541157722473e-03
2.127406746149063110e-02
1.745898649096488953e-02
3.538338840007781982e-02
1.293508559465408325e-01
2.556668221950531006e-02
6.121908873319625854e-02
-1.201149076223373413e-01
5.716933310031890869e-02
1.870664209127426147e-01
-1.287511587142944336e-01
5.916086211800575256e-02
2.069974392652511597e-01
-8.024596422910690308e-02
4.883530363440513611e-02
-4.010310396552085876e-02
1.161276996135711670e-01
-1.104388907551765442e-01
7.914195954799652100e-02
-1.032684370875358582e-01
7.521847635507583618e-02
-5.663789808750152588e-02
-5.574835464358329773e-02
1.435613259673118591e-02
5.014548823237419128e-02
-1.351394504308700562e-01
8.353598415851593018e-02
1.071867346763610840e-02
-6.713013164699077606e-03
-1.165097579360008240e-03
8.319641463458538055e-03
-9.451594203710556030e-02
-1.394125670194625854e-01
1.018388420343399048e-01
-2.588794827461242676e-01
2.034956514835357666e-01
1.912281960248947144e-01
6.844615936279296875e-02
1.539115011692047119e-01
8.571305871009826660e-02
8.808177709579467773e-02
-1.951609551906585693e-02
-8.627998828887939453e-02
-1.588284224271774292e-01
-2.049148641526699066e-02
7.716868072748184204e-02
-9.800773113965988159e-02
3.754709661006927490e-02
6.266550160944461823e-03
