-9.344867616891860962e-02
8.734118938446044922e-02
2.152491733431816101e-02
-1.392740756273269653e-01
-1.268752515316009521e-01
2.415203023701906204e-03
-7.290934771299362183e-02
-1.074443086981773376e-01
1.667608171701431274e-01
-2.093151807785034180e-01
2.039946317672729492e-01
-9.152276068925857544e-02
-2.105717211961746216e-01
-9.625634551048278809e-02
-3.732474520802497864e-02
2.398120462894439697e-01
-2.412553876638412476e-01
-1.703183501958847046e-01
-1.595890894532203674e-02
2.647847495973110199e-02
8.982011675834655762e-02
1.599222654476761818e-03
1.755665172822773457e-03
8.791195601224899292e-02
-8.972363919019699097e-02
-3.881981074810028076e-01
-7.520911097526550293e-02
-7.120943814516067505e-02
1.939744502305984497e-02
-8.782079070806503296e-02
-3.490964695811271667e-02
8.310640230774879456e-03
-2.086355388164520264e-01
-3.589525446295738220e-02
-5.469509214162826538e-02
8.212046325206756592e-02
5.542539060115814209e-03
-1.021288335323333740e-01
1.282918602228164673e-01
1.515070069581270218e-02
-3.045732676982879639e-01
5.217406898736953735e-02
-7.860080339014530182e-03
2.325709313154220581e-01
1.715599000453948975e-01
2.045074477791786194e-02
3.420017287135124207e-02
-1.610997617244720459e-01
1.441277861595153809e-01
-1.928895115852355957e-01
-5.713784694671630859e-02
1.110484227538108826e-01
-1.763306930661201477e-02
-1.490062940865755081e-02
-9.864483959972858429e-03
-8.267316222190856934e-02
6.421945989131927490e-02
1.184038966894149780e-01
-2.129011154174804688e-01
1.066481880843639374e-02
1.180015355348587036e-01
-6.124572828412055969e-02
4.448274150490760803e-02
-9.497114270925521851e-02
1.929650306701660156e-01
7.887557148933410645e-02
-7.901235669851303101e-02
-2.095673084259033203e-01
1.305133104324340820e-01
-1.917741298675537109e-01
-6.661127507686614990e-02
5.941705405712127686e-02
-9.639312326908111572e-02
-1.829971224069595337e-01
-2.658083736896514893e-01
-3.867686539888381958e-02
3.800272345542907715e-01
1.258845627307891846e-01
-1.274725943803787231e-01
6.748192012310028076e-02
-1.719116698950529099e-05
-3.805944323539733887e-02
1.838677525520324707e-01
1.953909546136856079e-01
3.502105176448822021e-02
2.635225281119346619e-02
-9.209429472684860229e-02
3.317305445671081543e-02
2.493127137422561646e-01
-4.716328531503677368e-02
4.040298610925674438e-02
2.386041730642318726e-01
-1.049641612917184830e-02
4.261232167482376099e-02
3.633728250861167908e-02
5.373767763376235962e-02
-1.249792277812957764e-01
1.279454082250595093e-01
-9.496338665485382080e-02
5.134709179401397705e-02
4.735887050628662109e-04
-5.373445153236389160e-02
6.255341693758964539e-03
8.088150620460510254e-02
-1.012084856629371643e-01
1.602607518434524536e-01
-6.199060752987861633e-02
2.497996762394905090e-02
-6.091729737818241119e-03
7.106040138751268387e-04
-5.375080555677413940e-02
-5.339895561337471008e-02
1.223460361361503601e-01
-1.692414134740829468e-01
1.700603812932968140e-01
2.046224176883697510e-01
5.252501741051673889e-02
1.036553010344505310e-01
1.047442406415939331e-01
1.073062345385551453e-01
-3.486461192369461060e-02
-1.857587881386280060e-02
-2.609358727931976318e-01
-2.021818235516548157e-02
7.749740034341812134e-02
-9.072515368461608887e-02
1.160999834537506104e-01
-2.407500520348548889e-02
