-1.414703130722045898e-01
4.911295697093009949e-02
3.269391506910324097e-02
-8.896814286708831787e-02
-1.651933640241622925e-01
-2.058730274438858032e-02
-1.001870334148406982e-01
-1.922563612461090088e-01
1.131596788763999939e-01
-1.053570061922073364e-01
2.613598704338073730e-01
-8.046989887952804565e-02
-2.311092764139175415e-01
-9.389463812112808228e-02
-3.977187722921371460e-02
2.502842843532562256e-01
-2.045141011476516724e-01
-1.694701611995697021e-01
-1.830405183136463165e-02
2.022719755768775940e-02
3.757121786475181580e-02
-4.482433944940567017e-02
7.984210550785064697e-02
5.919922888278961182e-02
-1.400897055864334106e-01
-4.258737266063690186e-01
-7.903678715229034424e-02
-7.949344813823699951e-02
-2.698288857936859131e-02
2.267084270715713501e-02
-3.628700226545333862e-02
4.156852141022682190e-02
-2.253717333078384399e-01
-6.728062406182289124e-03
5.691567808389663696e-02
9.898547828197479248e-02
5.653832480311393738e-02
-1.085770055651664734e-01
1.374775469303131104e-01
-2.219555154442787170e-02
-3.040882349014282227e-01
-3.555768169462680817e-03
1.097499355673789978e-01
1.908549815416336060e-01
1.426970064640045166e-01
3.543669730424880981e-02
6.902511417865753174e-02
-1.441205441951751709e-01
1.231540217995643616e-01
-1.368128657341003418e-01
2.339860424399375916e-02
8.861202746629714966e-02
2.523526921868324280e-02
-4.426023364067077637e-02
2.970791235566139221e-02
-1.402355581521987915e-01
4.449153691530227661e-02
1.625407487154006958e-01
-1.471041887998580933e-01
-2.543621137738227844e-02
1.167593225836753845e-01
-1.389683037996292114e-02
-3.321498259902000427e-02
-1.904279142618179321e-01
2.746457159519195557e-01
1.244809553027153015e-01
-1.172623932361602783e-01
-1.954074054956436157e-01
1.099364161491394043e-01
-8.553716540336608887e-02
-7.026676088571548462e-02
2.515150234103202820e-02
-2.102617621421813965e-01
-1.857134699821472168e-01
-3.337188363075256348e-01
-3.526169061660766602e-02
3.621329069137573242e-01
1.073382720351219177e-01
-1.738153994083404541e-01
4.994644224643707275e-02
-1.102048438042402267e-03
4.588977247476577759e-02
1.026616543531417847e-01
1.719200909137725830e-01
3.921091929078102112e-02
5.360352620482444763e-02
-9.087707102298736572e-02
-2.446693740785121918e-02
2.355157881975173950e-01
-7.094493508338928223e-02
3.315049037337303162e-02
2.348533421754837036e-01
-6.183572113513946533e-02
2.811825647950172424e-02
-2.598958835005760193e-02
1.875993609428405762e-02
-1.361637264490127563e-01
7.483965903520584106e-02
-1.185268759727478027e-01
-2.298003062605857849e-02
5.209845956414937973e-03
2.883102744817733765e-02
5.339920148253440857e-02
9.508724510669708252e-02
-1.860522329807281494e-01
3.568223118782043457e-02
-5.219042301177978516e-02
4.659961909055709839e-02
3.915757685899734497e-02
1.000918331556022167e-03
-2.646314166486263275e-02
-1.004855409264564514e-01
7.474558055400848389e-02
-2.208267897367477417e-01
1.979762017726898193e-01
1.866837292909622192e-01
8.372820168733596802e-02
1.119452938437461853e-01
1.082503050565719604e-01
7.946619391441345215e-02
-2.527707256376743317e-02
4.699876904487609863e-02
-2.152786850929260254e-01
-4.739809315651655197e-03
9.608186036348342896e-02
-1.124399825930595398e-01
8.357416093349456787e-02
1.129762548953294754e-02
