-1.085477769374847412e-01
8.786245435476303101e-02
1.512121502310037613e-02
-1.359102278947830200e-01
-1.245857477188110352e-01
-8.598688989877700806e-03
-8.435780555009841919e-02
-1.210482046008110046e-01
1.790959388017654419e-01
-1.736695766448974609e-01
1.875574290752410889e-01
-8.673954755067825317e-02
-1.641472876071929932e-01
-1.031793951988220215e-01
-7.082647085189819336e-02
2.278280407190322876e-01
-1.736185848712921143e-01
-1.682707369327545166e-01
1.799351535737514496e-03
9.227246046066284180e-03
8.952023833990097046e-02
-2.807076461613178253e-02
4.607900604605674744e-02
6.300225853919982910e-02
-1.220187917351722717e-01
-3.567982316017150879e-01
-1.029739454388618469e-01
-6.706041842699050903e-02
-4.700618982315063477e-02
-5.636859685182571411e-02
1.629863865673542023e-03
8.821223676204681396e-02
-1.968887746334075928e-01
-1.094266772270202637e-03
5.290980450809001923e-03
9.781892597675323486e-02
1.503891684114933014e-02
-1.020849868655204773e-01
1.789482235908508301e-01
-5.463436245918273926e-03
-2.652096152305603027e-01
-3.733969852328300476e-02
5.187916010618209839e-02
2.164419442415237427e-01
1.019285023212432861e-01
-4.340104013681411743e-02
5.712082237005233765e-02
-1.488333493471145630e-01
1.269323825836181641e-01
-1.534087210893630981e-01
1.793565973639488220e-02
1.432579606771469116e-01
1.602001674473285675e-02
1.134136691689491272e-02
3.876112401485443115e-02
-6.105790659785270691e-02
7.509519904851913452e-02
1.214878410100936890e-01
-8.785350620746612549e-02
-1.687150821089744568e-02
1.057344377040863037e-01
-5.115742981433868408e-02
-4.653280973434448242e-02
-1.516414433717727661e-01
2.669637501239776611e-01
1.284290105104446411e-01
-9.388246387243270874e-02
-2.272038608789443970e-01
1.309086978435516357e-01
-6.086303293704986572e-02
-9.960133582353591919e-02
4.275412112474441528e-02
-1.781106889247894287e-01
-1.579917073249816895e-01
-2.639579474925994873e-01
4.700794816017150879e-03
3.389834761619567871e-01
1.054979786276817322e-01
-1.517947167158126831e-01
1.016625761985778809e-01
-5.230319127440452576e-02
-1.095363497734069824e-02
8.269247412681579590e-02
2.058035135269165039e-01
-1.083556003868579865e-02
8.629828691482543945e-02
-3.854532539844512939e-02
5.375308915972709656e-02
2.398358285427093506e-01
-9.615041315555572510e-02
-9.804354049265384674e-03
1.896937191486358643e-01
-3.920348733663558960e-02
6.295161694288253784e-02
-1.954123750329017639e-02
-4.351107776165008545e-02
-8.149471133947372437e-02
1.057774499058723450e-01
-1.132011264562606812e-01
2.540832012891769409e-02
8.463441580533981323e-02
-1.060548983514308929e-02
-8.950224146246910095e-03
1.255849450826644897e-01
-1.537546962499618530e-01
7.909175753593444824e-02
-3.956856578588485718e-02
4.313016310334205627e-03
2.379818260669708252e-02
1.015597209334373474e-02
-9.935235232114791870e-02
-7.170146703720092773e-02
1.002301573753356934e-01
-1.645172089338302612e-01
2.043012678623199463e-01
1.289157867431640625e-01
8.217902481555938721e-02
9.728588908910751343e-02
1.694104671478271484e-01
1.259976476430892944e-01
3.040666505694389343e-02
5.104607902467250824e-03
-1.923047155141830444e-01
1.749402657151222229e-02
1.529834717512130737e-01
-3.791600093245506287e-02
5.128552392125129700e-02
-1.712784729897975922e-02
