-1.146927475929260254e-01
4.182314872741699219e-02
3.901215642690658569e-02
-7.019746303558349609e-02
-1.321933716535568237e-01
-1.769989356398582458e-02
-7.284743338823318481e-02
-1.664950996637344360e-01
7.378143817186355591e-02
-2.110847532749176025e-01
2.206916958093643188e-01
-1.225070580840110779e-01
-2.813598513603210449e-01
-3.222726657986640930e-02
-3.937101736664772034e-02
2.276324629783630371e-01
-2.168280035257339478e-01
-1.996509432792663574e-01
-3.772521018981933594e-02
2.470846474170684814e-02
5.659718066453933716e-02
-5.139140039682388306e-02
2.291706390678882599e-02
5.287661775946617126e-02
-4.316603764891624451e-02
-4.309921562671661377e-01
-1.249535977840423584e-01
-2.583459019660949707e-03
-3.568931668996810913e-02
-3.421687521040439606e-03
-3.593156486749649048e-02
5.243661627173423767e-02
-1.819528490304946899e-01
2.818885631859302521e-02
1.224124152213335037e-02
8.369953185319900513e-02
-1.569376792758703232e-03
-1.261663734912872314e-01
1.708361804485321045e-01
-2.224908396601676941e-02
-2.816248834133148193e-01
2.814854308962821960e-02
1.287225782871246338e-01
2.312695086002349854e-01
1.788775622844696045e-01
4.277151450514793396e-02
5.990781821310520172e-03
-1.081750988960266113e-01
1.325393319129943848e-01
-1.888305246829986572e-01
8.181761018931865692e-03
1.390379965305328369e-01
7.683207839727401733e-02
-4.682286642491817474e-03
3.827500715851783752e-02
-1.321774125099182129e-01
2.993647009134292603e-02
1.413677930831909180e-01
-1.526845693588256836e-01
4.449699539691209793e-03
9.791044145822525024e-02
-6.476237624883651733e-02
-4.784917924553155899e-03
-1.796975284814834595e-01
2.280077636241912842e-01
1.336216628551483154e-01
-1.105411127209663391e-01
-2.153870761394500732e-01
1.759045571088790894e-01
-1.587117463350296021e-01
-7.929596304893493652e-02
1.342579349875450134e-02
-1.982116252183914185e-01
-2.003965526819229126e-01
-2.542880773544311523e-01
-3.001440688967704773e-02
3.694132268428802490e-01
1.138612255454063416e-01
-1.079094037413597107e-01
7.964095473289489746e-02
4.840506613254547119e-02
-2.441669628024101257e-02
1.155993714928627014e-01
1.900348663330078125e-01
2.165294624865055084e-02
-1.163600850850343704e-02
-8.896056562662124634e-02
-4.010298289358615875e-03
2.447582334280014038e-01
-5.306914448738098145e-02
-1.959016919136047363e-02
2.082106471061706543e-01
-4.698499664664268494e-02
1.089368946850299835e-02
3.583476319909095764e-02
-6.346583366394042969e-03
-8.659502118825912476e-02
7.259829342365264893e-02
-1.911225765943527222e-01
1.685222238302230835e-02
-7.363565266132354736e-02
-7.898746430873870850e-02
-2.409429848194122314e-02
6.362308561801910400e-02
-1.099997535347938538e-01
6.251748651266098022e-02
-4.419331997632980347e-02
4.933208599686622620e-02
2.366340253502130508e-03
1.818221993744373322e-02
-1.138070672750473022e-01
-6.151230633258819580e-02
8.100112527608871460e-02
-2.433178424835205078e-01
1.713659763336181641e-01
1.825584769248962402e-01
8.755391836166381836e-02
1.045161336660385132e-01
1.071309894323348999e-01
1.246881633996963501e-01
2.664756774902343750e-02
1.640871912240982056e-02
-2.564377188682556152e-01
-5.050153657793998718e-02
9.089578688144683838e-02
-4.208476096391677856e-02
6.617186963558197021e-02
2.269782684743404388e-02
