-1.557163149118423462e-01
6.099335104227066040e-02
1.027211546897888184e-02
-1.622481048107147217e-01
-1.346496939659118652e-01
-3.059963881969451904e-02
-2.750975638628005981e-02
-1.380604207515716553e-01
1.588769406080245972e-01
-1.594660580158233643e-01
2.828370630741119385e-01
-1.137063652276992798e-01
-1.984916627407073975e-01
-1.152738258242607117e-01
-3.891749680042266846e-02
2.046795785427093506e-01
-2.133920043706893921e-01
-1.087887734174728394e-01
-1.141661778092384338e-02
3.416455909609794617e-02
1.109727025032043457e-01
-9.094521403312683105e-03
1.962826773524284363e-02
1.023674905300140381e-01
-6.842122972011566162e-02
-4.292592704296112061e-01
-1.322628110647201538e-01
-7.059058547019958496e-02
-2.507742866873741150e-02
-3.087731776759028435e-03
-1.472440548241138458e-03
2.173640951514244080e-02
-2.354871183633804321e-01
-4.259736463427543640e-02
-2.192860282957553864e-02
6.401967257261276245e-02
-3.939161077141761780e-02
-7.250089198350906372e-02
1.269052326679229736e-01
-2.223932370543479919e-02
-2.405412048101425171e-01
-2.849601581692695618e-02
6.491701304912567139e-02
2.003873139619827271e-01
1.194930970668792725e-01
3.862032294273376465e-02
3.113977238535881042e-02
-1.331191956996917725e-01
1.021435335278511047e-01
-1.431040167808532715e-01
-1.046770066022872925e-02
1.020189002156257629e-01
5.134601518511772156e-02
1.315237209200859070e-02
1.155067607760429382e-02
-7.665906101465225220e-02
4.232306405901908875e-02
1.452506333589553833e-01
-1.488773524761199951e-01
-2.181711979210376740e-02
8.029063045978546143e-02
-6.973480433225631714e-02
-5.261982977390289307e-02
-1.504856646060943604e-01
2.873454391956329346e-01
1.353367269039154053e-01
-1.299063563346862793e-01
-1.905560195446014404e-01
1.301886588335037231e-01
-1.178499832749366760e-01
-9.369609504938125610e-02
2.187504619359970093e-02
-1.732438057661056519e-01
-1.718675047159194946e-01
-3.098598420619964600e-01
8.411220274865627289e-03
3.598338961601257324e-01
8.593757450580596924e-02
-1.575295627117156982e-01
2.959710732102394104e-02
-4.327688366174697876e-02
4.660001769661903381e-02
1.466268748044967651e-01
1.710313260555267334e-01
2.294838428497314453e-03
3.684549778699874878e-02
-7.266408950090408325e-02
1.658308506011962891e-02
1.832047998905181885e-01
-9.053205698728561401e-02
-8.851619204506278038e-04
2.244731783866882324e-01
-3.929257392883300781e-02
9.574160724878311157e-02
5.634988192468881607e-03
-1.204142626374959946e-02
-7.027618587017059326e-02
8.280042558908462524e-02
-1.007405817508697510e-01
7.090550661087036133e-02
3.087943047285079956e-02
-9.453695267438888550e-03
-2.440734067931771278e-03
9.174415469169616699e-02
-1.267905235290527344e-01
9.922032803297042847e-02
-1.051069423556327820e-02
2.979734539985656738e-02
2.218927443027496338e-02
-8.248065598309040070e-03
-9.228596836328506470e-02
-9.089412540197372437e-02
6.680120527744293213e-02
-2.109216600656509399e-01
2.172966897487640381e-01
1.502410173416137695e-01
4.094330221414566040e-02
1.425891965627670288e-01
1.114794760942459106e-01
1.001158654689788818e-01
-3.894822299480438232e-02
-5.128342658281326294e-03
-2.341821342706680298e-01
1.659415848553180695e-02
1.550850421190261841e-01
-5.608632788062095642e-02
8.625405281782150269e-02
-4.469924792647361755e-02
