-1.120965257287025452e-01
3.203261643648147583e-02
7.072702050209045410e-02
-1.216629520058631897e-01
-1.757130920886993408e-01
7.348419167101383209e-04
-1.258875578641891479e-01
-9.275201708078384399e-02
1.270235031843185425e-01
-1.938655078411102295e-01
2.339577376842498779e-01
-1.096312552690505981e-01
-1.909196674823760986e-01
-3.070811182260513306e-02
-5.368638783693313599e-02
2.288801521062850952e-01
-1.572640389204025269e-01
-1.569658815860748291e-01
-9.288018569350242615e-03
1.696777530014514923e-02
5.445838347077369690e-02
-1.073359791189432144e-02
-1.461531501263380051e-02
-5.891295149922370911e-04
-1.242145150899887085e-01
-3.960014879703521729e-01
-1.031110212206840515e-01
-6.550076603889465332e-02
-5.896864086389541626e-02
-4.704185575246810913e-02
-3.663434833288192749e-02
3.463589027523994446e-02
-1.543978303670883179e-01
2.097630314528942108e-02
1.574741676449775696e-02
6.849016249179840088e-02
-2.799795474857091904e-03
-3.203518688678741455e-02
1.422813385725021362e-01
3.573086112737655640e-02
-3.310993313789367676e-01
6.107104942202568054e-02
6.260420382022857666e-02
2.083851248025894165e-01
1.665406823158264160e-01
3.789761289954185486e-02
2.347198128700256348e-02
-1.106496900320053101e-01
1.588905453681945801e-01
-1.642127335071563721e-01
2.326229773461818695e-02
1.185390129685401917e-01
8.952774107456207275e-02
-2.364440262317657471e-02
3.242015838623046875e-02
-5.546801164746284485e-02
1.904768496751785278e-02
1.435711979866027832e-01
-1.842360496520996094e-01
5.127341672778129578e-02
1.506509631872177124e-01
-3.189609199762344360e-02
-3.745137900114059448e-02
-1.403658390045166016e-01
1.863193809986114502e-01
1.301176398992538452e-01
-1.281582415103912354e-01
-2.496680021286010742e-01
1.178150400519371033e-01
-1.376725435256958008e-01
-1.130804046988487244e-01
6.409353017807006836e-02
-1.893042623996734619e-01
-2.058335989713668823e-01
-2.966254949569702148e-01
-2.564703300595283508e-02
3.820583522319793701e-01
1.024917811155319214e-01
-1.405597627162933350e-01
2.956917136907577515e-02
4.217398166656494141e-02
-3.216627612709999084e-02
8.937406539916992188e-02
1.597907245159149170e-01
1.051542535424232483e-02
3.340708836913108826e-02
-3.170992061495780945e-02
-1.103616878390312195e-02
2.551252245903015137e-01
-6.409791857004165649e-02
-1.625775173306465149e-02
2.015532553195953369e-01
-5.748119205236434937e-02
8.694259077310562134e-02
-4.500748962163925171e-02
2.224775031208992004e-02
-9.159557521343231201e-02
4.824478551745414734e-02
-1.231764853000640869e-01
-2.011328935623168945e-02
-4.243243113160133362e-02
-3.645664453506469727e-02
-7.322376128286123276e-03
8.521976321935653687e-02
-1.529059410095214844e-01
1.723354607820510864e-01
-7.214328646659851074e-02
6.136886402964591980e-02
-4.524728655815124512e-02
6.263646483421325684e-02
-7.676005363464355469e-02
-1.104802824556827545e-02
1.265487819910049438e-01
-1.687526702880859375e-01
1.700713336467742920e-01
1.891668140888214111e-01
1.359795480966567993e-01
4.674883186817169189e-02
1.665699183940887451e-01
4.598015919327735901e-03
1.455995533615350723e-02
3.401665389537811279e-02
-2.580455839633941650e-01
-4.778512567281723022e-02
5.237068980932235718e-02
-1.030731350183486938e-01
1.072588339447975159e-01
2.366459555923938751e-02
