-1.001802906394004822e-01
9.388904273509979248e-02
-9.212102741003036499e-04
-8.612595498561859131e-02
-1.452782601118087769e-01
5.229835864156484604e-03
-8.729383349418640137e-02
-1.592689603567123413e-01
1.498171836137771606e-01
-2.506505846977233887e-01
2.117682397365570068e-01
-9.707374870777130127e-02
-2.150865644216537476e-01
-7.861454784870147705e-02
-5.262878537178039551e-02
1.992545127868652344e-01
-2.165337055921554565e-01
-1.353744864463806152e-01
-2.097675949335098267e-02
5.791432224214076996e-03
8.475685119628906250e-02
5.727108102291822433e-03
-2.046935446560382843e-02
4.068662226200103760e-02
-5.993600934743881226e-02
-3.987565338611602783e-01
-1.382315307855606079e-01
-6.735251843929290771e-02
3.206485882401466370e-03
-6.326279789209365845e-02
-4.288250207901000977e-02
1.024864893406629562e-02
-1.522236317396163940e-01
3.671005368232727051e-03
-3.220408037304878235e-02
8.766984939575195312e-02
-8.132506161928176880e-03
-6.631151586771011353e-02
1.088806092739105225e-01
3.506042994558811188e-03
-2.298287302255630493e-01
1.279611699283123016e-02
4.847628623247146606e-02
2.282045185565948486e-01
1.579839736223220825e-01
5.366241559386253357e-02
-1.205379702150821686e-02
-1.146349310874938965e-01
1.596984565258026123e-01
-1.244250982999801636e-01
-2.930675819516181946e-02
9.228296577930450439e-02
1.182757243514060974e-01
3.765833005309104919e-02
3.219623118638992310e-02
-1.324250698089599609e-01
5.007138103246688843e-02
1.619889140129089355e-01
-1.727689504623413086e-01
5.787241738289594650e-03
6.936548650264739990e-02
-6.736740469932556152e-02
5.149421282112598419e-03
-6.324739009141921997e-02
2.710600197315216064e-01
1.178409606218338013e-01
-1.005465909838676453e-01
-1.739403903484344482e-01
1.653013080358505249e-01
-1.617429554462432861e-01
-7.330917567014694214e-02
4.916833713650703430e-03
-1.620237082242965698e-01
-1.881956756114959717e-01
-2.306567877531051636e-01
-2.035864442586898804e-02
3.676007688045501709e-01
1.216579824686050415e-01
-1.395168304443359375e-01
1.672363653779029846e-02
2.067823708057403564e-02
-1.583195663988590240e-02
1.697039753198623657e-01
1.661930978298187256e-01
-7.690742611885070801e-03
-3.370921686291694641e-02
-6.842205673456192017e-02
-2.182215452194213867e-03
2.293068170547485352e-01
-7.059759646654129028e-02
1.465128734707832336e-04
2.091909050941467285e-01
-3.934036195278167725e-02
8.457088470458984375e-02
-9.330803528428077698e-03
-6.783373653888702393e-02
-8.427904546260833740e-02
1.018224358558654785e-01
-9.560106694698333740e-02
3.385160118341445923e-02
-3.485988080501556396e-02
-8.525371551513671875e-02
-3.295990452170372009e-02
6.866081804037094116e-02
-1.209101006388664246e-01
1.139969453215599060e-01
1.535672461614012718e-03
4.661776870489120483e-02
-7.476705592125654221e-03
5.796019919216632843e-03
-1.171320900321006775e-01
-2.940015681087970734e-02
1.412414461374282837e-01
-2.309022992849349976e-01
2.301111072301864624e-01
1.959386318922042847e-01
6.871973723173141479e-02
1.450342088937759399e-01
9.927380084991455078e-02
8.482017368078231812e-02
2.039786987006664276e-02
-3.346119448542594910e-02
-2.591575384140014648e-01
-1.870947517454624176e-02
1.163212731480598450e-01
-1.064867824316024780e-01
6.272497773170471191e-02
-2.567612938582897186e-02
