-1.549526453018188477e-01
9.288919717073440552e-02
1.432761829346418381e-02
-1.063802540302276611e-01
-9.986504912376403809e-02
-3.115575388073921204e-02
-9.962765872478485107e-02
-1.247518509626388550e-01
2.063724100589752197e-01
-2.500584721565246582e-01
2.099676430225372314e-01
-1.542205959558486938e-01
-1.642832458019256592e-01
-6.147581711411476135e-02
-7.775268703699111938e-02
2.573544383049011230e-01
-2.535843551158905029e-01
-1.781174838542938232e-01
-2.725183404982089996e-02
-6.855322420597076416e-02
1.307803485542535782e-02
-5.483102798461914062e-02
-4.882893338799476624e-02
1.336979418992996216e-01
-8.125980198383331299e-02
-4.501277208328247070e-01
-1.016272157430648804e-01
-6.734687089920043945e-02
-5.534572526812553406e-02
-5.603996664285659790e-02
-3.865433856844902039e-02
8.635832369327545166e-02
-2.201669365167617798e-01
-1.354829035699367523e-02
-4.651140421628952026e-02
1.307992637157440186e-01
3.099075704813003540e-02
-3.862112760543823242e-02
1.318461745977401733e-01
3.286346048116683960e-02
-2.432788014411926270e-01
1.812316942960023880e-03
1.364941596984863281e-01
2.519324421882629395e-01
1.572305709123611450e-01
1.236494351178407669e-02
-4.881782457232475281e-02
-4.433923587203025818e-02
1.738842129707336426e-01
-1.795078963041305542e-01
-1.876957528293132782e-02
1.204792261123657227e-01
1.204924732446670532e-01
4.767015576362609863e-02
7.004302740097045898e-02
-1.286487579345703125e-01
3.483664616942405701e-02
1.425401419401168823e-01
-1.750299781560897827e-01
-1.949279196560382843e-02
3.260856494307518005e-03
-9.827931970357894897e-02
-2.291398867964744568e-02
-6.574358791112899780e-02
2.747201323509216309e-01
2.298712581396102905e-01
-5.787114053964614868e-02
-2.056539505720138550e-01
1.715550422668457031e-01
-1.521793305873870850e-01
-2.791898325085639954e-02
2.954880893230438232e-02
-9.943947941064834595e-02
-1.567935049533843994e-01
-2.813292741775512695e-01
1.163825951516628265e-02
3.516270816326141357e-01
8.941730111837387085e-02
-1.372179090976715088e-01
6.828998774290084839e-02
1.054480671882629395e-02
-1.038790717720985413e-01
8.969990909099578857e-02
1.743654608726501465e-01
-3.843139111995697021e-02
2.004631049931049347e-02
-6.089409813284873962e-02
-3.779354505240917206e-03
1.873237192630767822e-01
1.368997804820537567e-02
2.134412154555320740e-02
1.773389130830764771e-01
-7.214780151844024658e-02
1.560061704367399216e-02
2.065846882760524750e-02
-2.072868682444095612e-02
-1.878647208213806152e-01
5.647931993007659912e-02
-1.472434699535369873e-01
-4.223674535751342773e-02
-3.852551802992820740e-02
-4.946699738502502441e-02
-7.876244932413101196e-02
2.558800578117370605e-02
-1.925120055675506592e-01
7.959347963333129883e-02
-2.585255540907382965e-02
-3.299297392368316650e-02
-5.387937277555465698e-02
7.199250906705856323e-02
-4.879481345415115356e-02
-5.428843945264816284e-02
1.108990013599395752e-01
-2.228914201259613037e-01
1.666570752859115601e-01
1.451358795166015625e-01
1.230262964963912964e-02
1.985668689012527466e-01
8.367300778627395630e-02
8.842585980892181396e-02
-6.568003445863723755e-03
-2.395844832062721252e-02
-1.587587893009185791e-01
-3.147213533520698547e-02
8.819770067930221558e-02
-8.416339010000228882e-02
4.618617519736289978e-02
-1.280509121716022491e-02
