-1.555663496255874634e-01
3.766901791095733643e-02
3.715597838163375854e-02
-1.553921848535537720e-01
-1.788910329341888428e-01
-5.423401668667793274e-02
-7.314837723970413208e-02
-1.322187334299087524e-01
1.475258022546768188e-01
-1.713199317455291748e-01
2.811957895755767822e-01
-9.039372950792312622e-02
-1.965859532356262207e-01
-6.504583358764648438e-02
-8.414918184280395508e-02
2.435151040554046631e-01
-1.514507383108139038e-01
-1.553866863250732422e-01
-8.528148755431175232e-04
3.912058658897876740e-03
3.387157246470451355e-02
3.259199112653732300e-02
-3.409604728221893311e-02
4.327162727713584900e-02
-1.032341793179512024e-01
-3.932946920394897461e-01
-1.001011803746223450e-01
-4.732674360275268555e-02
-4.361970722675323486e-02
5.960107780992984772e-03
-8.053289726376533508e-03
5.418564006686210632e-02
-1.939605772495269775e-01
-2.638399600982666016e-02
4.526212066411972046e-02
9.913717955350875854e-02
-3.683742135763168335e-02
-1.338397860527038574e-01
9.820357710123062134e-02
-4.289518110454082489e-03
-2.790411710739135742e-01
-4.117836058139801025e-02
1.111762151122093201e-01
2.469890266656875610e-01
8.537849783897399902e-02
8.136849850416183472e-03
4.433218389749526978e-02
-9.800347685813903809e-02
9.748234599828720093e-02
-1.508379727602005005e-01
-4.319469258189201355e-02
5.418917909264564514e-02
4.330272600054740906e-02
-1.402961928397417068e-02
3.663111850619316101e-02
-9.938026964664459229e-02
9.174180775880813599e-02
1.278417110443115234e-01
-2.052156776189804077e-01
-5.477244406938552856e-02
8.967538923025131226e-02
-4.376776143908500671e-02
-6.036169826984405518e-02
-1.414245516061782837e-01
2.549891769886016846e-01
1.111163198947906494e-01
-1.110791638493537903e-01
-1.761772930622100830e-01
1.559101939201354980e-01
-1.370149850845336914e-01
-8.567997068166732788e-02
1.708972454071044922e-02
-1.567871868610382080e-01
-2.050003260374069214e-01
-3.132750093936920166e-01
-9.466062299907207489e-03
3.748280405998229980e-01
1.524423658847808838e-01
-1.028736606240272522e-01
8.035504817962646484e-02
6.357240676879882812e-02
3.778878599405288696e-02
1.159319803118705750e-01
1.448367983102798462e-01
-8.588109165430068970e-03
8.153057098388671875e-02
-8.479002863168716431e-02
5.509746260941028595e-03
2.181515395641326904e-01
-6.510163843631744385e-02
-4.549099598079919815e-03
1.970570832490921021e-01
-3.110503777861595154e-02
1.652537658810615540e-02
5.670689977705478668e-03
1.575363613665103912e-02
-8.743373304605484009e-02
6.345330178737640381e-02
-9.845505654811859131e-02
2.672292664647102356e-02
6.682761758565902710e-02
-1.918882131576538086e-02
2.869712561368942261e-02
1.254158169031143188e-01
-1.567217409610748291e-01
9.588577598333358765e-02
-3.052300959825515747e-02
1.556839700788259506e-02
1.834789291024208069e-03
3.231393173336982727e-02
-4.566579312086105347e-02
-8.955685794353485107e-02
5.278994888067245483e-02
-1.838162243366241455e-01
1.491672843694686890e-01
1.706417053937911987e-01
7.998026907444000244e-02
1.475297808647155762e-01
1.256841868162155151e-01
1.603782176971435547e-02
-1.747359894216060638e-02
-1.011776272207498550e-02
-2.095854878425598145e-01
-7.489597052335739136e-02
7.408382743597030640e-02
-7.789655774831771851e-02
1.150902360677719116e-01
1.184818241745233536e-02
