-8.562153577804565430e-02
4.718213528394699097e-02
2.613898739218711853e-02
-9.073499590158462524e-02
-1.873201429843902588e-01
-5.325089022517204285e-02
-7.057083398103713989e-02
-1.829098612070083618e-01
9.669987857341766357e-02
-1.460554599761962891e-01
2.683873474597930908e-01
-6.544077396392822266e-02
-2.358905673027038574e-01
-9.763465076684951782e-02
-1.092932596802711487e-01
2.389947026968002319e-01
-2.144807428121566772e-01
-1.934826374053955078e-01
-3.524510934948921204e-02
-1.949982158839702606e-02
1.131598837673664093e-02
-7.417810149490833282e-03
7.316523045301437378e-02
6.982993334531784058e-02
-6.117045134305953979e-02
-3.738347887992858887e-01
-8.370974659919738770e-02
-7.779783755540847778e-02
-3.320273011922836304e-02
-4.084886610507965088e-02
-5.293238162994384766e-02
6.417907029390335083e-02
-2.127287983894348145e-01
-3.048100136220455170e-02
3.382784873247146606e-02
5.508013442158699036e-02
-2.386460267007350922e-02
-8.419615030288696289e-02
1.765331625938415527e-01
6.476935930550098419e-03
-2.062605470418930054e-01
3.582204878330230713e-02
9.260872006416320801e-02
2.560486793518066406e-01
1.589967012405395508e-01
1.866834238171577454e-02
3.983952850103378296e-02
-1.295281797647476196e-01
9.825887531042098999e-02
-1.579892337322235107e-01
-1.206897571682929993e-02
1.056715622544288635e-01
1.094590350985527039e-01
5.501464009284973145e-03
-1.573510840535163879e-02
-1.336611211299896240e-01
7.245863229036331177e-02
1.603835374116897583e-01
-1.635619997978210449e-01
2.490756474435329437e-02
1.277812421321868896e-01
-7.076278328895568848e-02
-2.719452790915966034e-02
-1.181964501738548279e-01
3.035848736763000488e-01
5.752376094460487366e-02
-1.347305774688720703e-01
-1.687683016061782837e-01
8.314777910709381104e-02
-1.153537929058074951e-01
-9.796212613582611084e-02
1.008168328553438187e-02
-1.892746090888977051e-01
-1.985234022140502930e-01
-3.030194342136383057e-01
3.524767607450485229e-02
3.809857368469238281e-01
1.362975537776947021e-01
-1.470691561698913574e-01
4.406277835369110107e-02
-3.117253072559833527e-05
4.287389293313026428e-02
9.183227270841598511e-02
1.070675551891326904e-01
-7.390673458576202393e-02
1.673715189099311829e-02
-1.286234110593795776e-01
4.360270686447620392e-03
1.878972649574279785e-01
-5.943619459867477417e-02
-3.887208923697471619e-02
2.101534456014633179e-01
-3.755006939172744751e-02
6.600579619407653809e-02
2.499565295875072479e-02
-7.919373922049999237e-03
-7.585749775171279907e-02
1.000192984938621521e-01
-1.390096247196197510e-01
6.846101582050323486e-02
-3.659534454345703125e-02
-7.867945730686187744e-02
2.012854255735874176e-02
4.660399630665779114e-02
-1.055118218064308167e-01
2.711948752403259277e-02
-7.144360989332199097e-02
6.284273229539394379e-03
-4.419323429465293884e-02
1.032331958413124084e-02
-1.478521525859832764e-01
-8.635225147008895874e-02
8.664990216493606567e-02
-2.611072063446044922e-01
2.281589657068252563e-01
2.220796495676040649e-01
1.490574479103088379e-01
1.405517905950546265e-01
1.511730402708053589e-01
5.552754178643226624e-02
-2.766114100813865662e-02
2.083622291684150696e-02
-1.682950705289840698e-01
-2.518302574753761292e-02
1.589958816766738892e-01
-7.616636157035827637e-02
1.512127220630645752e-01
2.070849388837814331e-02
