-1.374851018190383911e-01
6.462802737951278687e-02
-5.147044081240892410e-03
-7.759885489940643311e-02
-1.795310527086257935e-01
-1.015712134540081024e-02
-3.498120978474617004e-02
-1.841780245304107666e-01
1.489538401365280151e-01
-1.449955254793167114e-01
2.813051640987396240e-01
-1.506397873163223267e-01
-1.619433462619781494e-01
-4.236572235822677612e-02
-8.836994320154190063e-02
2.023945152759552002e-01
-2.088747769594192505e-01
-1.786496341228485107e-01
3.987251222133636475e-02
3.121582791209220886e-03
7.003312557935714722e-02
-1.025725807994604111e-02
1.341279875487089157e-02
8.076044917106628418e-02
-1.313778758049011230e-01
-3.465822339057922363e-01
-9.691216796636581421e-02
-7.280813157558441162e-02
9.028978645801544189e-02
-4.368063062429428101e-02
-3.246942162513732910e-02
6.461461633443832397e-02
-1.764085292816162109e-01
-3.727733716368675232e-02
8.581059426069259644e-02
1.518000960350036621e-01
2.099576964974403381e-02
-7.539037615060806274e-02
1.664372086524963379e-01
-3.958326578140258789e-02
-2.943634390830993652e-01
1.246725395321846008e-02
1.369007974863052368e-01
2.811074554920196533e-01
1.392533630132675171e-01
5.324610695242881775e-02
-2.923788502812385559e-02
-1.757349818944931030e-01
1.172404736280441284e-01
-1.216032058000564575e-01
-3.959285095334053040e-03
1.160256862640380859e-01
9.768053889274597168e-02
-1.245952490717172623e-02
2.248898148536682129e-02
-1.000514179468154907e-01
6.721507012844085693e-02
1.274581849575042725e-01
-1.864707618951797485e-01
-2.721675112843513489e-02
1.743186414241790771e-01
-3.548238426446914673e-02
4.867607355117797852e-02
-1.513194143772125244e-01
2.384799867868423462e-01
6.405019015073776245e-02
-9.052643179893493652e-02
-1.623622179031372070e-01
1.519927531480789185e-01
-1.510918140411376953e-01
-9.819846600294113159e-02
7.199186086654663086e-02
-1.145171076059341431e-01
-1.830209642648696899e-01
-2.667906880378723145e-01
-7.400359213352203369e-02
4.102556407451629639e-01
1.474135369062423706e-01
-1.271857768297195435e-01
7.965542376041412354e-02
3.138648718595504761e-02
1.154497452080249786e-02
1.563873887062072754e-01
1.484159827232360840e-01
-1.070445403456687927e-03
1.121760997921228409e-02
-1.082028150558471680e-01
-3.402867913246154785e-02
2.371366173028945923e-01
-5.886923521757125854e-02
3.853474557399749756e-02
1.538653075695037842e-01
-3.542650490999221802e-02
1.743297278881072998e-02
3.190311044454574585e-02
4.262641444802284241e-02
-1.447585225105285645e-01
9.383392333984375000e-02
-1.344120353460311890e-01
-2.647298574447631836e-02
-5.662522464990615845e-02
-2.682208456099033356e-02
4.656203091144561768e-02
1.180251613259315491e-01
-2.098846882581710815e-01
1.207919493317604065e-01
-2.536477148532867432e-02
-4.558839369565248489e-03
1.544238999485969543e-03
9.612134657800197601e-03
8.869902230799198151e-04
-2.079858817160129547e-02
1.034291759133338928e-01
-2.763659954071044922e-01
1.738173365592956543e-01
1.506851315498352051e-01
5.282751470804214478e-02
1.460025757551193237e-01
1.051482707262039185e-01
8.458456397056579590e-02
-2.515807375311851501e-02
-1.818225160241127014e-02
-2.144344002008438110e-01
-6.066197156906127930e-02
3.473662957549095154e-02
-1.424069404602050781e-01
1.195943132042884827e-01
-1.761382445693016052e-04
