-7.215820252895355225e-02
4.876111447811126709e-02
9.600207209587097168e-03
-7.545334100723266602e-02
-1.740388721227645874e-01
-1.781093329191207886e-02
-1.001626551151275635e-01
-1.497924625873565674e-01
1.375498473644256592e-01
-1.888429522514343262e-01
2.570461034774780273e-01
-6.829092651605606079e-02
-1.845773756504058838e-01
-5.848570168018341064e-02
-5.506923422217369080e-02
1.613908112049102783e-01
-1.882467865943908691e-01
-1.448448300361633301e-01
-6.267313845455646515e-03
9.345896542072296143e-03
9.141229093074798584e-02
-3.742467612028121948e-03
4.134778678417205811e-02
1.145833916962146759e-02
-1.079669892787933350e-01
-3.433998823165893555e-01
-1.324811577796936035e-01
-1.153237372636795044e-01
9.431846439838409424e-03
-3.042525611817836761e-02
-5.810387060046195984e-02
1.553054992109537125e-02
-1.637050211429595947e-01
-6.619282066822052002e-04
1.472145784646272659e-02
9.007004648447036743e-02
-9.253255091607570648e-03
-5.888628587126731873e-02
1.418814957141876221e-01
-3.400240093469619751e-02
-2.024650573730468750e-01
-2.651342377066612244e-02
2.921650186181068420e-02
1.854746490716934204e-01
1.098482459783554077e-01
1.860560849308967590e-02
3.168029338121414185e-02
-1.375913769006729126e-01
1.084855124354362488e-01
-1.435755342245101929e-01
4.147346317768096924e-02
1.088071912527084351e-01
6.682250648736953735e-02
4.757079482078552246e-02
3.284541517496109009e-02
-5.220001935958862305e-02
7.459303736686706543e-02
1.621108800172805786e-01
-1.754718571901321411e-01
4.268207401037216187e-02
1.227307245135307312e-01
-4.566031321883201599e-02
-5.920515954494476318e-02
-9.707987308502197266e-02
2.798573076725006104e-01
1.443203985691070557e-01
-1.040535047650337219e-01
-2.158688902854919434e-01
9.555504471063613892e-02
-1.256805509328842163e-01
-1.473147571086883545e-01
6.086787581443786621e-02
-1.833643466234207153e-01
-1.706622391939163208e-01
-2.677205204963684082e-01
-1.481446065008640289e-02
4.300610423088073730e-01
8.797173202037811279e-02
-1.400806456804275513e-01
2.763825468719005585e-02
3.244831925258040428e-03
-3.712494671344757080e-02
1.445413678884506226e-01
9.235431253910064697e-02
-2.057646587491035461e-02
2.167818322777748108e-02
-1.102177649736404419e-01
6.110859662294387817e-02
2.477914988994598389e-01
-1.170479208230972290e-01
-2.994922921061515808e-02
1.656986474990844727e-01
-5.817830935120582581e-02
9.327097982168197632e-02
9.978780522942543030e-03
3.514633327722549438e-02
-3.528595715761184692e-02
7.100968062877655029e-02
-1.004511713981628418e-01
1.850090175867080688e-02
7.244908809661865234e-02
-5.298548191785812378e-02
-4.317974671721458435e-02
6.476229429244995117e-02
-9.653661400079727173e-02
7.095783203840255737e-02
-4.279749467968940735e-02
-8.166888728737831116e-04
-5.176526028662919998e-03
-4.348570108413696289e-02
-1.412325650453567505e-01
-3.355711326003074646e-02
1.441859900951385498e-01
-2.218204587697982788e-01
2.404498904943466187e-01
1.448984742164611816e-01
9.425847977399826050e-02
9.726947546005249023e-02
8.110225945711135864e-02
5.248748511075973511e-02
-1.943856105208396912e-02
-3.554764389991760254e-02
-2.301933765411376953e-01
-4.033989459276199341e-02
1.040682345628738403e-01
-3.566975891590118408e-02
8.168516308069229126e-02
-1.813656277954578400e-02
