-5.148683488368988037e-02
6.235251203179359436e-02
4.605999216437339783e-02
-1.070337891578674316e-01
-1.620257198810577393e-01
-4.396297037601470947e-03
-8.290287107229232788e-02
-1.659027785062789917e-01
1.235892549157142639e-01
-1.628944724798202515e-01
2.214753776788711548e-01
-7.466356456279754639e-02
-1.722359806299209595e-01
-8.905193209648132324e-02
-6.055426597595214844e-02
2.091646939516067505e-01
-2.071794420480728149e-01
-1.669012308120727539e-01
-3.459955751895904541e-02
3.264094144105911255e-02
7.442403584718704224e-02
-6.981480866670608521e-02
1.556317601352930069e-02
5.132372677326202393e-02
-1.042762249708175659e-01
-3.419983088970184326e-01
-5.941951274871826172e-02
-8.756509423255920410e-02
2.216966822743415833e-04
-3.771416470408439636e-02
-3.017623163759708405e-02
1.504268590360879898e-02
-2.283503711223602295e-01
-2.491003833711147308e-02
-2.775513380765914917e-02
7.769221067428588867e-02
8.718190714716911316e-03
-9.625536948442459106e-02
1.638784706592559814e-01
-7.218321319669485092e-03
-2.831983864307403564e-01
4.474319890141487122e-02
4.134242609143257141e-02
1.950590610504150391e-01
1.397401690483093262e-01
4.153413698077201843e-02
5.840102955698966980e-02
-1.153146922588348389e-01
1.724946796894073486e-01
-1.640752702951431274e-01
4.332834109663963318e-02
8.892811089754104614e-02
7.536112517118453979e-02
-1.117962598800659180e-02
3.320865333080291748e-02
-1.206257343292236328e-01
8.270507305860519409e-02
1.826917976140975952e-01
-1.875036954879760742e-01
7.554191350936889648e-02
1.278627067804336548e-01
-4.385345429182052612e-02
-9.148709475994110107e-03
-1.212299838662147522e-01
2.263026237487792969e-01
1.291443705558776855e-01
-6.082629412412643433e-02
-1.927482187747955322e-01
1.256672739982604980e-01
-9.693745523691177368e-02
-1.098989471793174744e-01
4.219254851341247559e-02
-1.615232229232788086e-01
-1.728355884552001953e-01
-2.841756939888000488e-01
-2.441670745611190796e-02
3.868174254894256592e-01
1.251634955406188965e-01
-1.805356740951538086e-01
-3.441534936428070068e-04
3.133205324411392212e-02
-1.491552684456110001e-03
1.722384691238403320e-01
1.357645988464355469e-01
2.041044831275939941e-02
9.926695376634597778e-03
-8.593673259019851685e-02
9.989021345973014832e-03
2.510711550712585449e-01
-5.147907137870788574e-02
-6.206654943525791168e-03
2.076730132102966309e-01
-4.680640622973442078e-02
-8.392633870244026184e-03
-4.412388429045677185e-02
-1.224504504352807999e-02
-9.026938676834106445e-02
1.438281238079071045e-01
-1.129264459013938904e-01
7.186345290392637253e-03
5.653082206845283508e-02
-2.814819663763046265e-02
5.776109173893928528e-05
7.305333018302917480e-02
-1.754494458436965942e-01
7.193492352962493896e-02
-6.969611346721649170e-02
3.278505802154541016e-02
3.313894849270582199e-03
-2.436834201216697693e-02
-1.019175350666046143e-01
-6.501778494566679001e-03
1.371696144342422485e-01
-1.890964955091476440e-01
2.485932707786560059e-01
1.968012899160385132e-01
8.342306315898895264e-02
6.516979634761810303e-02
1.123606711626052856e-01
4.786228016018867493e-02
2.873298898339271545e-02
-1.746469736099243164e-02
-2.553486824035644531e-01
-4.582294449210166931e-02
1.182424798607826233e-01
-9.517127275466918945e-02
1.246717646718025208e-01
1.332871522754430771e-02
