-1.503163725137710571e-01
8.819978684186935425e-02
6.620670855045318604e-02
-1.207257285714149475e-01
-1.685761213302612305e-01
-2.769151143729686737e-02
-8.046247065067291260e-02
-1.495451629161834717e-01
1.937628835439682007e-01
-1.655003577470779419e-01
2.272795438766479492e-01
-4.355527460575103760e-02
-2.201662212610244751e-01
-1.172527149319648743e-01
-7.048819959163665771e-02
2.512171268463134766e-01
-2.389544993638992310e-01
-2.052498757839202881e-01
4.262821748852729797e-04
-2.263925038278102875e-02
6.555998697876930237e-03
-1.450324431061744690e-02
6.871856749057769775e-02
6.686391681432723999e-02
-8.776266872882843018e-02
-4.542205631732940674e-01
-4.200189560651779175e-02
-1.426309645175933838e-01
1.888480409979820251e-02
-3.843962401151657104e-02
-2.286261506378650665e-02
5.079547688364982605e-02
-2.065127640962600708e-01
-9.747989475727081299e-03
-3.900613635778427124e-03
1.162008941173553467e-01
-5.608102306723594666e-03
-6.243332475423812866e-02
1.359134763479232788e-01
-1.658561825752258301e-02
-3.321702182292938232e-01
-4.997473582625389099e-02
6.579442322254180908e-02
1.984588205814361572e-01
1.639656722545623779e-01
1.510339975357055664e-02
3.710801526904106140e-02
-1.814132332801818848e-01
1.282715350389480591e-01
-1.642142385244369507e-01
2.368970029056072235e-02
1.099128276109695435e-01
4.720127582550048828e-02
-9.865870699286460876e-03
4.826169461011886597e-02
-1.027560383081436157e-01
4.941018670797348022e-02
1.234191581606864929e-01
-2.125360369682312012e-01
3.354262560606002808e-02
1.292193382978439331e-01
-8.135499805212020874e-02
-3.340741991996765137e-02
-1.366670727729797363e-01
2.357285171747207642e-01
1.137437522411346436e-01
-1.095975935459136963e-01
-1.688176989555358887e-01
1.616127789020538330e-01
-1.883060634136199951e-01
-9.674646705389022827e-02
6.984503567218780518e-02
-8.664802461862564087e-02
-1.954080164432525635e-01
-3.179436624050140381e-01
-5.027308315038681030e-02
3.729782998561859131e-01
1.654705107212066650e-01
-1.255780458450317383e-01
1.583770103752613068e-02
-6.970915012061595917e-03
-4.103645309805870056e-02
8.457256108522415161e-02
1.976273506879806519e-01
-5.646199733018875122e-02
4.665220901370048523e-02
-7.358319312334060669e-02
-2.594898641109466553e-02
2.107524275779724121e-01
-1.729213818907737732e-02
2.999548427760601044e-02
2.304049879312515259e-01
-6.018047034740447998e-02
6.408135592937469482e-02
-1.065367087721824646e-02
5.414257943630218506e-02
-1.385859400033950806e-01
7.930691540241241455e-02
-1.379854530096054077e-01
-4.096981883049011230e-02
-9.022702462971210480e-03
-7.481520622968673706e-02
1.049972325563430786e-02
4.831872880458831787e-02
-1.715868413448333740e-01
8.606453984975814819e-02
-4.919047281146049500e-02
6.365871056914329529e-03
2.328814007341861725e-02
2.037912607192993164e-02
-3.669269755482673645e-02
-8.696886897087097168e-02
1.468474566936492920e-01
-1.777739524841308594e-01
2.392574846744537354e-01
2.235478907823562622e-01
1.223516017198562622e-01
1.543073952198028564e-01
1.380418241024017334e-01
7.033961266279220581e-02
-4.108682274818420410e-02
-9.340795129537582397e-02
-1.956586241722106934e-01
-2.101339399814605713e-02
8.051116764545440674e-02
-1.372344195842742920e-01
1.054579094052314758e-01
1.707434654235839844e-02
