-1.661428064107894897e-01
4.779329523444175720e-02
5.395281687378883362e-02
-8.541964739561080933e-02
-1.541434526443481445e-01
-5.218425020575523376e-02
-9.435979276895523071e-02
-1.282777190208435059e-01
1.083052083849906921e-01
-1.508861035108566284e-01
2.092784792184829712e-01
-5.725073441863059998e-02
-1.480178982019424438e-01
-8.479579538106918335e-02
-8.582316339015960693e-02
1.982990205287933350e-01
-1.617794185876846313e-01
-1.250630915164947510e-01
-7.826679199934005737e-02
-1.176489517092704773e-02
6.096753850579261780e-02
5.097094178199768066e-02
7.849562913179397583e-02
7.776412647217512131e-03
-8.558576554059982300e-02
-3.717076182365417480e-01
-6.626967340707778931e-02
-4.994368553161621094e-02
-1.239301636815071106e-02
-2.949471585452556610e-02
-1.951090246438980103e-02
2.683290280401706696e-03
-1.828428953886032104e-01
-3.925258666276931763e-02
3.655805438756942749e-02
9.630209207534790039e-02
-1.239088550209999084e-02
-6.392163038253784180e-02
1.592856794595718384e-01
-1.152435597032308578e-02
-3.049799799919128418e-01
4.215815570205450058e-03
6.009008362889289856e-02
2.256777286529541016e-01
2.132496982812881470e-01
2.425185777246952057e-02
1.730639114975929260e-02
-1.319627016782760620e-01
1.700370460748672485e-01
-1.343822479248046875e-01
-1.287899166345596313e-02
1.149007454514503479e-01
1.501299906522035599e-02
-6.449085660278797150e-03
-2.877793274819850922e-02
-5.354679748415946960e-02
3.863321617245674133e-02
1.587825268507003784e-01
-1.400838643312454224e-01
-6.450865417718887329e-02
1.483108997344970703e-01
-7.415910810232162476e-02
-4.822080954909324646e-02
-1.248609498143196106e-01
1.736978888511657715e-01
5.130377784371376038e-02
-1.339377313852310181e-01
-2.230708152055740356e-01
9.895172715187072754e-02
-1.653620302677154541e-01
-4.465512931346893311e-02
6.272859871387481689e-02
-1.644090861082077026e-01
-1.719337403774261475e-01
-2.901955246925354004e-01
-2.729989401996135712e-02
3.673781156539916992e-01
9.225878864526748657e-02
-7.135981321334838867e-02
2.213551849126815796e-02
-3.134365379810333252e-02
2.965927869081497192e-02
5.009428784251213074e-02
1.591562479734420776e-01
-1.556550338864326477e-02
8.553802222013473511e-02
-5.386320129036903381e-02
-7.748762145638465881e-03
2.019338458776473999e-01
-4.780476540327072144e-02
-8.445406332612037659e-03
2.172644287347793579e-01
-4.015418700873851776e-03
3.880467265844345093e-02
1.220273226499557495e-02
4.456288740038871765e-02
-1.075675934553146362e-01
5.982570722699165344e-02
-1.037419810891151428e-01
3.101073205471038818e-02
-9.360584430396556854e-03
-5.465102195739746094e-02
5.751333758234977722e-02
8.091288805007934570e-02
-1.449710726737976074e-01
1.786341220140457153e-01
-8.176577091217041016e-02
9.516447037458419800e-02
1.652972400188446045e-02
-3.341693431138992310e-02
-3.866077214479446411e-02
-7.461059093475341797e-02
9.982801973819732666e-02
-1.413212120532989502e-01
1.244677975773811340e-01
1.967195123434066772e-01
1.352387517690658569e-01
1.373069435358047485e-01
1.585591435432434082e-01
7.081128656864166260e-02
-3.976086899638175964e-02
6.839191168546676636e-02
-2.237274795770645142e-01
-2.104815654456615448e-02
4.856712743639945984e-02
-6.837406754493713379e-02
1.199788972735404968e-01
1.482753828167915344e-02
