-1.217387840151786804e-01
2.027762494981288910e-02
3.414760529994964600e-02
-8.549918234348297119e-02
-1.631680130958557129e-01
-5.857995525002479553e-02
-6.869581341743469238e-02
-1.057337969541549683e-01
1.265319734811782837e-01
-1.414674073457717896e-01
2.539877295494079590e-01
-8.677537739276885986e-02
-1.534461677074432373e-01
-1.070633083581924438e-01
-2.304520085453987122e-02
1.959016472101211548e-01
-2.433334738016128540e-01
-1.233775094151496887e-01
2.099057659506797791e-02
-4.840400069952011108e-03
1.173763126134872437e-01
-3.421842306852340698e-02
-1.006853580474853516e-02
9.156900644302368164e-02
-1.541334837675094604e-01
-3.971500098705291748e-01
-5.959140881896018982e-02
-1.293886154890060425e-01
2.087547257542610168e-02
-8.998750895261764526e-02
-1.724730804562568665e-02
3.557264059782028198e-02
-2.209568172693252563e-01
-6.666734814643859863e-02
-1.526347361505031586e-02
5.777552723884582520e-02
-3.808635100722312927e-02
-1.056204587221145630e-01
1.650072485208511353e-01
-4.166332539170980453e-03
-2.691829800605773926e-01
-4.527307581156492233e-03
4.047589004039764404e-02
2.063938081264495850e-01
5.866384506225585938e-02
1.208491064608097076e-02
4.319240152835845947e-02
-1.065958812832832336e-01
1.620847433805465698e-01
-1.869296133518218994e-01
8.842351846396923065e-03
8.999728411436080933e-02
6.492871046066284180e-02
9.465019218623638153e-03
2.634510397911071777e-02
-8.476896584033966064e-02
4.321634769439697266e-02
1.367559134960174561e-01
-2.068389654159545898e-01
6.625919789075851440e-02
5.952025204896926880e-02
-5.634369701147079468e-02
1.911187171936035156e-02
-1.125794127583503723e-01
2.185882180929183960e-01
1.057882010936737061e-01
-7.294084876775741577e-02
-1.346319466829299927e-01
9.104927629232406616e-02
-8.524032682180404663e-02
-9.618809074163436890e-02
6.725658476352691650e-02
-1.150237321853637695e-01
-2.086681872606277466e-01
-3.123717308044433594e-01
-2.085952833294868469e-02
3.957245647907257080e-01
7.905080914497375488e-02
-1.340445280075073242e-01
6.568246521055698395e-03
-3.933197632431983948e-02
-5.964507535099983215e-02
1.503213346004486084e-01
1.435242891311645508e-01
2.530524507164955139e-02
2.912740409374237061e-02
-3.732191026210784912e-02
7.179559022188186646e-02
2.345889210700988770e-01
-6.929825991392135620e-02
-4.315605852752923965e-03
2.104292213916778564e-01
-2.965558692812919617e-02
8.584686368703842163e-02
-2.947192452847957611e-02
1.354362699203193188e-03
-9.784646332263946533e-02
9.617929905652999878e-02
-5.234794691205024719e-02
2.993583679199218750e-02
5.539910495281219482e-02
-1.520233135670423508e-02
1.875351741909980774e-02
8.137027919292449951e-02
-1.686955690383911133e-01
6.152927130460739136e-02
1.583543419837951660e-02
-5.937213078141212463e-03
2.545358613133430481e-02
3.296344354748725891e-02
-1.369676142930984497e-01
-7.780096679925918579e-02
7.488363981246948242e-02
-2.261646389961242676e-01
2.429773807525634766e-01
2.052379995584487915e-01
8.917056769132614136e-02
1.136037260293960571e-01
8.152813464403152466e-02
-3.343385085463523865e-02
-7.665874436497688293e-04
-6.446164846420288086e-02
-2.093593478202819824e-01
1.389818172901868820e-02
1.505025625228881836e-01
-4.807293787598609924e-02
6.445197016000747681e-02
-3.886953741312026978e-02
