-9.529054909944534302e-02
9.844113141298294067e-02
4.912536963820457458e-02
-8.534882217645645142e-02
-2.009081691503524780e-01
7.798763457685709000e-03
-7.806086540222167969e-02
-1.862099021673202515e-01
1.817040443420410156e-01
-2.197026163339614868e-01
2.350032031536102295e-01
-6.713342666625976562e-02
-2.126895338296890259e-01
-8.370801061391830444e-02
1.360259205102920532e-02
2.123704552650451660e-01
-2.200667262077331543e-01
-1.988264471292495728e-01
-3.284756466746330261e-02
-2.346614748239517212e-02
-1.616051234304904938e-02
1.287966873496770859e-02
-1.764984987676143646e-02
4.415398836135864258e-02
-1.010560393333435059e-01
-3.744578361511230469e-01
-8.939882367849349976e-02
-1.182384565472602844e-01
6.062800437211990356e-02
-2.984936535358428955e-02
-6.174570322036743164e-02
4.113321006298065186e-02
-1.784273236989974976e-01
-7.085216045379638672e-02
-2.036136575043201447e-02
1.009775549173355103e-01
-2.676308900117874146e-02
-8.830084651708602905e-02
1.285504996776580811e-01
-8.817732334136962891e-03
-2.588444650173187256e-01
3.943421691656112671e-02
1.156954094767570496e-03
2.404201775789260864e-01
1.217385530471801758e-01
5.655026528984308243e-03
4.233329743146896362e-02
-1.261673420667648315e-01
1.716535389423370361e-01
-2.738975286483764648e-01
5.329257622361183167e-02
8.399848639965057373e-02
2.549842372536659241e-02
8.817348629236221313e-02
4.029229655861854553e-02
-1.058335304260253906e-01
7.639241218566894531e-02
1.035804301500320435e-01
-2.571780681610107422e-01
4.848836362361907959e-02
1.397740393877029419e-01
-1.897424086928367615e-02
1.270777918398380280e-02
-5.987079441547393799e-02
2.540313005447387695e-01
1.987188458442687988e-01
-4.367420822381973267e-02
-1.742587834596633911e-01
1.242090165615081787e-01
-1.687969118356704712e-01
-1.380435824394226074e-01
6.959810853004455566e-02
-9.986159205436706543e-02
-1.512505561113357544e-01
-2.856160700321197510e-01
1.022229716181755066e-02
4.716902375221252441e-01
1.557947546243667603e-01
-1.598904281854629517e-01
-2.091958560049533844e-02
-1.183396112173795700e-02
-6.125026196241378784e-02
1.723274141550064087e-01
7.589509338140487671e-02
9.041637182235717773e-03
-1.030092593282461166e-02
-8.403197675943374634e-02
4.308845102787017822e-02
2.929188609123229980e-01
-5.728121846914291382e-02
-1.952482946217060089e-02
2.613242268562316895e-01
4.814968258142471313e-02
4.646584391593933105e-02
6.573931872844696045e-02
1.154156327247619629e-01
-4.230529069900512695e-02
3.311841562390327454e-02
-1.394951194524765015e-01
-9.157154709100723267e-04
8.075519651174545288e-02
-3.927759826183319092e-02
-2.050072140991687775e-02
5.277042090892791748e-02
-1.622286587953567505e-01
2.285674661397933960e-01
-8.967527188360691071e-03
2.780629321932792664e-03
-1.396690588444471359e-02
-1.311198435723781586e-02
-6.009699404239654541e-02
2.031823992729187012e-02
1.716740280389785767e-01
-2.176404893398284912e-01
2.557600736618041992e-01
1.655195653438568115e-01
6.210501864552497864e-02
1.476653516292572021e-01
1.954906433820724487e-02
1.500401273369789124e-02
-5.035413429141044617e-02
-1.140949726104736328e-01
-1.613245159387588501e-01
-1.349372714757919312e-01
9.517066180706024170e-02
-4.280513525009155273e-02
7.218298316001892090e-02
5.794552341103553772e-02
