-1.027254387736320496e-01
2.899878099560737610e-02
5.360835790634155273e-02
-1.201408654451370239e-01
-1.280080229043960571e-01
-7.113656401634216309e-02
-1.515744775533676147e-01
-1.714512258768081665e-01
1.561330407857894897e-01
-2.343293130397796631e-01
1.747597455978393555e-01
-1.049331724643707275e-01
-1.925059407949447632e-01
-3.219834715127944946e-02
-7.298335433006286621e-02
2.174954861402511597e-01
-1.952136904001235962e-01
-2.232494354248046875e-01
-2.822099253535270691e-03
-1.343159005045890808e-02
3.457045927643775940e-02
1.920050010085105896e-02
-1.309398189187049866e-02
3.804146125912666321e-02
-1.673642396926879883e-01
-3.769908845424652100e-01
-1.264404654502868652e-01
-3.146785125136375427e-02
-2.516517043113708496e-02
-3.222419321537017822e-02
-6.480760872364044189e-02
9.763808548450469971e-02
-1.950331628322601318e-01
-2.263933420181274414e-04
3.314941376447677612e-02
1.734728515148162842e-01
6.663372367620468140e-02
-8.605238050222396851e-02
1.652839779853820801e-01
4.397159069776535034e-02
-3.221640884876251221e-01
-1.998777966946363449e-03
1.065067276358604431e-01
2.114888131618499756e-01
1.036622151732444763e-01
3.824129700660705566e-02
1.817756518721580505e-02
-1.156551986932754517e-01
1.439279168844223022e-01
-1.492935121059417725e-01
3.650003671646118164e-02
1.178596541285514832e-01
1.022193282842636108e-01
3.353829309344291687e-02
3.794457763433456421e-02
-1.536454260349273682e-01
7.210874557495117188e-02
1.461520195007324219e-01
-1.750543862581253052e-01
-4.089621454477310181e-02
8.536073565483093262e-02
-8.922679722309112549e-02
-1.659488677978515625e-02
-7.955275475978851318e-02
2.583624422550201416e-01
1.954339742660522461e-01
-5.210453271865844727e-02
-2.076134532690048218e-01
1.870453357696533203e-01
-1.379016637802124023e-01
-1.267476826906204224e-01
5.151338875293731689e-02
-1.285587847232818604e-01
-9.238995611667633057e-02
-3.117133080959320068e-01
-9.868492186069488525e-02
3.231908082962036133e-01
6.329531967639923096e-02
-1.702506989240646362e-01
8.253303170204162598e-02
3.101937659084796906e-02
-3.593596164137125015e-03
1.361907869577407837e-01
1.572144627571105957e-01
-1.835604198276996613e-02
7.858598977327346802e-02
-6.172375380992889404e-02
-2.246560156345367432e-02
2.703710496425628662e-01
-2.281537652015686035e-02
-1.076031289994716644e-02
1.119380071759223938e-01
-6.630583666265010834e-03
6.409838795661926270e-02
5.434909090399742126e-02
1.887868344783782959e-02
-1.175750494003295898e-01
1.867525652050971985e-02
-1.140704303979873657e-01
-2.286645025014877319e-02
3.695898875594139099e-02
2.524211630225181580e-02
-4.356653615832328796e-02
1.297876685857772827e-01
-1.821406483650207520e-01
1.225660517811775208e-01
-2.137722633779048920e-02
-4.451516270637512207e-02
-2.229036763310432434e-04
5.526135116815567017e-02
1.232659816741943359e-02
-7.413282245397567749e-02
8.602266013622283936e-02
-2.400772124528884888e-01
1.802304685115814209e-01
1.639845222234725952e-01
-2.736484445631504059e-02
1.459296345710754395e-01
6.653242558240890503e-02
9.262689203023910522e-02
-4.609067365527153015e-02
-3.223032690584659576e-03
-2.176325917243957520e-01
-1.046760231256484985e-01
8.680874854326248169e-02
-6.894019991159439087e-02
1.037893965840339661e-01
2.058820426464080811e-02
