-4.107625037431716919e-02
1.083688158541917801e-02
2.339558489620685577e-02
-1.064680963754653931e-01
-1.315896958112716675e-01
-6.973829865455627441e-02
-4.255215823650360107e-02
-1.551629900932312012e-01
9.990309923887252808e-02
-1.192182749509811401e-01
2.691762745380401611e-01
-9.657747298479080200e-02
-2.855153977870941162e-01
-8.668863028287887573e-02
-8.547347784042358398e-02
2.077833861112594604e-01
-2.046494632959365845e-01
-1.474203318357467651e-01
-2.652391046285629272e-02
2.804906107485294342e-02
6.774063408374786377e-02
2.729342132806777954e-02
9.049164503812789917e-02
3.859647363424301147e-02
-1.345242261886596680e-01
-3.850997984409332275e-01
-1.382056623697280884e-01
-7.587027549743652344e-02
-9.097677469253540039e-02
-4.350155964493751526e-02
-3.054755553603172302e-02
5.428428202867507935e-02
-1.797175407409667969e-01
3.861226141452789307e-03
7.428866624832153320e-02
7.702253013849258423e-02
6.495264358818531036e-03
-8.229156583547592163e-02
1.366051286458969116e-01
7.614567875862121582e-03
-2.930984199047088623e-01
3.772644791752099991e-03
9.081414341926574707e-02
2.436192929744720459e-01
1.446652710437774658e-01
5.551699548959732056e-03
1.567153818905353546e-02
-1.380688995122909546e-01
6.818982213735580444e-02
-1.688701957464218140e-01
1.035718806087970734e-02
1.172396019101142883e-01
3.133580833673477173e-02
1.722929067909717560e-02
-3.982309252023696899e-02
-5.301576852798461914e-02
6.512850522994995117e-02
1.801487803459167480e-01
-2.043239623308181763e-01
-9.979093447327613831e-03
1.671173125505447388e-01
-1.207859590649604797e-01
-3.742174059152603149e-02
-8.228049427270889282e-02
2.158813774585723877e-01
6.931205093860626221e-02
-1.856779158115386963e-01
-1.880576461553573608e-01
7.048164308071136475e-02
-1.994712054729461670e-01
-7.194703072309494019e-02
5.808213353157043457e-02
-1.905450820922851562e-01
-2.190679162740707397e-01
-3.318789601325988770e-01
-2.300938963890075684e-02
3.643021881580352783e-01
8.968978375196456909e-02
-1.311312615871429443e-01
1.857196725904941559e-02
-2.749542705714702606e-02
8.415365219116210938e-02
1.338019669055938721e-01
1.617713123559951782e-01
2.992818504571914673e-02
7.493621110916137695e-02
-1.438707262277603149e-01
4.309286922216415405e-02
2.156098932027816772e-01
-1.316807270050048828e-01
-1.229754555970430374e-02
2.649989128112792969e-01
-4.259325936436653137e-02
7.280669361352920532e-02
3.063619323074817657e-02
8.171368390321731567e-02
-4.601920768618583679e-02
4.494344070553779602e-02
-1.106036156415939331e-01
1.027979999780654907e-01
-1.363025233149528503e-02
-4.985098168253898621e-02
-6.087834946811199188e-03
7.304467260837554932e-02
-9.571634232997894287e-02
5.936249718070030212e-02
-3.312577307224273682e-02
-1.024363376200199127e-02
8.519915863871574402e-03
-5.666041374206542969e-02
-6.461412459611892700e-02
-1.507922112941741943e-01
8.348254859447479248e-02
-2.751266658306121826e-01
1.688233911991119385e-01
2.225393801927566528e-01
1.015347763895988464e-01
1.031879037618637085e-01
5.880745872855186462e-02
5.938411504030227661e-02
-5.285713821649551392e-02
-5.385081097483634949e-02
-2.031024843454360962e-01
-8.073677308857440948e-04
8.301795274019241333e-02
-3.665023297071456909e-02
8.935656398534774780e-02
-5.708196014165878296e-02
