-1.442598253488540649e-01
6.328099966049194336e-02
4.776252806186676025e-02
-9.091985225677490234e-02
-1.351870149374008179e-01
1.668389886617660522e-03
-4.712256789207458496e-02
-1.117703393101692200e-01
1.644755452871322632e-01
-1.835490167140960693e-01
2.356683760881423950e-01
-6.114038079977035522e-02
-1.764421015977859497e-01
-1.178094893693923950e-01
-4.093213379383087158e-02
2.280812859535217285e-01
-1.958948522806167603e-01
-1.473333984613418579e-01
-1.665666326880455017e-02
2.479463815689086914e-03
5.748820304870605469e-02
-3.651314182206988335e-04
4.549796134233474731e-02
7.711134105920791626e-02
-1.341799199581146240e-01
-3.992647826671600342e-01
-5.434592440724372864e-02
-1.010517776012420654e-01
-2.724925428628921509e-02
-1.354234199970960617e-02
-5.622712522745132446e-02
3.814184665679931641e-02
-2.261360287666320801e-01
-3.335846215486526489e-02
1.742965728044509888e-02
1.577606052160263062e-01
1.543159317225217819e-02
-6.454833596944808960e-02
1.445423066616058350e-01
-1.891597919166088104e-02
-2.761965095996856689e-01
-6.800696998834609985e-02
4.797603189945220947e-02
2.262910008430480957e-01
1.102477014064788818e-01
2.130855247378349304e-02
2.830583043396472931e-02
-8.483074605464935303e-02
1.251686215400695801e-01
-1.706510335206985474e-01
3.384590893983840942e-02
6.328680366277694702e-02
-1.070069335401058197e-02
-1.416961662471294403e-03
2.705405279994010925e-02
-1.304777264595031738e-01
5.023915693163871765e-02
8.477724343538284302e-02
-1.363897025585174561e-01
-6.386861205101013184e-02
7.057859003543853760e-02
-8.155108243227005005e-02
-6.841174513101577759e-02
-1.348219662904739380e-01
2.536553740501403809e-01
1.288470327854156494e-01
-7.948724180459976196e-02
-2.350497394800186157e-01
1.331162154674530029e-01
-1.512255221605300903e-01
-7.684127241373062134e-02
5.177618563175201416e-02
-1.336819976568222046e-01
-1.241241768002510071e-01
-3.266195058822631836e-01
-2.644491009414196014e-02
3.841003477573394775e-01
1.025515347719192505e-01
-1.507599502801895142e-01
4.427047446370124817e-02
5.700215697288513184e-04
-5.621114280074834824e-03
1.334861665964126587e-01
1.775983273983001709e-01
3.829498589038848877e-02
1.384007036685943604e-01
-7.937479764223098755e-02
1.569235511124134064e-02
2.123613953590393066e-01
-6.307455897331237793e-02
-2.467712387442588806e-02
1.631466895341873169e-01
-4.473401978611946106e-02
3.085438720881938934e-02
4.533720389008522034e-02
-9.215194731950759888e-03
-8.612996339797973633e-02
8.543555438518524170e-02
-1.425931602716445923e-01
2.533108927309513092e-02
6.787571310997009277e-02
-2.303943783044815063e-02
-1.992020756006240845e-02
7.997156679630279541e-02
-1.916523128747940063e-01
1.086702421307563782e-01
-4.672890156507492065e-02
-1.112000271677970886e-02
1.337669230997562408e-02
-1.419937983155250549e-02
-1.305506378412246704e-01
-5.202567949891090393e-02
1.274239420890808105e-01
-2.033819705247879028e-01
2.015187293291091919e-01
1.758588850498199463e-01
5.804506316781044006e-02
1.582007855176925659e-01
1.257398277521133423e-01
7.489182054996490479e-02
-2.210512384772300720e-02
1.927525363862514496e-02
-2.362432330846786499e-01
-6.133479624986648560e-02
1.065278798341751099e-01
-9.459483623504638672e-02
1.137814000248908997e-01
-1.125857327133417130e-02
