-9.110904484987258911e-02
1.115863677114248276e-02
9.786076843738555908e-03
-9.306204319000244141e-02
-1.230431646108627319e-01
-8.833529800176620483e-02
-3.083308227360248566e-02
-6.706750392913818359e-02
1.482460051774978638e-01
-1.327695846557617188e-01
1.944842487573623657e-01
-8.916044980287551880e-02
-2.087725698947906494e-01
-9.596626460552215576e-02
-6.016669422388076782e-02
2.710562944412231445e-01
-2.340621352195739746e-01
-1.652265191078186035e-01
-2.896524593234062195e-02
5.322552099823951721e-02
9.797704964876174927e-02
1.421501208096742630e-02
1.158914808183908463e-02
6.259229034185409546e-02
-1.448339372873306274e-01
-4.006032347679138184e-01
-8.645112812519073486e-02
-5.215512961149215698e-02
-2.943108975887298584e-02
-2.192746102809906006e-02
-5.495961010456085205e-02
1.189744025468826294e-01
-1.500758230686187744e-01
-5.130635946989059448e-02
8.506412804126739502e-02
7.884898781776428223e-02
3.230799362063407898e-02
-5.994781106710433960e-02
1.566529273986816406e-01
1.840821653604507446e-02
-3.337515294551849365e-01
-3.728202357888221741e-02
1.268991976976394653e-01
2.487311810255050659e-01
1.227356046438217163e-01
4.187244549393653870e-02
4.844269156455993652e-02
-1.138834580779075623e-01
1.157068759202957153e-01
-2.060536891222000122e-01
-1.249056123197078705e-02
7.703575491905212402e-02
7.816992700099945068e-02
2.817418053746223450e-02
4.863888397812843323e-02
-1.154456287622451782e-01
3.954973444342613220e-02
1.346284151077270508e-01
-1.431739777326583862e-01
-2.741074748337268829e-02
8.614011853933334351e-02
-6.267309188842773438e-02
-1.514153555035591125e-02
-1.470948755741119385e-01
2.454070299863815308e-01
2.886669896543025970e-02
-1.632404178380966187e-01
-1.194950863718986511e-01
1.260591298341751099e-01
-1.220205873250961304e-01
-8.576144278049468994e-02
1.853841170668601990e-02
-1.239618882536888123e-01
-1.772760450839996338e-01
-3.412748575210571289e-01
-7.434218376874923706e-02
3.664675056934356689e-01
1.084055751562118530e-01
-1.699544489383697510e-01
6.961107254028320312e-02
2.091279625892639160e-02
2.284055761992931366e-02
1.324673146009445190e-01
1.979942023754119873e-01
-6.826428696513175964e-03
1.155093982815742493e-01
-6.035447120666503906e-02
-1.631728373467922211e-03
2.147626727819442749e-01
-7.433357834815979004e-02
1.930177398025989532e-02
1.720725446939468384e-01
-8.615981787443161011e-03
1.027771756052970886e-01
7.247502449899911880e-03
1.063006836920976639e-02
-6.004818528890609741e-02
4.753718152642250061e-02
-1.235576868057250977e-01
6.317012012004852295e-02
1.516753900796175003e-02
-1.697831600904464722e-02
7.627448067069053650e-04
9.447154402732849121e-02
-1.160715073347091675e-01
9.502176940441131592e-02
9.319395758211612701e-03
1.977621763944625854e-02
-1.849372871220111847e-03
5.895378813147544861e-02
-7.063655555248260498e-02
-9.447820484638214111e-02
4.231455177068710327e-02
-2.088806182146072388e-01
1.568782627582550049e-01
2.013973891735076904e-01
2.815036661922931671e-02
1.140833348035812378e-01
9.080441296100616455e-02
5.938980728387832642e-02
-3.244789689779281616e-02
-9.788549505174160004e-03
-2.056072354316711426e-01
-3.139609843492507935e-02
1.484703272581100464e-01
-9.683329612016677856e-02
1.084296628832817078e-01
-2.742193080484867096e-02
