-8.891609311103820801e-02
3.799497336149215698e-02
1.332618948072195053e-02
-1.126770004630088806e-01
-1.887239366769790649e-01
-5.752081796526908875e-02
-4.350293055176734924e-02
-1.205797940492630005e-01
1.379167288541793823e-01
-1.741048246622085571e-01
2.698605954647064209e-01
-1.079907193779945374e-01
-2.323015481233596802e-01
-2.158865705132484436e-02
-1.075923144817352295e-01
2.015445232391357422e-01
-2.005361020565032959e-01
-1.388728767633438110e-01
-2.974545210599899292e-02
-9.833469986915588379e-03
3.167825937271118164e-02
-2.470152266323566437e-02
8.300923742353916168e-03
4.579678550362586975e-02
-3.149195760488510132e-02
-3.929803967475891113e-01
-1.666003316640853882e-01
-8.983409404754638672e-02
3.135007619857788086e-02
-1.743634417653083801e-02
-3.133554756641387939e-02
-1.155967940576374531e-03
-1.349940299987792969e-01
-3.469240292906761169e-02
6.331904232501983643e-02
7.082505524158477783e-02
-6.357559561729431152e-02
-7.646968960762023926e-02
1.377713829278945923e-01
-1.404163986444473267e-02
-2.084601521492004395e-01
-4.452569037675857544e-02
1.093261018395423889e-01
2.330511063337326050e-01
1.202399879693984985e-01
8.290962874889373779e-02
1.399569027125835419e-02
-1.500789523124694824e-01
1.019734069705009460e-01
-1.633752137422561646e-01
1.289256196469068527e-02
1.032645851373672485e-01
1.421161741018295288e-01
7.368672639131546021e-02
2.078652754426002502e-02
-1.074652522802352905e-01
7.582076638936996460e-02
1.872600317001342773e-01
-2.093836069107055664e-01
4.298236593604087830e-02
1.146377921104431152e-01
-7.578798383474349976e-02
-4.418930411338806152e-02
-1.010771319270133972e-01
2.955439984798431396e-01
1.453066915273666382e-01
-1.679207682609558105e-01
-1.853891909122467041e-01
1.749816834926605225e-01
-1.884986609220504761e-01
-8.720687776803970337e-02
6.362082436680793762e-03
-1.315323561429977417e-01
-1.865762919187545776e-01
-2.529518306255340576e-01
-2.928829751908779144e-02
4.014213979244232178e-01
1.485757827758789062e-01
-1.251285970211029053e-01
-3.840509057044982910e-02
-3.409478068351745605e-02
7.332763634622097015e-03
9.705977141857147217e-02
1.223865896463394165e-01
-6.305037438869476318e-02
-3.439884632825851440e-02
-1.259902417659759521e-01
-4.115600883960723877e-02
1.905109286308288574e-01
-1.259164214134216309e-01
1.046570204198360443e-02
1.658090054988861084e-01
-4.782457649707794189e-02
1.076123937964439392e-01
-1.082921866327524185e-02
3.965020924806594849e-02
-1.494491696357727051e-01
6.766650825738906860e-02
-1.213895007967948914e-01
1.671512983739376068e-02
-3.938900306820869446e-02
-7.356574386358261108e-02
-9.026987478137016296e-03
6.072168052196502686e-02
-9.584460407495498657e-02
1.008901223540306091e-01
-2.883998490869998932e-02
-1.481743156909942627e-02
-3.202226385474205017e-02
-6.609838455915451050e-04
-8.837610483169555664e-02
-8.912803232669830322e-02
1.287591606378555298e-01
-2.182844281196594238e-01
2.302393764257431030e-01
2.034522742033004761e-01
9.734559804201126099e-02
1.508880406618118286e-01
1.182325109839439392e-01
6.371599435806274414e-02
-1.369271147996187210e-02
-8.057580888271331787e-02
-2.087048143148422241e-01
-4.018810391426086426e-02
3.595282137393951416e-02
-8.209098875522613525e-02
5.042456835508346558e-02
-2.597586810588836670e-02
