-9.319347888231277466e-02
5.083044618368148804e-02
5.880696326494216919e-02
-1.272522211074829102e-01
-9.969590604305267334e-02
-8.488231152296066284e-02
-6.613417714834213257e-02
-1.103966981172561646e-01
1.806516796350479126e-01
-1.816862821578979492e-01
2.649731040000915527e-01
-1.493451148271560669e-01
-1.846468299627304077e-01
-5.679518356919288635e-02
-6.878505647182464600e-02
2.484498769044876099e-01
-2.508592307567596436e-01
-1.124659329652786255e-01
-2.955118939280509949e-02
2.023376896977424622e-02
6.767049431800842285e-02
-4.268259927630424500e-02
8.571104146540164948e-03
7.853109389543533325e-02
-8.836412429809570312e-02
-3.887582421302795410e-01
-9.422383457422256470e-02
-7.108503580093383789e-02
2.530695497989654541e-02
-2.749247290194034576e-02
-2.553083747625350952e-02
2.496092952787876129e-02
-2.152054011821746826e-01
-3.372846543788909912e-02
2.557889558374881744e-02
1.105796396732330322e-01
1.420319639146327972e-02
-1.066343486309051514e-01
1.099039763212203979e-01
-3.234069794416427612e-02
-3.075369000434875488e-01
2.027718815952539444e-03
8.286974579095840454e-02
1.937716007232666016e-01
1.472920030355453491e-01
8.885810151696205139e-03
4.485923796892166138e-03
-1.625901609659194946e-01
1.637374758720397949e-01
-1.604594588279724121e-01
-2.091855928301811218e-02
7.919094711542129517e-02
1.565819606184959412e-02
3.671321645379066467e-02
2.865310385823249817e-02
-9.332875907421112061e-02
8.957917988300323486e-02
1.901104599237442017e-01
-1.902140974998474121e-01
1.120446901768445969e-02
1.433455497026443481e-01
-7.904667407274246216e-02
-1.446971110999584198e-02
-1.014767214655876160e-01
1.964418888092041016e-01
1.110530197620391846e-01
-1.174262017011642456e-01
-2.276879400014877319e-01
1.175424680113792419e-01
-1.700582951307296753e-01
-2.655958011746406555e-02
6.571852415800094604e-02
-1.136089116334915161e-01
-1.834622621536254883e-01
-2.930100262165069580e-01
-2.494879439473152161e-02
3.898796737194061279e-01
1.016870960593223572e-01
-1.167964115738868713e-01
6.588308513164520264e-02
1.662425324320793152e-02
-8.462527766823768616e-03
1.593214273452758789e-01
1.984235644340515137e-01
2.600280754268169403e-02
4.928440600633621216e-02
-7.225132733583450317e-02
9.170956909656524658e-04
2.222876399755477905e-01
-6.676790118217468262e-02
5.336559191346168518e-02
2.124985605478286743e-01
-8.956106752157211304e-02
4.099147766828536987e-02
-1.739628985524177551e-02
1.072493032552301884e-04
-1.370540410280227661e-01
1.018451675772666931e-01
-1.116714030504226685e-01
2.558708004653453827e-02
3.348018042743206024e-03
-5.369883775711059570e-02
-1.774221658706665039e-02
3.913826867938041687e-02
-1.556702554225921631e-01
8.113572001457214355e-02
-2.767153456807136536e-02
2.402209863066673279e-02
3.862467035651206970e-02
1.866834610700607300e-02
-4.204023629426956177e-02
-7.523687928915023804e-02
1.077127233147621155e-01
-2.109357118606567383e-01
2.237300723791122437e-01
1.876813918352127075e-01
1.096965298056602478e-01
1.148414760828018188e-01
1.066505685448646545e-01
8.708596229553222656e-02
1.050215773284435272e-02
-1.224778499454259872e-02
-1.975481659173965454e-01
6.835227366536855698e-03
5.560680851340293884e-02
-8.904866874217987061e-02
7.733892649412155151e-02
-5.859363079071044922e-02
