-1.081176549196243286e-01
5.878674611449241638e-02
6.673029810190200806e-02
-1.063102781772613525e-01
-1.039045080542564392e-01
1.002382859587669373e-02
-8.051994442939758301e-02
-9.964118152856826782e-02
1.907973140478134155e-01
-2.370093613862991333e-01
2.402561157941818237e-01
-1.483359374105930328e-02
-1.617219746112823486e-01
-1.271206289529800415e-01
-2.143769711256027222e-02
2.211743295192718506e-01
-2.311156988143920898e-01
-1.789570748805999756e-01
-2.359655685722827911e-03
1.127353031188249588e-02
4.699771106243133545e-02
6.548408418893814087e-03
6.696215365082025528e-03
4.680114984512329102e-02
-1.073411405086517334e-01
-4.126876294612884521e-01
-6.838952749967575073e-02
-7.240588963031768799e-02
1.918849721550941467e-02
-7.265887409448623657e-02
-4.908400028944015503e-02
6.322295218706130981e-02
-2.378581315279006958e-01
5.541676655411720276e-03
-3.495280444622039795e-02
1.379660964012145996e-01
-1.727686449885368347e-02
-2.587413042783737183e-02
1.302221417427062988e-01
3.885629773139953613e-02
-2.936941981315612793e-01
-1.020012143999338150e-02
5.535309016704559326e-02
2.246500104665756226e-01
1.582631915807723999e-01
5.735770612955093384e-02
-2.471963316202163696e-02
-1.369967907667160034e-01
1.776544302701950073e-01
-2.290594875812530518e-01
5.931971222162246704e-02
8.730672299861907959e-02
6.052941083908081055e-02
2.228263393044471741e-02
3.833018243312835693e-02
-1.327489763498306274e-01
4.028251022100448608e-02
1.292071938514709473e-01
-2.413548976182937622e-01
3.475856781005859375e-02
6.808888912200927734e-02
-1.011333316564559937e-01
-4.295526444911956787e-02
-1.071982011198997498e-01
2.326775789260864258e-01
1.740962862968444824e-01
-7.126925885677337646e-02
-2.044455260038375854e-01
1.786680221557617188e-01
-1.738868504762649536e-01
-7.016474753618240356e-02
8.281420916318893433e-02
-5.502973124384880066e-02
-1.766709238290786743e-01
-2.767876088619232178e-01
-1.383902877569198608e-02
3.498378396034240723e-01
1.334102749824523926e-01
-1.243830248713493347e-01
4.623503610491752625e-02
1.353267021477222443e-02
-7.907477766275405884e-02
1.169463843107223511e-01
1.619389951229095459e-01
-3.309573233127593994e-02
4.683118686079978943e-02
-6.206772103905677795e-02
-3.271206282079219818e-03
2.218228280544281006e-01
-5.549639463424682617e-04
5.225084349513053894e-02
2.320730090141296387e-01
-4.430549591779708862e-02
5.229061841964721680e-02
2.121459692716598511e-02
-5.168508738279342651e-03
-1.298711597919464111e-01
8.748078346252441406e-02
-1.794005930423736572e-01
-5.272717773914337158e-02
-2.665346674621105194e-02
-7.537290453910827637e-02
-1.808790490031242371e-02
6.179482117295265198e-02
-1.765741258859634399e-01
1.552706211805343628e-01
-3.492833301424980164e-02
-1.354579254984855652e-02
4.545850679278373718e-02
3.512477269396185875e-04
-7.475626468658447266e-02
-7.144944369792938232e-02
1.103668436408042908e-01
-2.178869545459747314e-01
2.156513035297393799e-01
1.582263857126235962e-01
9.760101884603500366e-02
1.757124066352844238e-01
1.250819265842437744e-01
1.200703829526901245e-01
-3.243554383516311646e-02
-7.624847441911697388e-02
-2.530882656574249268e-01
-8.688233792781829834e-03
1.152159571647644043e-01
-1.179081425070762634e-01
8.574438095092773438e-02
4.912167787551879883e-05
