-1.080148145556449890e-01
9.000805020332336426e-02
4.077471420168876648e-02
-1.530884653329849243e-01
-1.769941598176956177e-01
-5.801459401845932007e-02
-2.115317061543464661e-02
-1.918440461158752441e-01
1.643472909927368164e-01
-1.956310123205184937e-01
2.779516577720642090e-01
-1.385651677846908569e-01
-1.792523562908172607e-01
-9.542573243379592896e-02
-7.749965786933898926e-02
2.202443331480026245e-01
-2.689644396305084229e-01
-1.834056824445724487e-01
-2.644353173673152924e-02
-4.283131659030914307e-02
7.460257411003112793e-02
3.912740200757980347e-02
-8.624372072517871857e-03
5.290380492806434631e-02
-1.355518996715545654e-01
-3.746589422225952148e-01
-1.393766403198242188e-01
-7.150445133447647095e-02
-1.341541390866041183e-02
-3.826801432296633720e-03
2.777576819062232971e-02
8.821018040180206299e-02
-2.061377912759780884e-01
-7.966719567775726318e-03
3.276783972978591919e-02
7.743245363235473633e-02
4.873714968562126160e-02
-8.318161219358444214e-02
3.392907604575157166e-02
-5.895075574517250061e-02
-2.638945877552032471e-01
-2.607360854744911194e-02
1.479956805706024170e-01
2.192144095897674561e-01
1.574414521455764771e-01
-3.226055949926376343e-02
-1.684838533401489258e-02
-1.521252989768981934e-01
8.997850865125656128e-02
-1.043851375579833984e-01
-3.817809373140335083e-02
8.279761672019958496e-02
3.643169254064559937e-02
1.902701333165168762e-02
5.214820802211761475e-02
-1.272764801979064941e-01
4.455421864986419678e-02
1.561380624771118164e-01
-1.701836585998535156e-01
-5.981944501399993896e-02
1.145421117544174194e-01
-7.070137560367584229e-02
-5.738578736782073975e-02
-1.543286293745040894e-01
2.044105976819992065e-01
8.328780531883239746e-02
-1.178068667650222778e-01
-2.537632882595062256e-01
1.490127742290496826e-01
-1.419322192668914795e-01
-8.860959112644195557e-02
5.770586431026458740e-02
-1.750242710113525391e-01
-1.544175297021865845e-01
-3.322357237339019775e-01
-3.610210493206977844e-02
4.537571668624877930e-01
1.326033920049667358e-01
-1.143668815493583679e-01
8.219584077596664429e-02
-3.579801693558692932e-02
4.826795682311058044e-02
9.055638313293457031e-02
1.247883811593055725e-01
-2.056671865284442902e-02
6.909685581922531128e-02
-1.335764825344085693e-01
6.099919229745864868e-02
1.387196481227874756e-01
-7.031751424074172974e-02
-1.037881337106227875e-02
2.080619037151336670e-01
-8.797543495893478394e-02
3.494561091065406799e-02
3.397555556148290634e-03
3.711024299263954163e-03
-1.368685960769653320e-01
1.098782047629356384e-01
-1.277123093605041504e-01
-5.635831970721483231e-03
3.211519680917263031e-03
-3.663335740566253662e-02
-8.707136847078800201e-03
1.223805174231529236e-01
-1.212542429566383362e-01
1.087877601385116577e-01
-1.214517978951334953e-03
3.640365228056907654e-02
-3.798132762312889099e-02
1.201939210295677185e-02
-3.037837147712707520e-02
-4.109473153948783875e-02
9.980148822069168091e-02
-2.508423626422882080e-01
1.408948451280593872e-01
1.495894342660903931e-01
6.392905116081237793e-02
1.814191788434982300e-01
1.000783219933509827e-01
8.667717874050140381e-02
-6.643807888031005859e-02
-5.358879268169403076e-02
-2.191737294197082520e-01
2.705180086195468903e-03
6.670280545949935913e-02
-9.844287484884262085e-02
9.451374411582946777e-02
2.877026796340942383e-03
