-1.491391658782958984e-01
1.204676553606987000e-01
3.322236984968185425e-02
-1.048651263117790222e-01
-5.613645911216735840e-02
-6.496539711952209473e-02
-4.566040262579917908e-02
-1.727060377597808838e-01
1.804768890142440796e-01
-1.684565246105194092e-01
2.790623307228088379e-01
-1.284151673316955566e-01
-1.565272510051727295e-01
-1.463501304388046265e-01
-1.477298699319362640e-02
2.504437267780303955e-01
-2.693937718868255615e-01
-1.846071332693099976e-01
-2.295093983411788940e-02
1.388578489422798157e-02
8.528371155261993408e-02
-2.223383449018001556e-02
5.098622292280197144e-03
1.076187267899513245e-01
-1.020086631178855896e-01
-4.201318323612213135e-01
-1.011955514550209045e-01
-6.722858548164367676e-02
9.789936244487762451e-03
-3.147581964731216431e-02
-2.402423880994319916e-02
6.549008935689926147e-02
-2.720930576324462891e-01
-3.926985710859298706e-02
5.372287705540657043e-04
1.016347631812095642e-01
6.574197858572006226e-02
-1.095480769872665405e-01
1.100028604269027710e-01
-4.864368215203285217e-02
-2.721426486968994141e-01
-1.534725539386272430e-02
9.091906249523162842e-02
2.113429009914398193e-01
1.466871052980422974e-01
-4.645594581961631775e-02
8.434979245066642761e-03
-1.280078887939453125e-01
9.534473717212677002e-02
-1.403028815984725952e-01
-6.764023005962371826e-02
1.140004917979240417e-01
2.123028412461280823e-02
1.067402213811874390e-02
1.145641412585973740e-02
-1.188771724700927734e-01
2.723138779401779175e-02
1.295345723628997803e-01
-1.499431729316711426e-01
-3.636534139513969421e-02
7.402785867452621460e-02
-7.745230197906494141e-02
-2.535067871212959290e-02
-1.100457683205604553e-01
2.310582846403121948e-01
1.352404803037643433e-01
-9.594368934631347656e-02
-2.006125748157501221e-01
1.417766660451889038e-01
-9.870668500661849976e-02
-1.513922121375799179e-02
3.119759820401668549e-02
-1.472789645195007324e-01
-1.865196973085403442e-01
-2.793244123458862305e-01
-1.816065236926078796e-02
3.589323163032531738e-01
3.976508602499961853e-02
-1.633901000022888184e-01
1.014181673526763916e-01
-3.442700207233428955e-02
3.279045224189758301e-03
1.226943582296371460e-01
1.766273826360702515e-01
1.727927848696708679e-02
6.247190758585929871e-02
-8.741869032382965088e-02
7.732228189706802368e-02
2.302395850419998169e-01
-3.596538305282592773e-02
5.551028251647949219e-02
2.211474478244781494e-01
-1.024394184350967407e-01
1.330062467604875565e-02
1.193163916468620300e-02
6.504883058369159698e-03
-7.236772775650024414e-02
1.097219884395599365e-01
-1.185042113065719604e-01
6.057405099272727966e-02
1.861654967069625854e-02
-3.805044665932655334e-02
-3.306765481829643250e-02
9.144133329391479492e-02
-1.505204290151596069e-01
2.324932441115379333e-02
1.955696940422058105e-02
2.255029231309890747e-02
2.091817371547222137e-02
5.976468324661254883e-03
-4.159456863999366760e-02
-8.240007609128952026e-02
7.717877626419067383e-02
-2.065025568008422852e-01
2.266814559698104858e-01
1.665740013122558594e-01
8.516904897987842560e-03
1.494648307561874390e-01
6.696952134370803833e-02
1.200477927923202515e-01
-7.296382449567317963e-03
-3.870119526982307434e-02
-2.011330574750900269e-01
2.184743992984294891e-02
1.120231151580810547e-01
-6.718681752681732178e-02
4.598663002252578735e-02
-4.794378206133842468e-02
