-1.376111656427383423e-01
-9.523341432213783264e-04
3.065297752618789673e-02
-1.065975800156593323e-01
-8.666921406984329224e-02
-2.174448966979980469e-02
-4.143857955932617188e-02
-1.622486710548400879e-01
1.353326886892318726e-01
-1.910926401615142822e-01
2.727063000202178955e-01
-1.039831936359405518e-01
-2.233658432960510254e-01
-5.905165895819664001e-02
-6.783439964056015015e-02
2.144871354103088379e-01
-2.301792353391647339e-01
-1.126788556575775146e-01
-5.586298555135726929e-02
5.994579195976257324e-02
5.662772804498672485e-02
-2.935497462749481201e-02
2.764566801488399506e-02
1.837303489446640015e-02
-8.084942400455474854e-02
-3.848244547843933105e-01
-1.371348798274993896e-01
-5.653350427746772766e-02
-7.144328951835632324e-02
1.951871998608112335e-02
-1.058826968073844910e-02
5.988064408302307129e-02
-2.009609490633010864e-01
1.267253980040550232e-02
2.164459601044654846e-02
9.968332946300506592e-02
-3.068186156451702118e-02
-6.782151758670806885e-02
1.084558144211769104e-01
-5.338613688945770264e-02
-2.506127655506134033e-01
-3.947918489575386047e-02
9.985035657882690430e-02
2.094326466321945190e-01
1.501148045063018799e-01
1.853884942829608917e-02
-1.863706111907958984e-02
-1.290595382452011108e-01
8.689272403717041016e-02
-1.961872279644012451e-01
-3.651767224073410034e-02
1.068847179412841797e-01
1.525772269815206528e-02
4.185461997985839844e-02
2.591033838689327240e-02
-5.216890573501586914e-02
8.319825679063796997e-02
1.567287147045135498e-01
-1.451966315507888794e-01
-1.225955970585346222e-02
1.216258257627487183e-01
-9.898869693279266357e-02
-5.405536293983459473e-02
-1.250169873237609863e-01
2.467194497585296631e-01
1.468950361013412476e-01
-1.488209962844848633e-01
-2.019506692886352539e-01
1.201566681265830994e-01
-1.517711579799652100e-01
-5.767321959137916565e-02
1.287516206502914429e-02
-1.840064972639083862e-01
-2.242917269468307495e-01
-2.845793962478637695e-01
-4.358673840761184692e-02
3.543560504913330078e-01
8.810077607631683350e-02
-1.167079657316207886e-01
5.727930739521980286e-02
-3.652682993561029434e-03
2.231618016958236694e-02
1.535920053720474243e-01
1.681686490774154663e-01
3.359816223382949829e-02
3.557482734322547913e-02
-7.926324009895324707e-02
1.107964571565389633e-02
2.252833098173141479e-01
-1.074644848704338074e-01
3.420424461364746094e-02
2.194152921438217163e-01
-7.990209758281707764e-02
-1.763775758445262909e-02
1.187820360064506531e-02
-4.773724358528852463e-03
-4.120917618274688721e-02
6.015514954924583435e-02
-1.527101397514343262e-01
5.113966390490531921e-02
6.292937323451042175e-04
-5.876079574227333069e-02
-8.996587246656417847e-03
6.554651260375976562e-02
-1.033044159412384033e-01
6.720841675996780396e-02
-2.923543006181716919e-02
3.735279664397239685e-02
6.894899159669876099e-02
-5.527058616280555725e-02
-8.580987155437469482e-02
-9.717266261577606201e-02
9.729199856519699097e-02
-2.189455926418304443e-01
1.933694630861282349e-01
1.614184975624084473e-01
5.867505818605422974e-02
1.069529801607131958e-01
8.013255894184112549e-02
1.330394446849822998e-01
-4.547968506813049316e-02
3.749607503414154053e-02
-2.324831187725067139e-01
-2.721604192629456520e-03
8.301173150539398193e-02
-2.889949269592761993e-02
4.457271099090576172e-02
-5.948844179511070251e-02
