-1.104694157838821411e-01
9.129229933023452759e-02
2.325957268476486206e-02
-9.868475049734115601e-02
-1.306123435497283936e-01
-3.916098549962043762e-02
-8.485729992389678955e-02
-1.788240075111389160e-01
1.644930690526962280e-01
-1.697195172309875488e-01
2.849309742450714111e-01
-7.706939429044723511e-02
-2.592966854572296143e-01
-9.337814897298812866e-02
-5.834859609603881836e-02
2.305085211992263794e-01
-2.174556553363800049e-01
-1.455699801445007324e-01
-4.782569035887718201e-02
2.253768406808376312e-02
3.587457165122032166e-02
-2.761174365878105164e-02
6.548230350017547607e-02
2.419744245707988739e-02
-1.092417091131210327e-01
-3.958631753921508789e-01
-5.251688510179519653e-02
-6.229624897241592407e-02
-2.193770185112953186e-02
-5.340903624892234802e-02
-5.965904146432876587e-02
6.274950504302978516e-02
-2.144024819135665894e-01
-3.188563510775566101e-02
2.453646063804626465e-02
9.178414195775985718e-02
-2.253249660134315491e-02
-1.037980318069458008e-01
1.736337244510650635e-01
-4.063966684043407440e-03
-2.893461287021636963e-01
-5.539598688483238220e-02
4.952599853277206421e-02
2.217725217342376709e-01
1.438166648149490356e-01
-2.013420313596725464e-02
1.157745718955993652e-03
-1.270131915807723999e-01
1.675287634134292603e-01
-2.126904129981994629e-01
-5.301451310515403748e-02
1.090266108512878418e-01
4.962356388568878174e-02
-1.010110601782798767e-03
1.459396164864301682e-02
-6.819713860750198364e-02
5.211265757679939270e-02
1.900798976421356201e-01
-1.863715797662734985e-01
-2.960866503417491913e-02
1.061086058616638184e-01
-1.149343326687812805e-01
-5.638956651091575623e-02
-1.487832814455032349e-01
2.758077383041381836e-01
1.295280158519744873e-01
-1.398748755455017090e-01
-1.320884525775909424e-01
7.744012027978897095e-02
-8.789961785078048706e-02
-5.643901601433753967e-02
3.629966080188751221e-02
-1.312353014945983887e-01
-2.170790135860443115e-01
-2.595641314983367920e-01
-2.825791947543621063e-02
3.722070157527923584e-01
9.872504323720932007e-02
-1.261986196041107178e-01
4.942302405834197998e-02
-1.464942842721939087e-02
-3.185483813285827637e-02
8.859850466251373291e-02
1.528000384569168091e-01
-2.977911569178104401e-02
8.641530573368072510e-02
-6.262996792793273926e-02
1.748016662895679474e-02
2.433297336101531982e-01
-9.461159259080886841e-02
4.092918336391448975e-02
2.601249516010284424e-01
-9.317674487829208374e-02
6.442143023014068604e-02
-4.861972760409116745e-03
-8.011002093553543091e-03
-1.139434128999710083e-01
5.562374740839004517e-02
-1.042436137795448303e-01
-1.278111804276704788e-02
6.426915526390075684e-02
-9.448175132274627686e-02
3.632244095206260681e-02
5.138670280575752258e-02
-1.651220172643661499e-01
4.909377917647361755e-02
-3.431264683604240417e-02
5.494233593344688416e-02
1.058953776955604553e-01
-4.580632969737052917e-02
-3.462310507893562317e-02
-1.132096052169799805e-01
9.049989283084869385e-02
-2.266362160444259644e-01
2.143560200929641724e-01
1.666886061429977417e-01
6.898553669452667236e-02
1.250121593475341797e-01
1.094982400536537170e-01
5.110426247119903564e-02
-1.923180371522903442e-02
1.352292206138372421e-02
-1.696111708879470825e-01
-3.205219656229019165e-02
1.443894356489181519e-01
-4.903428256511688232e-02
1.031197756528854370e-01
-6.749889254570007324e-02
