-1.498686671257019043e-01
1.011643335223197937e-01
1.515619084239006042e-02
-7.694641500711441040e-02
-1.655389815568923950e-01
-3.416990488767623901e-02
-2.646326646208763123e-02
-1.649706363677978516e-01
1.596605032682418823e-01
-1.870814412832260132e-01
1.811260282993316650e-01
-9.803947061300277710e-02
-2.041836082935333252e-01
-3.732267767190933228e-02
-9.474197030067443848e-02
2.054031938314437866e-01
-1.653902232646942139e-01
-1.524118930101394653e-01
-8.862093836069107056e-02
-1.039232127368450165e-02
8.334776014089584351e-02
5.332792177796363831e-02
3.075322136282920837e-03
2.556671202182769775e-02
-1.112160384654998779e-01
-3.443064391613006592e-01
-9.415743499994277954e-02
-3.803202509880065918e-02
-9.207082912325859070e-03
-7.559898495674133301e-02
-4.946573823690414429e-02
6.975457072257995605e-02
-2.014043629169464111e-01
-4.421718418598175049e-02
2.835931256413459778e-02
1.145955175161361694e-01
2.107273228466510773e-02
-8.545066416263580322e-02
9.445853531360626221e-02
-1.011496037244796753e-02
-2.838996350765228271e-01
8.023520931601524353e-03
1.123046278953552246e-01
2.425656914710998535e-01
1.682067811489105225e-01
-3.341148793697357178e-02
-4.362959414720535278e-03
-1.529224216938018799e-01
1.277198493480682373e-01
-1.399636417627334595e-01
-7.481211423873901367e-02
1.075207591056823730e-01
-8.666293695569038391e-03
5.125210434198379517e-02
1.854725554585456848e-02
-7.752022147178649902e-02
7.245476543903350830e-02
1.549199074506759644e-01
-1.310491561889648438e-01
-4.618829116225242615e-03
1.726901978254318237e-01
-1.190667450428009033e-01
-4.554710164666175842e-02
-9.204782545566558838e-02
2.033190131187438965e-01
6.783982366323471069e-02
-9.293828904628753662e-02
-2.108750790357589722e-01
1.083371639251708984e-01
-1.644903719425201416e-01
-7.441402971744537354e-02
3.152452409267425537e-02
-1.575818508863449097e-01
-1.690869629383087158e-01
-2.629028856754302979e-01
-6.875677034258842468e-03
4.209867417812347412e-01
1.307399421930313110e-01
-9.120397269725799561e-02
1.011948511004447937e-01
-6.558427121490240097e-03
2.675546519458293915e-02
1.538403034210205078e-01
1.803525388240814209e-01
9.599691256880760193e-03
5.102525651454925537e-02
-6.700083613395690918e-02
7.727237045764923096e-02
2.562945783138275146e-01
-4.253459349274635315e-02
9.808972477912902832e-03
1.968331784009933472e-01
-4.027336835861206055e-02
2.776816487312316895e-02
1.250604074448347092e-02
-7.067220285534858704e-04
-1.082296222448348999e-01
5.900109559297561646e-02
-1.060796529054641724e-01
3.613210842013359070e-02
1.736548170447349548e-02
-8.162107318639755249e-02
7.118064910173416138e-03
1.009406447410583496e-01
-1.072397828102111816e-01
9.902063757181167603e-02
-3.533823415637016296e-02
5.522125214338302612e-02
9.133623912930488586e-03
-3.547615185379981995e-02
-3.818104416131973267e-02
-1.716478727757930756e-02
8.600562810897827148e-02
-1.892923712730407715e-01
2.218696624040603638e-01
1.669624596834182739e-01
5.072846263647079468e-02
1.078984439373016357e-01
1.135574430227279663e-01
8.473061770200729370e-02
1.564089208841323853e-02
4.087471216917037964e-02
-1.929983049631118774e-01
-3.356236964464187622e-02
1.073336228728294373e-01
-8.284152299165725708e-02
1.003481373190879822e-01
-4.403959214687347412e-02
