-1.667270064353942871e-01
7.201805710792541504e-02
6.013219244778156281e-03
-1.119532212615013123e-01
-1.710200458765029907e-01
-8.461893349885940552e-02
-6.550874561071395874e-02
-1.872520893812179565e-01
1.722517013549804688e-01
-1.741430312395095825e-01
2.667175531387329102e-01
-1.042563319206237793e-01
-1.848462820053100586e-01
-7.200321555137634277e-02
-7.267753779888153076e-02
2.182832658290863037e-01
-2.599887251853942871e-01
-1.270123124122619629e-01
1.341458130627870560e-02
-3.146130964159965515e-02
6.832453608512878418e-02
-1.206953264772891998e-02
-2.956263488158583641e-03
4.730438441038131714e-02
-8.503792434930801392e-02
-4.158657789230346680e-01
-9.815905988216400146e-02
-8.638188242912292480e-02
2.632291242480278015e-02
-4.335448890924453735e-02
1.315446291118860245e-02
1.122563630342483521e-01
-1.571159660816192627e-01
-3.508710488677024841e-02
1.729053631424903870e-02
9.599366039037704468e-02
1.612547785043716431e-02
-5.272118002176284790e-02
1.422668248414993286e-01
-1.956317014992237091e-02
-2.513609528541564941e-01
-1.458558905869722366e-02
8.070974051952362061e-02
2.365839481353759766e-01
1.055500209331512451e-01
-9.428359568119049072e-03
4.042427241802215576e-02
-1.235499233007431030e-01
1.320545673370361328e-01
-1.472668051719665527e-01
-5.022798851132392883e-02
9.705110639333724976e-02
6.579528003931045532e-02
5.599759984761476517e-03
1.709789503365755081e-03
-9.934100508689880371e-02
2.649271301925182343e-02
1.409141719341278076e-01
-2.094537615776062012e-01
1.588402315974235535e-03
1.530830413103103638e-01
-8.717617392539978027e-02
-8.111168444156646729e-02
-8.613122254610061646e-02
2.311423718929290771e-01
1.409515589475631714e-01
-1.419265419244766235e-01
-1.645558327436447144e-01
9.460369497537612915e-02
-1.214701682329177856e-01
-8.818140625953674316e-02
6.423244718462228775e-03
-1.416483819484710693e-01
-1.931035071611404419e-01
-2.594480812549591064e-01
-1.058685407042503357e-02
3.775492906570434570e-01
6.766004860401153564e-02
-1.254741847515106201e-01
3.195345029234886169e-02
-2.985215978696942329e-04
-1.968312077224254608e-02
1.321791261434555054e-01
1.653258353471755981e-01
-6.527470424771308899e-03
1.357121206820011139e-02
-5.939781665802001953e-02
2.948466688394546509e-02
1.681533306837081909e-01
-5.981632694602012634e-02
1.220597140491008759e-02
1.988949626684188843e-01
-4.708991572260856628e-02
8.766175061464309692e-02
-3.566271811723709106e-02
5.772436782717704773e-02
-1.193853989243507385e-01
7.793132960796356201e-02
-8.731216192245483398e-02
1.485476270318031311e-02
3.706127777695655823e-02
-2.253238670527935028e-02
-5.019367672502994537e-03
5.572143197059631348e-02
-1.336358934640884399e-01
1.378694176673889160e-01
-1.510867103934288025e-02
3.803425282239913940e-02
3.307438455522060394e-03
-2.831215970218181610e-02
-2.151426859200000763e-02
-3.647468984127044678e-02
8.848980814218521118e-02
-2.024739384651184082e-01
2.134617120027542114e-01
1.930332034826278687e-01
4.911769554018974304e-02
1.741420030593872070e-01
9.551119804382324219e-02
7.917028851807117462e-03
1.378731895238161087e-02
-2.701710909605026245e-02
-1.992026567459106445e-01
-3.015510924160480499e-02
8.802269399166107178e-02
-8.355048298835754395e-02
4.553214088082313538e-02
-5.431687831878662109e-02
