-7.203333079814910889e-02
1.175164729356765747e-01
8.520364761352539062e-02
-6.831940263509750366e-02
-7.469031959772109985e-02
1.105996593832969666e-02
-5.699909478425979614e-02
-1.649229973554611206e-01
1.749071925878524780e-01
-9.416291117668151855e-02
2.674235999584197998e-01
-3.300186619162559509e-02
-1.956216543912887573e-01
-1.187835335731506348e-01
-9.540496394038200378e-03
2.060650736093521118e-01
-1.831103712320327759e-01
-2.024854570627212524e-01
-3.103182464838027954e-02
5.042957514524459839e-02
-8.952166885137557983e-03
-7.536063343286514282e-02
4.889111593365669250e-02
7.458733767271041870e-02
-1.220158636569976807e-01
-3.551626503467559814e-01
-4.606283456087112427e-02
-1.488766372203826904e-01
3.744174167513847351e-02
-5.231809988617897034e-02
-3.193587064743041992e-02
-2.954539470374584198e-02
-2.458614706993103027e-01
-4.281328991055488586e-02
9.912586770951747894e-03
1.120949238538742065e-01
-1.676191762089729309e-02
-1.631804853677749634e-01
1.663030385971069336e-01
-1.983908936381340027e-02
-2.769618928432464600e-01
-4.627995565533638000e-02
3.087417036294937134e-02
2.049629688262939453e-01
1.175734922289848328e-01
1.689302385784685612e-03
7.076280564069747925e-02
-1.165758073329925537e-01
1.990221738815307617e-01
-1.934223026037216187e-01
4.360987246036529541e-02
7.240225374698638916e-02
8.245424926280975342e-02
3.314924240112304688e-02
2.728906273841857910e-02
-1.650352925062179565e-01
9.242460876703262329e-02
1.445904821157455444e-01
-1.948353499174118042e-01
4.976208508014678955e-02
9.385539591312408447e-02
-7.463181391358375549e-03
7.082009688019752502e-04
-9.564940631389617920e-02
2.672287523746490479e-01
1.298672407865524292e-01
-1.108424589037895203e-01
-1.451412141323089600e-01
1.156442016363143921e-01
-8.237712830305099487e-02
-3.529440984129905701e-02
8.134735375642776489e-02
-1.496461778879165649e-01
-1.735460311174392700e-01
-2.992414534091949463e-01
-2.314232289791107178e-02
4.243502318859100342e-01
6.746929883956909180e-02
-1.525015681982040405e-01
-8.088207803666591644e-03
-7.578975707292556763e-02
2.356564812362194061e-02
7.224898040294647217e-02
1.312523633241653442e-01
5.575861781835556030e-03
2.581605687737464905e-02
-9.093175828456878662e-02
-3.599233552813529968e-02
2.924299240112304688e-01
-4.989255964756011963e-02
4.719331394881010056e-03
1.776723116636276245e-01
-9.262333065271377563e-02
1.447863411158323288e-02
-4.546066373586654663e-02
2.197824418544769287e-02
-7.916378229856491089e-02
1.028778776526451111e-01
-7.310926169157028198e-02
2.586550451815128326e-02
-9.908203035593032837e-03
-4.041759669780731201e-02
-7.782548666000366211e-03
5.360694974660873413e-02
-2.374372482299804688e-01
3.836015984416007996e-02
3.592537343502044678e-02
3.943205624818801880e-02
8.554571866989135742e-02
2.234593220055103302e-02
-1.230046749114990234e-01
-8.810284733772277832e-02
1.401633173227310181e-01
-2.765448987483978271e-01
2.818448543548583984e-01
1.940421313047409058e-01
8.349686115980148315e-02
8.521654456853866577e-02
8.517490327358245850e-02
6.891679018735885620e-02
1.879896968603134155e-03
-2.978917211294174194e-02
-1.793107986450195312e-01
-4.886356741189956665e-02
8.171447366476058960e-02
-6.928224116563796997e-02
4.758120328187942505e-02
-2.558244857937097549e-03
