-1.598635613918304443e-01
5.822438001632690430e-02
2.667731977999210358e-02
-1.034439876675605774e-01
-1.984016895294189453e-01
-8.334154635667800903e-02
-9.990599751472473145e-02
-1.306026130914688110e-01
1.532290279865264893e-01
-1.322888731956481934e-01
2.289105057716369629e-01
-6.157096475362777710e-02
-1.539767235517501831e-01
-6.940452009439468384e-02
-6.975610554218292236e-02
2.241196334362030029e-01
-1.545468270778656006e-01
-1.891205161809921265e-01
5.039879120886325836e-03
2.529608085751533508e-02
5.353843420743942261e-02
-3.246259689331054688e-02
7.530572265386581421e-02
7.204911857843399048e-02
-1.423736363649368286e-01
-3.595869839191436768e-01
-6.309130787849426270e-02
-1.127030774950981140e-01
-2.661386132240295410e-02
-4.633095115423202515e-03
-1.946439594030380249e-02
3.458658978343009949e-02
-1.771134436130523682e-01
-6.018318235874176025e-03
2.443259954452514648e-02
1.103971302509307861e-01
5.197706632316112518e-03
-4.117199778556823730e-02
1.799810528755187988e-01
-4.129798151552677155e-03
-3.600632846355438232e-01
1.034594140946865082e-02
2.738795988261699677e-02
2.365028709173202515e-01
1.696069687604904175e-01
2.363011427223682404e-02
5.052400752902030945e-02
-1.692928522825241089e-01
1.843429207801818848e-01
-1.448424458503723145e-01
3.383985161781311035e-02
8.998678624629974365e-02
2.864401787519454956e-02
-5.868237093091011047e-02
3.105547092854976654e-02
-8.965909481048583984e-02
8.813549578189849854e-02
1.462744921445846558e-01
-2.289484292268753052e-01
-2.537359856069087982e-02
1.393255740404129028e-01
7.066000252962112427e-04
-2.458294853568077087e-02
-1.773804873228073120e-01
2.279923260211944580e-01
1.226830855011940002e-01
-1.279118806123733521e-01
-1.821796000003814697e-01
1.334712654352188110e-01
-1.489927470684051514e-01
-9.139265865087509155e-02
1.097280532121658325e-01
-1.562280952930450439e-01
-1.934030652046203613e-01
-3.587693870067596436e-01
-6.867641210556030273e-02
4.479772746562957764e-01
1.172577515244483948e-01
-1.249090284109115601e-01
1.058756746351718903e-02
2.260427363216876984e-02
4.958589561283588409e-03
9.773356467485427856e-02
1.319287270307540894e-01
-5.724123120307922363e-02
5.029612407088279724e-02
-1.093014031648635864e-01
-4.448425769805908203e-02
2.346943169832229614e-01
-3.171781450510025024e-02
-2.926139160990715027e-02
1.601797342300415039e-01
-1.090331748127937317e-02
7.207849621772766113e-02
-6.196205969899892807e-03
8.852859586477279663e-02
-1.235893815755844116e-01
6.568137556314468384e-02
-1.304836124181747437e-01
2.911115065217018127e-03
-4.060421139001846313e-02
-5.201457068324089050e-02
1.100297551602125168e-03
8.324645459651947021e-02
-1.773342192173004150e-01
1.438425183296203613e-01
-4.251765087246894836e-02
4.223540052771568298e-02
-7.230223715305328369e-02
5.567738786339759827e-02
-6.398471444845199585e-02
-2.946681343019008636e-02
8.971473574638366699e-02
-1.802566945552825928e-01
1.834033876657485962e-01
1.662789285182952881e-01
1.324302405118942261e-01
1.117970645427703857e-01
1.328711658716201782e-01
1.919013261795043945e-02
-8.923643082380294800e-02
8.638747967779636383e-03
-2.229368388652801514e-01
-4.315392300486564636e-02
6.179017573595046997e-02
-1.101661697030067444e-01
1.726620942354202271e-01
5.645397678017616272e-02
