-1.812460720539093018e-01
6.177269294857978821e-02
7.046938687562942505e-02
-1.435969471931457520e-01
-1.141945943236351013e-01
-5.632564797997474670e-02
-5.245534703135490417e-02
-1.584851145744323730e-01
1.831420809030532837e-01
-1.379398256540298462e-01
2.646363079547882080e-01
-8.999735862016677856e-02
-2.105244994163513184e-01
-4.531700164079666138e-02
-6.699070334434509277e-02
2.228892296552658081e-01
-2.461896985769271851e-01
-1.822864264249801636e-01
-4.960916936397552490e-02
-7.405823469161987305e-02
5.875810980796813965e-02
-1.126301102340221405e-02
-1.853559911251068115e-02
-1.215185504406690598e-03
-8.714486658573150635e-02
-3.370706439018249512e-01
-1.328998804092407227e-01
-3.993922844529151917e-02
-1.099954172968864441e-02
-2.484026551246643066e-02
7.375961542129516602e-02
2.248040586709976196e-02
-2.313787937164306641e-01
-2.770502492785453796e-02
4.416705667972564697e-02
6.728239357471466064e-02
2.914871089160442352e-02
-1.214637607336044312e-01
1.230686232447624207e-01
-6.842864304780960083e-02
-2.750853300094604492e-01
-3.147281333804130554e-02
1.690112501382827759e-01
2.189335078001022339e-01
1.905838251113891602e-01
-4.177006334066390991e-02
-2.541108056902885437e-02
-1.684757620096206665e-01
1.479490995407104492e-01
-1.426151245832443237e-01
-1.476783491671085358e-02
1.349845230579376221e-01
5.162142589688301086e-02
7.325302064418792725e-02
-5.675015039741992950e-03
-1.033183559775352478e-01
3.418766707181930542e-02
1.985631138086318970e-01
-1.355575174093246460e-01
-2.611873485147953033e-02
1.543846279382705688e-01
-9.626677632331848145e-02
-8.086374402046203613e-02
-1.674476861953735352e-01
2.148384749889373779e-01
1.076674535870552063e-01
-1.839501708745956421e-01
-2.621003985404968262e-01
1.310728043317794800e-01
-8.927133679389953613e-02
-8.007543534040451050e-02
5.106798931956291199e-02
-2.162762135267257690e-01
-1.788154989480972290e-01
-3.319590687751770020e-01
2.905563078820705414e-02
4.464911222457885742e-01
2.931537479162216187e-02
-1.168667003512382507e-01
7.265822589397430420e-02
-4.099937528371810913e-02
2.897885255515575409e-02
3.776956722140312195e-02
2.168743312358856201e-01
2.744931727647781372e-03
3.798672556877136230e-02
-3.349260240793228149e-02
2.739809826016426086e-02
2.178625017404556274e-01
-5.985116213560104370e-02
-2.005520276725292206e-02
1.720481216907501221e-01
-8.238554745912551880e-02
3.595362603664398193e-02
-2.875054068863391876e-02
8.365035802125930786e-02
-8.715895563364028931e-02
5.333323776721954346e-02
-1.519541591405868530e-01
7.398081943392753601e-03
-3.612363338470458984e-02
-2.064289525151252747e-02
-7.098912261426448822e-03
1.049752235412597656e-01
-1.167225241661071777e-01
1.315961182117462158e-01
3.524491190910339355e-02
5.570327863097190857e-02
-2.160861343145370483e-02
-1.693369075655937195e-02
2.033835835754871368e-02
-5.846543982625007629e-02
9.106151759624481201e-02
-2.245364487171173096e-01
2.152599096298217773e-01
1.742999851703643799e-01
1.038066521286964417e-01
1.537109762430191040e-01
9.900316596031188965e-02
1.202462613582611084e-01
-6.944618187844753265e-03
3.516573086380958557e-02
-1.870034486055374146e-01
6.723130121827125549e-03
2.960092201828956604e-02
-2.644975483417510986e-02
6.296897679567337036e-02
3.287355881184339523e-03
