-5.085614323616027832e-02
8.350131660699844360e-02
6.792397238314151764e-03
-1.173068508505821228e-01
-7.250653207302093506e-02
-1.674149744212627411e-02
-1.152376085519790649e-01
-1.962611228227615356e-01
1.774226427078247070e-01
-1.928624361753463745e-01
1.887836456298828125e-01
-1.022886857390403748e-01
-1.963482350111007690e-01
-6.326343119144439697e-02
-6.120297312736511230e-02
2.013846635818481445e-01
-2.579866051673889160e-01
-2.203514873981475830e-01
-2.341249212622642517e-02
-1.855177059769630432e-02
3.460073471069335938e-02
-1.866898685693740845e-02
1.604893058538436890e-02
7.831119745969772339e-02
-1.327574849128723145e-01
-3.286025226116180420e-01
-9.029326587915420532e-02
-9.794077277183532715e-02
2.527643553912639618e-02
-6.060332804918289185e-02
-2.209610864520072937e-02
7.485320325940847397e-03
-2.538833916187286377e-01
4.358059167861938477e-02
-5.974715575575828552e-03
9.495619684457778931e-02
3.397194296121597290e-02
-8.513619750738143921e-02
1.551092118024826050e-01
-1.226692833006381989e-02
-2.965674102306365967e-01
3.581479564309120178e-02
4.697336629033088684e-02
2.027937918901443481e-01
1.553943008184432983e-01
3.857168136164546013e-03
-2.817688882350921631e-02
-1.788247525691986084e-01
1.643235236406326294e-01
-1.628107130527496338e-01
-1.069866120815277100e-04
1.239764764904975891e-01
5.483505502343177795e-02
8.578472770750522614e-03
1.769865676760673523e-02
-1.409595459699630737e-01
6.180618703365325928e-02
1.199634149670600891e-01
-1.890286803245544434e-01
3.732440620660781860e-02
9.858238697052001953e-02
-1.098046302795410156e-01
3.416680172085762024e-02
-1.149921640753746033e-01
2.300103902816772461e-01
1.140116900205612183e-01
-7.908211648464202881e-02
-2.308723926544189453e-01
9.276849031448364258e-02
-2.135971188545227051e-01
-4.817779362201690674e-02
1.064991801977157593e-01
-6.673471629619598389e-02
-1.659646034240722656e-01
-3.200904130935668945e-01
-7.559160888195037842e-02
3.219846785068511963e-01
9.201810508966445923e-02
-1.519360542297363281e-01
8.979489654302597046e-02
1.386491395533084869e-02
-3.923403099179267883e-02
1.397475451231002808e-01
1.711768060922622681e-01
-3.225494176149368286e-02
7.216332107782363892e-02
-1.031308025121688843e-01
-5.327186547219753265e-03
3.116151392459869385e-01
-7.031936198472976685e-02
3.722061589360237122e-02
2.182358205318450928e-01
-9.982135146856307983e-02
4.217549785971641541e-02
8.861348032951354980e-04
-4.799783928319811821e-04
-1.378259658813476562e-01
5.910459160804748535e-02
-8.713182806968688965e-02
2.694904617965221405e-02
-4.789131879806518555e-02
-3.880789130926132202e-02
-2.780675888061523438e-02
5.794472992420196533e-02
-1.558371484279632568e-01
6.783580034971237183e-02
-4.865391552448272705e-02
-3.709165379405021667e-02
-2.655617706477642059e-02
-2.727836603298783302e-03
-6.005363911390304565e-02
-8.910820633172988892e-02
1.596653461456298828e-01
-2.592189013957977295e-01
2.236509621143341064e-01
1.686218231916427612e-01
8.311107754707336426e-02
1.166877970099449158e-01
7.757980376482009888e-02
9.854896366596221924e-02
-7.016758620738983154e-02
-3.528559580445289612e-03
-2.015318125486373901e-01
-3.469026414677500725e-03
8.442495763301849365e-02
-1.053694486618041992e-01
1.041408702731132507e-01
-2.298038452863693237e-02
