-1.408586502075195312e-01
1.170269995927810669e-01
4.784499853849411011e-02
-1.441525071859359741e-01
-1.699952334165573120e-01
2.486300654709339142e-04
-1.293413937091827393e-01
-1.156755611300468445e-01
1.977151036262512207e-01
-2.023103535175323486e-01
2.230331897735595703e-01
-8.745711296796798706e-02
-2.119877636432647705e-01
3.683606162667274475e-03
-4.620312526822090149e-02
2.621937096118927002e-01
-2.339158207178115845e-01
-1.893745511770248413e-01
-1.953613013029098511e-03
-3.293463960289955139e-02
4.835740476846694946e-02
4.848369956016540527e-02
-8.196355774998664856e-03
6.258802860975265503e-02
-1.382534503936767578e-01
-4.166975915431976318e-01
-1.146150901913642883e-01
-1.020949780941009521e-01
-7.132070511579513550e-02
-8.759275078773498535e-02
-9.665081277489662170e-03
1.418245118111371994e-02
-1.890753060579299927e-01
4.115089401602745056e-02
2.837866544723510742e-02
1.512965261936187744e-01
9.536179713904857635e-03
-1.024011597037315369e-01
1.216656118631362915e-01
5.244463309645652771e-02
-2.961136102676391602e-01
2.251531369984149933e-02
9.317769110202789307e-02
2.324984222650527954e-01
1.482224315404891968e-01
2.060219272971153259e-02
9.313040412962436676e-03
-1.147251874208450317e-01
1.564856767654418945e-01
-1.476436704397201538e-01
3.477086871862411499e-02
8.075091242790222168e-02
1.009168475866317749e-01
1.863491907715797424e-02
7.067397981882095337e-02
-1.307942569255828857e-01
2.364526689052581787e-02
1.744445264339447021e-01
-2.235110849142074585e-01
-5.573353730142116547e-03
1.161683201789855957e-01
-7.895787060260772705e-02
-5.221818573772907257e-03
-1.386363208293914795e-01
2.890339791774749756e-01
1.868013143539428711e-01
-1.202490553259849548e-01
-2.163170576095581055e-01
1.665306687355041504e-01
-1.250471174716949463e-01
-1.127826943993568420e-01
8.182686567306518555e-02
-1.728555858135223389e-01
-1.831300556659698486e-01
-3.000633716583251953e-01
1.214259397238492966e-02
4.073531627655029297e-01
1.122475415468215942e-01
-1.456543058156967163e-01
-6.643749307841062546e-03
5.226906388998031616e-02
-1.594837754964828491e-02
6.974352896213531494e-02
1.962611526250839233e-01
7.879365235567092896e-03
4.812646657228469849e-03
-6.327626854181289673e-02
6.833438761532306671e-03
2.679698169231414795e-01
-4.161745309829711914e-02
-4.313787072896957397e-02
1.508069634437561035e-01
-7.728657126426696777e-02
5.339024215936660767e-02
-3.468357026576995850e-02
-2.925790380686521530e-03
-1.444209665060043335e-01
2.760759368538856506e-02
-1.267643421888351440e-01
-4.084331914782524109e-02
-1.045289486646652222e-01
-7.565821520984172821e-03
-8.436033129692077637e-02
1.087305247783660889e-01
-1.312560290098190308e-01
9.023568779230117798e-02
-3.987330943346023560e-02
-8.064849674701690674e-02
-1.187897622585296631e-01
6.989430636167526245e-02
-6.306961178779602051e-02
-4.032463207840919495e-02
1.261256188154220581e-01
-2.452559471130371094e-01
2.206663638353347778e-01
1.790553033351898193e-01
6.701992452144622803e-02
1.539698988199234009e-01
6.110439822077751160e-02
7.878266274929046631e-02
-1.851580664515495300e-02
-1.196782570332288742e-02
-2.218604981899261475e-01
-6.760075688362121582e-02
9.775251150131225586e-02
-6.245097145438194275e-02
1.286125481128692627e-01
-9.045107290148735046e-03
