-1.927870362997055054e-01
1.255889087915420532e-01
4.240367189049720764e-02
-1.231829151511192322e-01
-1.266965419054031372e-01
1.520705968141555786e-02
-6.761331111192703247e-02
-2.122755497694015503e-01
1.820278018712997437e-01
-2.041463404893875122e-01
2.602285444736480713e-01
-1.274098008871078491e-01
-2.420344054698944092e-01
-1.821260526776313782e-02
-6.254648789763450623e-03
2.268901020288467407e-01
-1.961755901575088501e-01
-1.639214605093002319e-01
-5.522413179278373718e-02
-2.023969218134880066e-02
4.168373346328735352e-02
1.342794112861156464e-02
6.419722735881805420e-02
4.797500371932983398e-02
-1.314150542020797729e-01
-3.947032094001770020e-01
-1.339545249938964844e-01
-9.601939469575881958e-02
-2.290412038564682007e-02
-1.388731878250837326e-02
-1.821681298315525055e-02
4.192720167338848114e-03
-1.949845999479293823e-01
-2.159624360501766205e-02
3.070030361413955688e-04
8.627779781818389893e-02
2.447870559990406036e-02
-7.343437522649765015e-02
1.710986346006393433e-01
-6.205105781555175781e-02
-2.696723341941833496e-01
1.641011051833629608e-02
1.057474836707115173e-01
1.858219504356384277e-01
1.222782954573631287e-01
-3.926260396838188171e-03
1.426249742507934570e-03
-1.692043840885162354e-01
1.042744293808937073e-01
-1.113631352782249451e-01
1.110445335507392883e-02
6.167507916688919067e-02
4.434758797287940979e-02
3.244996070861816406e-02
2.550273947417736053e-02
-9.746604412794113159e-02
5.017450824379920959e-02
1.338618546724319458e-01
-1.722534447908401489e-01
-4.745585471391677856e-02
1.484283208847045898e-01
-8.094879239797592163e-02
-5.801142752170562744e-02
-1.203750893473625183e-01
2.868089377880096436e-01
1.833529025316238403e-01
-9.385706484317779541e-02
-2.440443038940429688e-01
1.031211316585540771e-01
-1.008770838379859924e-01
-1.012176349759101868e-01
3.404234349727630615e-02
-1.769032627344131470e-01
-1.237075924873352051e-01
-3.026230037212371826e-01
-1.337056420743465424e-02
3.572535514831542969e-01
4.844179749488830566e-02
-1.604789495468139648e-01
8.005409687757492065e-02
8.090578950941562653e-03
-7.042324636131525040e-03
9.000782668590545654e-02
1.706663817167282104e-01
-2.509415708482265472e-02
3.974608331918716431e-02
-3.971412777900695801e-02
2.901794388890266418e-02
2.151067852973937988e-01
-6.954685598611831665e-02
-1.615728251636028290e-04
1.996606290340423584e-01
-4.424881935119628906e-02
6.837712228298187256e-02
4.772137105464935303e-02
3.808373212814331055e-02
-1.352917701005935669e-01
2.357923053205013275e-02
-1.343545019626617432e-01
7.726240903139114380e-03
1.453771814703941345e-02
2.228645049035549164e-02
-1.964868977665901184e-03
8.808459341526031494e-02
-1.663233935832977295e-01
1.460549384355545044e-01
-4.597970470786094666e-02
-1.737438142299652100e-03
3.229673020541667938e-03
1.012356299906969070e-02
-1.054070983082056046e-02
-4.403378069400787354e-02
1.153905540704727173e-01
-2.188774347305297852e-01
1.824818700551986694e-01
1.248159706592559814e-01
1.752415485680103302e-02
1.374454647302627563e-01
1.060068756341934204e-01
1.008926182985305786e-01
-3.718273714184761047e-02
1.195924654603004456e-01
-2.563577890396118164e-01
-2.097291499376296997e-02
1.547690927982330322e-01
-7.775392383337020874e-02
1.216860190033912659e-01
2.077157236635684967e-02
