-1.031557992100715637e-01
2.303983271121978760e-02
-5.246964097023010254e-02
-1.522909104824066162e-01
-1.148735508322715759e-01
-7.184252142906188965e-02
-4.998233169317245483e-02
-1.187757626175880432e-01
1.944476515054702759e-01
-1.496411263942718506e-01
2.285681515932083130e-01
-5.552418157458305359e-02
-1.958777904510498047e-01
-7.828120142221450806e-02
-6.369128078222274780e-02
2.029953002929687500e-01
-2.608473300933837891e-01
-1.805018782615661621e-01
1.357098668813705444e-02
4.040205851197242737e-03
1.001780107617378235e-01
-1.085790805518627167e-02
2.774516493082046509e-02
1.095502525568008423e-01
-1.153968498110771179e-01
-3.206907808780670166e-01
-1.264339089393615723e-01
-9.433537721633911133e-02
6.694723851978778839e-03
-4.523614794015884399e-02
3.919187188148498535e-02
3.117783926427364349e-02
-1.961025446653366089e-01
-2.754636108875274658e-03
7.964244112372398376e-03
7.615786045789718628e-02
-3.580106189474463463e-03
-9.915446490049362183e-02
1.560913920402526855e-01
1.798756048083305359e-02
-2.734703719615936279e-01
-2.106812782585620880e-03
4.760728217661380768e-03
2.614921927452087402e-01
1.658440828323364258e-01
-2.051543444395065308e-02
4.094975069165229797e-03
-1.478250026702880859e-01
1.310694515705108643e-01
-1.885542571544647217e-01
-4.819975048303604126e-02
1.432585865259170532e-01
3.052482195198535919e-02
1.769743859767913818e-02
-1.795538514852523804e-02
-6.561127305030822754e-02
9.505286067724227905e-02
1.885831952095031738e-01
-2.112621217966079712e-01
-4.164581187069416046e-04
1.001124903559684753e-01
-6.643959879875183105e-02
2.886933274567127228e-02
-1.132338047027587891e-01
1.839507073163986206e-01
5.655862018465995789e-02
-1.443964540958404541e-01
-2.215079218149185181e-01
8.265720307826995850e-02
-1.784964501857757568e-01
-1.083390712738037109e-01
8.141335099935531616e-02
-1.501288264989852905e-01
-2.521979808807373047e-01
-2.984098196029663086e-01
-3.659608773887157440e-03
3.709371685981750488e-01
1.411311924457550049e-01
-1.145943105220794678e-01
7.700483500957489014e-02
-7.995627820491790771e-03
1.980182714760303497e-04
1.387266963720321655e-01
1.559976041316986084e-01
1.481704786419868469e-02
5.612060427665710449e-03
-1.425560116767883301e-01
2.367550507187843323e-03
2.165889889001846313e-01
-9.575258195400238037e-02
1.912510138936340809e-03
2.175014466047286987e-01
-5.589324980974197388e-02
7.974080741405487061e-02
-1.630661264061927795e-02
7.647075504064559937e-02
-1.010912954807281494e-01
1.545201390981674194e-01
-9.084425121545791626e-02
6.711175292730331421e-02
-7.137479260563850403e-03
-1.417559478431940079e-02
2.964809071272611618e-03
7.359770685434341431e-02
-7.859321683645248413e-02
1.213770210742950439e-01
-2.571365609765052795e-02
1.616156194359064102e-03
-5.410211533308029175e-02
-7.538781501352787018e-03
-9.358689188957214355e-02
-7.957835495471954346e-02
9.118898957967758179e-02
-2.210569530725479126e-01
2.120484411716461182e-01
2.221712768077850342e-01
9.942593425512313843e-02
1.319828331470489502e-01
1.019926965236663818e-01
6.163815408945083618e-02
-4.819017648696899414e-02
-2.480746619403362274e-02
-2.222548872232437134e-01
1.071511581540107727e-02
7.577189803123474121e-02
-4.050466790795326233e-02
7.166105508804321289e-02
-4.581939056515693665e-02
