-9.220342338085174561e-02
1.436161845922470093e-01
8.058053255081176758e-02
-1.052113771438598633e-01
-1.224430352449417114e-01
-2.240994200110435486e-02
-1.133517548441886902e-01
-1.351171433925628662e-01
1.587744653224945068e-01
-9.943705052137374878e-02
2.897106707096099854e-01
-7.232367992401123047e-02
-2.097546905279159546e-01
-1.385326236486434937e-01
2.904636785387992859e-02
2.466870695352554321e-01
-2.150518596172332764e-01
-1.030101329088211060e-01
-2.317902445793151855e-02
5.029496178030967712e-02
4.133270308375358582e-02
-2.267081849277019501e-02
9.068441390991210938e-02
8.603750914335250854e-02
-9.669258445501327515e-02
-4.351921677589416504e-01
-8.768533170223236084e-02
-7.735089957714080811e-02
3.629078157246112823e-03
-7.243947684764862061e-02
-3.275608643889427185e-02
2.245510369539260864e-02
-2.039335072040557861e-01
-3.159613907337188721e-02
3.920443728566169739e-02
1.231134831905364990e-01
-3.943471238017082214e-02
-7.497309893369674683e-02
8.191508054733276367e-02
-4.740123450756072998e-02
-3.130065798759460449e-01
-6.927895825356245041e-03
8.367805182933807373e-02
1.648581176996231079e-01
1.818935424089431763e-01
5.483878031373023987e-02
4.077105969190597534e-02
-1.203821524977684021e-01
1.136360093951225281e-01
-1.668499708175659180e-01
1.451075449585914612e-02
9.712050855159759521e-02
-4.046817775815725327e-04
3.184182569384574890e-02
5.011646822094917297e-02
-1.428382694721221924e-01
3.281724080443382263e-02
1.873076558113098145e-01
-1.802880614995956421e-01
-3.048917511478066444e-03
9.025914967060089111e-02
-8.494747430086135864e-02
-1.431058719754219055e-02
-8.794602006673812866e-02
2.168453484773635864e-01
1.316792368888854980e-01
-1.340039223432540894e-01
-1.894649863243103027e-01
8.879376202821731567e-02
-1.303308755159378052e-01
-1.933608949184417725e-02
1.068847849965095520e-01
-1.401574611663818359e-01
-2.067874968051910400e-01
-2.930434942245483398e-01
-2.232501097023487091e-02
3.608046472072601318e-01
7.358268648386001587e-02
-1.496237069368362427e-01
-6.277101114392280579e-03
-4.512927960604429245e-03
8.615506812930107117e-04
5.477634817361831665e-02
1.740765720605850220e-01
3.075973130762577057e-02
8.140580728650093079e-03
-8.779320865869522095e-02
-2.139955386519432068e-02
2.003723382949829102e-01
-7.960949838161468506e-02
9.734961390495300293e-02
2.767341434955596924e-01
-6.602992117404937744e-02
5.483549088239669800e-02
-3.595229238271713257e-02
4.408439993858337402e-02
-1.114493608474731445e-01
7.436407357454299927e-02
-1.037900447845458984e-01
-1.727316714823246002e-02
-3.586928173899650574e-02
-7.900290936231613159e-02
-1.858718693256378174e-02
3.763282671570777893e-02
-2.030146420001983643e-01
9.123694896697998047e-02
1.764906197786331177e-02
4.069885239005088806e-02
4.385273903608322144e-02
2.484326995909214020e-02
-2.993774227797985077e-02
-1.128784716129302979e-01
1.240710243582725525e-01
-2.574057579040527344e-01
2.500160932540893555e-01
2.384256571531295776e-01
8.190194517374038696e-02
1.286989748477935791e-01
7.423909008502960205e-02
1.221904531121253967e-01
-5.052609369158744812e-03
-6.427413225173950195e-02
-1.390756368637084961e-01
3.323239041492342949e-03
5.366636067628860474e-02
-1.029037386178970337e-01
1.202455069869756699e-02
-3.649917244911193848e-02
