-1.162583678960800171e-01
1.096187978982925415e-01
4.849928617477416992e-02
-9.073705226182937622e-02
-1.308567672967910767e-01
-1.356894616037607193e-03
-1.053870320320129395e-01
-1.148392260074615479e-01
1.720951795578002930e-01
-2.445948421955108643e-01
2.218198925256729126e-01
-1.009779497981071472e-01
-2.017716169357299805e-01
-7.733768969774246216e-02
-5.143145471811294556e-02
2.682624757289886475e-01
-2.528541982173919678e-01
-1.457491070032119751e-01
-5.961354076862335205e-02
2.754854969680309296e-03
1.284622102975845337e-01
2.338385954499244690e-02
-5.872679874300956726e-03
2.227841131389141083e-02
-1.540470719337463379e-01
-3.986520767211914062e-01
-5.650673806667327881e-02
-4.921715334057807922e-02
-1.994706690311431885e-04
-7.069592177867889404e-02
-7.835276424884796143e-02
4.366717115044593811e-02
-1.894930005073547363e-01
-2.195271290838718414e-02
-4.803886637091636658e-03
9.151782840490341187e-02
3.548138961195945740e-02
-7.462935149669647217e-02
1.224538385868072510e-01
4.945592023432254791e-03
-3.317153453826904297e-01
3.474380820989608765e-02
1.035017892718315125e-01
1.763395965099334717e-01
1.190099269151687622e-01
2.839371562004089355e-02
-2.312779054045677185e-02
-1.364139467477798462e-01
1.634315550327301025e-01
-1.903457641601562500e-01
-5.139396339654922485e-02
1.034186705946922302e-01
1.210516504943370819e-02
4.475101828575134277e-02
8.052662014961242676e-02
-1.135884448885917664e-01
9.303697198629379272e-02
1.406563520431518555e-01
-2.130315601825714111e-01
-2.487837895750999451e-02
7.950101792812347412e-02
-9.801539033651351929e-02
1.470391452312469482e-02
-6.415019929409027100e-02
2.058142125606536865e-01
1.343675404787063599e-01
-3.314211964607238770e-02
-2.260409742593765259e-01
1.354501545429229736e-01
-1.385533660650253296e-01
-6.404013931751251221e-02
9.426198154687881470e-02
-8.816049247980117798e-02
-1.672390401363372803e-01
-2.806679308414459229e-01
-9.661702066659927368e-02
3.646848797798156738e-01
1.336433887481689453e-01
-1.388061344623565674e-01
8.494578301906585693e-02
2.618774771690368652e-02
-6.413221359252929688e-02
2.081651389598846436e-01
1.617234796285629272e-01
2.972782775759696960e-02
5.729117244482040405e-02
-6.113654747605323792e-02
1.490930467844009399e-02
2.501581013202667236e-01
-3.036916255950927734e-02
3.185176476836204529e-02
2.523571252822875977e-01
1.295318081974983215e-02
4.373317211866378784e-02
3.056686371564865112e-02
-2.727130427956581116e-02
-1.348775327205657959e-01
4.243849590420722961e-02
-1.177998632192611694e-01
-2.998739108443260193e-02
3.380780108273029327e-03
-3.568232059478759766e-02
-2.712626568973064423e-02
6.643886119127273560e-02
-1.508994102478027344e-01
8.563906699419021606e-02
-3.180072829127311707e-02
2.250555716454982758e-02
-6.056865211576223373e-03
2.948399074375629425e-02
-2.993588894605636597e-02
-3.754755109548568726e-02
7.751272618770599365e-02
-2.220089137554168701e-01
1.884104907512664795e-01
1.860420256853103638e-01
3.081346303224563599e-02
1.076143831014633179e-01
9.775467962026596069e-02
5.259747803211212158e-02
-1.810315810143947601e-02
-2.841159328818321228e-02
-2.208834439516067505e-01
-4.510190710425376892e-02
1.103996783494949341e-01
-1.223063841462135315e-01
9.847970306873321533e-02
-3.164555877447128296e-02
