-1.018867641687393188e-01
5.617201700806617737e-02
-1.864845864474773407e-03
-1.023209244012832642e-01
-1.216643154621124268e-01
-7.849022746086120605e-02
-4.657647013664245605e-02
-1.481920778751373291e-01
1.781026124954223633e-01
-1.649552136659622192e-01
2.441864907741546631e-01
-6.138698756694793701e-02
-1.603459715843200684e-01
-1.400300413370132446e-01
-3.385121375322341919e-02
1.981936097145080566e-01
-2.441203743219375610e-01
-1.529175937175750732e-01
-3.726327419281005859e-02
1.558619644492864609e-02
1.060276776552200317e-01
-2.860439382493495941e-02
6.292761117219924927e-02
5.973310023546218872e-02
-1.138007342815399170e-01
-3.899949193000793457e-01
-9.413202852010726929e-02
-8.612587302923202515e-02
3.585764020681381226e-02
-4.863230884075164795e-02
-3.262335807085037231e-02
3.037646040320396423e-02
-2.477111965417861938e-01
-6.246891245245933533e-02
-1.006869971752166748e-02
8.549560606479644775e-02
2.085034921765327454e-02
-6.777209043502807617e-02
1.467040777206420898e-01
-9.911037981510162354e-03
-2.613130211830139160e-01
-2.668589353561401367e-02
3.924714773893356323e-02
2.027818113565444946e-01
1.132426783442497253e-01
4.771145060658454895e-02
3.368422761559486389e-02
-1.360577940940856934e-01
1.038343906402587891e-01
-1.440470069646835327e-01
1.861971616744995117e-02
9.506869316101074219e-02
6.705488264560699463e-02
4.500380158424377441e-02
-3.163081593811511993e-03
-1.021363884210586548e-01
7.176433503627777100e-02
1.087927594780921936e-01
-1.289497613906860352e-01
-2.411170303821563721e-02
1.011806130409240723e-01
-3.328765183687210083e-02
-2.701553329825401306e-02
-8.735299855470657349e-02
2.912076711654663086e-01
7.195734232664108276e-02
-1.014905497431755066e-01
-1.423830091953277588e-01
1.126285195350646973e-01
-1.048570200800895691e-01
-8.974084258079528809e-02
3.677766025066375732e-02
-1.487233489751815796e-01
-1.645334064960479736e-01
-2.961748838424682617e-01
-2.521067671477794647e-02
3.713705837726593018e-01
8.995582163333892822e-02
-1.724911630153656006e-01
1.474323775619268417e-02
-7.291671633720397949e-02
2.309163287281990051e-02
1.437964886426925659e-01
1.520518213510513306e-01
4.918975755572319031e-03
8.104231208562850952e-02
-8.348930627107620239e-02
4.871214181184768677e-02
2.212186902761459351e-01
-9.630672633647918701e-02
-7.471895776689052582e-03
2.143181860446929932e-01
3.445213660597801208e-03
9.934972971677780151e-02
-1.990148425102233887e-02
-1.627353206276893616e-02
-3.623907640576362610e-02
1.059411019086837769e-01
-9.621147066354751587e-02
5.807589367032051086e-02
7.581149786710739136e-02
1.987168006598949432e-02
-2.090500853955745697e-02
8.844362944364547729e-02
-1.414419114589691162e-01
7.923635095357894897e-02
2.491405233740806580e-02
6.130144931375980377e-03
3.583787009119987488e-02
1.462245639413595200e-02
-8.801966160535812378e-02
-1.287012547254562378e-01
6.024395301938056946e-02
-2.218161970376968384e-01
2.431642711162567139e-01
2.321856468915939331e-01
6.879016757011413574e-02
1.303627192974090576e-01
6.893607974052429199e-02
7.348564267158508301e-02
-1.368310302495956421e-03
-2.323945611715316772e-02
-2.073060125112533569e-01
2.774164080619812012e-03
1.373730152845382690e-01
-5.809382349252700806e-02
6.564128398895263672e-02
-1.920470595359802246e-02
