-1.938875168561935425e-01
3.967557474970817566e-02
2.489234320819377899e-04
-1.045771911740303040e-01
-1.617150753736495972e-01
-4.021827504038810730e-02
-6.652581691741943359e-02
-1.275372654199600220e-01
1.501019597053527832e-01
-1.569246947765350342e-01
2.048789113759994507e-01
-8.038855344057083130e-02
-2.264811098575592041e-01
-6.264392752200365067e-03
-4.052941501140594482e-02
2.470351159572601318e-01
-2.198434174060821533e-01
-1.951629519462585449e-01
2.978176437318325043e-02
3.019940108060836792e-03
8.834652602672576904e-02
-6.267435848712921143e-02
-2.276316657662391663e-02
9.232704341411590576e-02
-1.744906902313232422e-01
-3.573058843612670898e-01
-8.507394790649414062e-02
-1.106681823730468750e-01
-1.132279261946678162e-01
-4.211351647973060608e-02
-3.078098408877849579e-03
5.176079273223876953e-02
-1.846493482589721680e-01
-1.338021736592054367e-02
2.079810015857219696e-02
1.357949674129486084e-01
1.575683616101741791e-02
-6.883881241083145142e-02
2.241213321685791016e-01
2.541118673980236053e-02
-3.332148790359497070e-01
5.005905404686927795e-05
1.793932318687438965e-01
2.676403820514678955e-01
9.255875647068023682e-02
4.491213243454694748e-03
2.376124262809753418e-02
-4.075360670685768127e-02
1.296304911375045776e-01
-2.611018121242523193e-01
2.684656903147697449e-02
1.078655719757080078e-01
1.176036149263381958e-01
2.905685454607009888e-02
8.778613060712814331e-03
-1.495881676673889160e-01
6.311409920454025269e-02
1.032594963908195496e-01
-2.065143287181854248e-01
3.860726207494735718e-02
1.427300721406936646e-01
-5.784522742033004761e-02
-4.146851226687431335e-02
-8.482205867767333984e-02
2.731906771659851074e-01
1.975041180849075317e-01
-1.184330806136131287e-01
-1.304331719875335693e-01
1.164848282933235168e-01
-1.243887618184089661e-01
-1.056692898273468018e-01
4.712979495525360107e-02
-1.701541095972061157e-01
-2.462891042232513428e-01
-2.750152051448822021e-01
-2.996015921235084534e-02
3.407590687274932861e-01
1.348625123500823975e-01
-1.551844179630279541e-01
3.444050252437591553e-02
-3.119843080639839172e-03
5.643704440444707870e-03
9.284979850053787231e-02
1.526090651750564575e-01
3.581428527832031250e-02
1.022211685776710510e-01
-7.018800824880599976e-02
3.032990358769893646e-02
2.589809894561767578e-01
-5.626502260565757751e-02
2.257220447063446045e-02
2.296948432922363281e-01
2.739414013922214508e-02
7.217544596642255783e-03
7.681839168071746826e-03
6.768995523452758789e-02
-8.310705423355102539e-02
-2.186217159032821655e-02
-1.800938546657562256e-01
-3.878142312169075012e-02
1.468561403453350067e-02
-2.072320878505706787e-02
1.678940141573548317e-03
7.206548750400543213e-02
-2.469390183687210083e-01
9.533609449863433838e-02
-2.456335537135601044e-02
-4.109857603907585144e-02
-7.367645204067230225e-02
5.369627848267555237e-02
-5.364163592457771301e-02
-3.811169788241386414e-02
9.819732606410980225e-02
-1.737375110387802124e-01
1.781494319438934326e-01
2.065798491239547729e-01
1.052079815417528152e-02
1.229540184140205383e-01
1.009669899940490723e-01
1.759234815835952759e-02
-1.224870048463344574e-02
-3.110190108418464661e-02
-1.867838054895401001e-01
-6.350000202655792236e-02
8.491802215576171875e-02
-3.767793998122215271e-02
1.092975139617919922e-01
1.672317832708358765e-02
