-1.583543121814727783e-01
8.701753616333007812e-02
7.678434252738952637e-02
-1.292953342199325562e-01
-9.358619898557662964e-02
-4.059745371341705322e-02
-4.770430922508239746e-02
-1.557520776987075806e-01
1.741140335798263550e-01
-1.291728317737579346e-01
3.242282867431640625e-01
-4.233672842383384705e-02
-2.388446629047393799e-01
-1.344091594219207764e-01
4.554426670074462891e-02
2.214861959218978882e-01
-2.757295668125152588e-01
-1.254861205816268921e-01
-1.175341755151748657e-02
4.655759409070014954e-02
9.495101124048233032e-02
-4.005005583167076111e-02
6.248189136385917664e-02
6.543419510126113892e-02
-1.953673660755157471e-01
-4.039120972156524658e-01
-7.619097828865051270e-02
-1.092316359281539917e-01
-4.999290034174919128e-02
-4.769529402256011963e-02
-1.120084989815950394e-02
3.856896609067916870e-02
-2.183511555194854736e-01
-2.647768706083297729e-03
-4.824460297822952271e-02
9.354119747877120972e-02
2.803493477404117584e-02
-8.910676091909408569e-02
1.459896117448806763e-01
-1.071615517139434814e-02
-3.225573003292083740e-01
1.870684511959552765e-02
1.172271091490983963e-02
1.976642757654190063e-01
1.988530606031417847e-01
-3.855376318097114563e-02
6.477008759975433350e-02
-1.094866916537284851e-01
1.287857592105865479e-01
-2.128972113132476807e-01
-2.810505405068397522e-02
1.014970093965530396e-01
3.920662403106689453e-02
-4.459023848176002502e-02
3.464672248810529709e-03
-1.100447699427604675e-01
2.148129045963287354e-02
9.139199554920196533e-02
-2.419062405824661255e-01
-3.894607722759246826e-02
1.389501541852951050e-01
-6.168409436941146851e-02
-1.692674867808818817e-02
-1.050535738468170166e-01
1.834671795368194580e-01
1.261960715055465698e-01
-1.498990505933761597e-01
-1.583601683378219604e-01
1.042807772755622864e-01
-1.192581206560134888e-01
-4.828004166483879089e-02
6.231199204921722412e-02
-1.739311814308166504e-01
-2.364634573459625244e-01
-3.314610719680786133e-01
-3.091150708496570587e-02
3.795855641365051270e-01
6.684605032205581665e-02
-1.770846396684646606e-01
3.316068276762962341e-02
-1.043017730116844177e-01
-1.249191164970397949e-02
6.529153883457183838e-02
1.304674744606018066e-01
4.180587083101272583e-02
6.446017324924468994e-02
-1.244717687368392944e-01
4.651798307895660400e-02
2.183280885219573975e-01
-7.183607667684555054e-02
6.929361820220947266e-02
3.001672029495239258e-01
-1.240409910678863525e-02
4.100057296454906464e-03
1.183642074465751648e-03
7.932968437671661377e-02
-9.636117517948150635e-02
7.606694102287292480e-02
-9.073899686336517334e-02
4.603090137243270874e-02
-9.574910625815391541e-03
-8.318588882684707642e-02
1.349050085991621017e-02
6.802552938461303711e-02
-2.226165235042572021e-01
1.559911370277404785e-01
-3.283070400357246399e-04
2.342020720243453979e-02
1.877488195896148682e-02
-1.630121096968650818e-02
-5.963069945573806763e-02
-7.793210446834564209e-02
1.039876118302345276e-01
-2.443000972270965576e-01
1.488017588853836060e-01
2.151765674352645874e-01
4.394417256116867065e-02
1.355808973312377930e-01
5.772898346185684204e-02
9.031320363283157349e-02
-8.119741082191467285e-02
5.864861421287059784e-03
-2.125857174396514893e-01
-1.391091570258140564e-02
5.237631127238273621e-02
-5.891138315200805664e-02
8.444608747959136963e-02
1.199491322040557861e-02
