-6.752496957778930664e-02
8.868972957134246826e-02
3.897728398442268372e-02
-7.460086792707443237e-02
-1.674706637859344482e-01
4.615713283419609070e-02
-6.185509264469146729e-02
-1.253127604722976685e-01
1.260841339826583862e-01
-1.458559632301330566e-01
2.427109330892562866e-01
-6.515132635831832886e-02
-2.022594660520553589e-01
-9.277892112731933594e-02
-8.406332135200500488e-02
2.338815331459045410e-01
-1.842736005783081055e-01
-1.825941801071166992e-01
-2.766705304384231567e-02
4.256282001733779907e-02
6.748866289854049683e-02
-1.860236190259456635e-02
3.951582312583923340e-02
6.745229009538888931e-03
-8.870735764503479004e-02
-3.766445219516754150e-01
-9.971807152032852173e-02
-6.517858058214187622e-02
7.894669659435749054e-03
-4.726233705878257751e-02
-1.031832471489906311e-01
5.583400279283523560e-02
-1.572223305702209473e-01
-1.046796701848506927e-02
7.294880226254463196e-03
7.718986272811889648e-02
-2.223342284560203552e-02
-6.895202398300170898e-02
1.199416890740394592e-01
-5.564676597714424133e-03
-2.627092003822326660e-01
2.245217561721801758e-02
8.713637292385101318e-02
1.980783939361572266e-01
1.760007292032241821e-01
5.677514895796775818e-02
2.384698018431663513e-02
-1.222189143300056458e-01
7.022704184055328369e-02
-1.487695425748825073e-01
3.537047654390335083e-03
1.047464460134506226e-01
7.804980874061584473e-02
6.777083128690719604e-02
1.840555481612682343e-02
-1.294630765914916992e-01
4.515213891863822937e-02
9.466774016618728638e-02
-9.993769973516464233e-02
-7.725173607468605042e-03
7.188092172145843506e-02
-5.766200274229049683e-02
-1.517642661929130554e-02
-1.190239116549491882e-01
2.426736205816268921e-01
9.389196336269378662e-02
-9.951165318489074707e-02
-1.857997179031372070e-01
1.098653078079223633e-01
-1.150265410542488098e-01
-1.229365170001983643e-01
1.584530435502529144e-02
-1.633089929819107056e-01
-1.585713028907775879e-01
-2.780775725841522217e-01
-1.670484244823455811e-02
3.586343526840209961e-01
1.298056095838546753e-01
-1.760967075824737549e-01
3.597247228026390076e-02
3.687595203518867493e-02
1.712260022759437561e-02
1.141049191355705261e-01
1.486488133668899536e-01
-4.952473193407058716e-02
5.243310332298278809e-02
-1.185675114393234253e-01
-2.825138904154300690e-02
2.016326785087585449e-01
-1.010813415050506592e-01
-1.924866810441017151e-03
1.946512162685394287e-01
-3.955399245023727417e-02
9.735898673534393311e-02
3.369690850377082825e-02
4.866228997707366943e-02
-5.223119258880615234e-02
1.064731255173683167e-01
-1.358871161937713623e-01
2.888400107622146606e-03
4.154527187347412109e-02
-7.644914835691452026e-02
-1.376262120902538300e-02
7.890108972787857056e-02
-1.050863116979598999e-01
7.317624986171722412e-02
-4.240805283188819885e-02
6.217361986637115479e-02
1.407550182193517685e-03
8.793187327682971954e-03
-8.857201039791107178e-02
-4.327915981411933899e-02
1.147233396768569946e-01
-2.003241777420043945e-01
2.038396745920181274e-01
2.111218869686126709e-01
4.912205412983894348e-02
9.888008981943130493e-02
1.807675212621688843e-01
1.051127910614013672e-01
-2.526046335697174072e-02
-1.271591056138277054e-02
-2.041261643171310425e-01
-3.798800706863403320e-02
1.114814206957817078e-01
-7.487089931964874268e-02
7.508468627929687500e-02
3.058487549424171448e-02
