-1.170101389288902283e-01
2.923465892672538757e-02
5.456685274839401245e-02
-1.608353555202484131e-01
-1.116178110241889954e-01
-5.661534145474433899e-02
-1.270371973514556885e-01
-1.459862738847732544e-01
1.415307968854904175e-01
-1.843601465225219727e-01
2.404353171586990356e-01
-1.051876023411750793e-01
-1.753653138875961304e-01
-9.904216229915618896e-02
-6.059146672487258911e-02
2.661888897418975830e-01
-2.580341994762420654e-01
-1.512124985456466675e-01
8.728010579943656921e-04
1.397785264998674393e-02
4.635860025882720947e-02
-4.210906848311424255e-02
6.502182781696319580e-02
3.742335364222526550e-02
-1.365483254194259644e-01
-3.964109122753143311e-01
-9.832669794559478760e-02
-5.351728573441505432e-02
-3.681558370590209961e-02
-1.710763014853000641e-02
-3.671995550394058228e-02
1.723052002489566803e-02
-2.052490413188934326e-01
6.123010069131851196e-03
1.503571867942810059e-02
1.090948879718780518e-01
3.685614839196205139e-02
-1.236593276262283325e-01
1.536370217800140381e-01
5.200801044702529907e-02
-3.063593208789825439e-01
1.030643377453088760e-02
8.542355149984359741e-02
2.025322914123535156e-01
1.775738745927810669e-01
-1.664381846785545349e-02
1.644713431596755981e-02
-1.417188048362731934e-01
1.447022855281829834e-01
-1.904384940862655640e-01
-1.145230606198310852e-03
6.682884693145751953e-02
3.615443781018257141e-02
-3.481903672218322754e-02
6.312564015388488770e-02
-6.893080472946166992e-02
6.688253581523895264e-02
1.684325635433197021e-01
-1.780870109796524048e-01
-1.311533804982900620e-02
1.186687424778938293e-01
-3.781292587518692017e-02
-3.797196783125400543e-03
-1.410636007785797119e-01
2.278931289911270142e-01
1.715827882289886475e-01
-1.184287890791893005e-01
-2.067001163959503174e-01
1.225992441177368164e-01
-9.246324747800827026e-02
-7.679464668035507202e-02
4.387592151761054993e-02
-1.207208335399627686e-01
-1.808454543352127075e-01
-3.112009167671203613e-01
-6.838707625865936279e-02
3.676651418209075928e-01
1.286495178937911987e-01
-1.846148967742919922e-01
1.960019022226333618e-02
-7.835224270820617676e-03
-3.419705107808113098e-02
1.590871065855026245e-01
1.890575885772705078e-01
3.611483424901962280e-02
5.516587942838668823e-02
-8.085353672504425049e-02
-2.382873743772506714e-02
2.283452898263931274e-01
-5.329124629497528076e-02
5.460765212774276733e-03
2.144830673933029175e-01
-4.674499481916427612e-02
6.726979464292526245e-02
-1.685248501598834991e-02
5.818084347993135452e-03
-1.565367728471755981e-01
9.874253720045089722e-02
-1.541587561368942261e-01
-2.370284497737884521e-02
-2.437057718634605408e-02
4.782926756888628006e-03
1.011489052325487137e-02
9.559060633182525635e-02
-1.360832154750823975e-01
8.672655373811721802e-02
-1.944915391504764557e-02
-2.312026545405387878e-02
-5.889981985092163086e-04
2.390005998313426971e-02
-2.562006004154682159e-02
-6.285365670919418335e-02
6.154015660285949707e-02
-2.039199024438858032e-01
1.528503745794296265e-01
1.922655254602432251e-01
9.167119860649108887e-02
1.118468344211578369e-01
1.315261274576187134e-01
5.909729748964309692e-02
-1.606844365596771240e-02
1.558753661811351776e-02
-1.931650191545486450e-01
-2.023853128775954247e-03
2.795950509607791901e-02
-7.656883448362350464e-02
1.178192943334579468e-01
-1.537234988063573837e-03
