-6.778237223625183105e-02
6.839691102504730225e-02
2.954265102744102478e-02
-1.563325673341751099e-01
-1.404201686382293701e-01
-2.326653897762298584e-02
-1.223233640193939209e-01
-1.481389850378036499e-01
2.099614888429641724e-01
-1.402660459280014038e-01
2.624962627887725830e-01
-1.512933894991874695e-02
-2.318858206272125244e-01
-1.044858843088150024e-01
-2.117937430739402771e-02
2.206222712993621826e-01
-2.096483111381530762e-01
-1.104329153895378113e-01
3.572626039385795593e-02
4.146534949541091919e-02
7.307671010494232178e-02
-5.759464576840400696e-03
5.493271350860595703e-02
6.615074723958969116e-02
-1.117730438709259033e-01
-4.082878232002258301e-01
-1.279688030481338501e-01
-1.030609309673309326e-01
-6.970512121915817261e-02
-5.178205668926239014e-02
-1.461391244083642960e-02
2.045703679323196411e-02
-1.512580662965774536e-01
-3.866968676447868347e-03
8.732334710657596588e-03
8.824450522661209106e-02
-5.940393730998039246e-02
-9.227563440799713135e-02
9.916064143180847168e-02
9.174966253340244293e-03
-2.730025351047515869e-01
-2.066025324165821075e-02
4.686239361763000488e-02
1.916885077953338623e-01
1.862163692712783813e-01
1.696502044796943665e-02
6.633751839399337769e-02
-1.315968483686447144e-01
1.193611547350883484e-01
-1.621656864881515503e-01
-2.489928901195526123e-02
1.193964555859565735e-01
1.437144726514816284e-02
5.137705709785223007e-03
3.484797105193138123e-02
-1.227524951100349426e-01
7.111177593469619751e-02
1.557323634624481201e-01
-1.900238245725631714e-01
1.312781590968370438e-03
1.374857425689697266e-01
-7.274989783763885498e-02
-2.223448827862739563e-02
-5.421260371804237366e-02
2.554225325584411621e-01
1.360890418291091919e-01
-1.329916715621948242e-01
-1.921722590923309326e-01
1.020510718226432800e-01
-1.305411458015441895e-01
-7.691455632448196411e-02
3.005203418433666229e-02
-2.262065559625625610e-01
-2.323849350214004517e-01
-2.631094753742218018e-01
-5.076450109481811523e-02
3.366074264049530029e-01
1.017611026763916016e-01
-1.191344484686851501e-01
4.529687017202377319e-02
-5.630794167518615723e-02
6.118214130401611328e-02
1.130833998322486877e-01
1.225116327404975891e-01
4.910668730735778809e-02
-8.787821047008037567e-03
-1.209194809198379517e-01
-2.131060697138309479e-03
2.072410434484481812e-01
-1.131750345230102539e-01
5.892756208777427673e-02
2.457126677036285400e-01
-6.040364876389503479e-02
8.063545823097229004e-02
-2.511917240917682648e-02
1.458067074418067932e-02
-1.104315295815467834e-01
1.173543408513069153e-01
-1.031800135970115662e-01
1.236972305923700333e-02
-1.015597395598888397e-02
-3.802818059921264648e-02
4.383693262934684753e-02
6.605309993028640747e-02
-1.582561284303665161e-01
1.023061797022819519e-01
8.350939489901065826e-03
5.483284965157508850e-02
3.323068842291831970e-02
-2.088781911879777908e-03
-9.586725383996963501e-02
-9.640359133481979370e-02
1.341824382543563843e-01
-1.990500688552856445e-01
2.575564980506896973e-01
1.929158419370651245e-01
1.062478199601173401e-01
1.163877025246620178e-01
9.808877855539321899e-02
8.536291122436523438e-02
-5.460444837808609009e-02
-5.544602498412132263e-02
-2.053958773612976074e-01
4.574098810553550720e-02
2.995667979121208191e-02
-6.295415759086608887e-02
5.851676315069198608e-02
-2.876509353518486023e-02
