-1.641362309455871582e-01
1.005281805992126465e-01
5.819731205701828003e-02
-1.543723344802856445e-01
-1.433932781219482422e-01
-3.862359374761581421e-02
-2.864232659339904785e-02
-1.461379528045654297e-01
1.930171400308609009e-01
-1.735088825225830078e-01
3.018855154514312744e-01
-5.957261472940444946e-02
-1.845606863498687744e-01
-9.431768208742141724e-02
7.844179868698120117e-03
2.302636057138442993e-01
-2.025855183601379395e-01
-1.210963577032089233e-01
-4.929594695568084717e-02
-5.735164508223533630e-02
3.641134500503540039e-02
-1.324776280671358109e-02
3.291735798120498657e-02
9.080188721418380737e-02
-1.330983340740203857e-01
-4.236876964569091797e-01
-1.017465218901634216e-01
-9.571859240531921387e-02
3.004835918545722961e-03
1.087062340229749680e-02
-2.011300995945930481e-02
2.099567838013172150e-02
-2.284827530384063721e-01
-2.112882398068904877e-02
-9.843185544013977051e-03
6.544171273708343506e-02
1.384698133915662766e-02
-3.777720779180526733e-02
8.827799558639526367e-02
-3.667823970317840576e-03
-1.863567829132080078e-01
-4.528443515300750732e-02
9.361769258975982666e-02
1.874272376298904419e-01
1.306833177804946899e-01
-3.274575574323534966e-03
8.884905278682708740e-02
-7.941837608814239502e-02
8.117885887622833252e-02
-1.442153602838516235e-01
2.089162170886993408e-02
4.307932034134864807e-02
8.157923817634582520e-02
4.988414701074361801e-03
8.320950716733932495e-02
-7.722121477127075195e-02
2.076708152890205383e-02
1.588361561298370361e-01
-2.030592411756515503e-01
2.885045111179351807e-02
1.118331626057624817e-01
-2.602145262062549591e-02
-1.406943500041961670e-01
-9.832820296287536621e-02
3.021920323371887207e-01
1.736162900924682617e-01
-1.458435803651809692e-01
-1.788451820611953735e-01
1.703463494777679443e-01
-8.797534555196762085e-02
-8.753532916307449341e-02
-1.643002405762672424e-02
-1.596130877733230591e-01
-1.382147073745727539e-01
-3.240938484668731689e-01
2.704773843288421631e-02
4.097430706024169922e-01
1.205857098102569580e-01
-1.693515330553054810e-01
2.925422787666320801e-02
-7.197655737400054932e-02
1.172543875873088837e-02
5.508865788578987122e-02
8.641824126243591309e-02
-4.171426594257354736e-02
2.446991577744483948e-02
-7.423926144838333130e-02
7.141649723052978516e-02
1.399071365594863892e-01
-1.502192206680774689e-02
1.991457864642143250e-02
2.208080291748046875e-01
-3.889147937297821045e-02
3.306442126631736755e-02
-4.142571240663528442e-02
2.912238612771034241e-02
-1.391422152519226074e-01
2.684102393686771393e-02
-1.080725938081741333e-01
-1.322979666292667389e-02
1.851708814501762390e-02
-1.116956677287817001e-02
-2.376365009695291519e-04
8.391102403402328491e-02
-1.955888718366622925e-01
1.383639127016067505e-01
-1.794218271970748901e-02
-4.013995639979839325e-03
-1.052406337112188339e-02
7.159810513257980347e-02
-7.566004246473312378e-02
-6.055744737386703491e-02
5.903945863246917725e-02
-2.167106866836547852e-01
1.762349903583526611e-01
1.688514202833175659e-01
5.274412408471107483e-02
1.399336457252502441e-01
6.560835987329483032e-02
4.139271751046180725e-02
3.547996282577514648e-03
-5.935998633503913879e-04
-1.794145554304122925e-01
-4.967576265335083008e-02
7.189914584159851074e-02
-1.207860484719276428e-01
7.902800291776657104e-02
3.370078280568122864e-02
