-1.033226177096366882e-01
3.822646662592887878e-02
1.078324764966964722e-02
-1.248055920004844666e-01
-1.597334295511245728e-01
-6.880834698677062988e-02
-6.737568229436874390e-02
-1.208944097161293030e-01
2.023717314004898071e-01
-2.259174436330795288e-01
1.631351709365844727e-01
-7.857979089021682739e-02
-1.644822508096694946e-01
-4.534275736659765244e-03
-5.281089991331100464e-02
2.202977687120437622e-01
-2.265839129686355591e-01
-2.004668712615966797e-01
-7.295779883861541748e-02
7.386930286884307861e-03
8.193738013505935669e-02
2.289345860481262207e-02
-1.225232426077127457e-02
3.828470408916473389e-02
-9.227845072746276855e-02
-3.533615171909332275e-01
-8.781401813030242920e-02
-2.305227331817150116e-02
4.722624272108078003e-02
-8.649805560708045959e-03
-2.565979957580566406e-02
4.416256025433540344e-02
-2.130663841962814331e-01
-3.917113691568374634e-02
4.590707272291183472e-02
1.295116096735000610e-01
3.889830037951469421e-02
-9.307199716567993164e-02
1.445391923189163208e-01
-1.626281067728996277e-02
-3.769894540309906006e-01
2.182196080684661865e-02
1.056274026632308960e-01
2.466050684452056885e-01
1.360387355089187622e-01
1.727448776364326477e-02
-4.569763690233230591e-02
-1.848740577697753906e-01
1.580546498298645020e-01
-1.971622854471206665e-01
4.188156500458717346e-02
7.938390225172042847e-02
3.946784138679504395e-02
4.249529540538787842e-02
4.126145690679550171e-02
-1.319786310195922852e-01
1.095818728208541870e-01
1.708889603614807129e-01
-2.144603133201599121e-01
-1.036361418664455414e-02
1.517166197299957275e-01
-9.050104767084121704e-02
1.523358281701803207e-02
-1.091879829764366150e-01
2.564671635627746582e-01
1.560687422752380371e-01
-7.031387090682983398e-02
-2.268074452877044678e-01
1.433413177728652954e-01
-1.519186496734619141e-01
-7.840280234813690186e-02
6.769207864999771118e-02
-9.863613545894622803e-02
-1.529031097888946533e-01
-2.890116870403289795e-01
-5.598663538694381714e-02
4.305656850337982178e-01
1.415084153413772583e-01
-1.584314554929733276e-01
7.418563216924667358e-02
1.138279028236865997e-02
1.345991622656583786e-02
2.315409928560256958e-01
1.688958406448364258e-01
-1.001998316496610641e-02
5.993156507611274719e-02
-9.140788763761520386e-02
2.316118031740188599e-02
2.790672481060028076e-01
-5.606811493635177612e-02
-2.376524917781352997e-02
1.875143945217132568e-01
1.233063358813524246e-02
2.901036292314529419e-02
3.854862973093986511e-02
2.063580416142940521e-02
-1.182130128145217896e-01
6.338892877101898193e-02
-2.190714925527572632e-01
-3.211305662989616394e-02
4.139627516269683838e-02
1.164714433252811432e-02
-2.723452635109424591e-04
1.124592497944831848e-01
-1.272524297237396240e-01
1.102158203721046448e-01
1.036780513823032379e-02
-1.056913752108812332e-02
1.702334173023700714e-02
2.741781063377857208e-02
-2.674723789095878601e-02
-8.272346109151840210e-02
7.840422540903091431e-02
-1.882461905479431152e-01
2.383770346641540527e-01
1.392008215188980103e-01
8.275851607322692871e-02
1.535449028015136719e-01
1.028635203838348389e-01
8.078710734844207764e-02
-6.218283437192440033e-03
-3.483089059591293335e-02
-2.077506333589553833e-01
-1.063113752752542496e-02
1.175604984164237976e-01
-3.599026426672935486e-02
1.548639982938766479e-01
1.827156916260719299e-02
