-1.018847674131393433e-01
7.227148860692977905e-02
3.323572501540184021e-02
-7.879355549812316895e-02
-1.853738129138946533e-01
-7.399810478091239929e-03
-1.161087974905967712e-01
-1.387350410223007202e-01
2.175940871238708496e-01
-1.938150078058242798e-01
2.514741420745849609e-01
-4.052364081144332886e-02
-1.677504479885101318e-01
-1.000814065337181091e-01
3.779883682727813721e-02
1.879457086324691772e-01
-1.970342993736267090e-01
-1.562820076942443848e-01
-1.134400442242622375e-02
-6.227713823318481445e-02
4.003557935357093811e-02
-2.248568460345268250e-02
3.003830462694168091e-02
7.810492068529129028e-02
-1.507088094949722290e-01
-3.577719330787658691e-01
-9.590297937393188477e-02
-1.296133100986480713e-01
5.149728804826736450e-02
-4.954659193754196167e-02
3.257321659475564957e-03
3.873818367719650269e-02
-1.689307540655136108e-01
-1.036159507930278778e-02
-1.119903847575187683e-02
1.389250606298446655e-01
7.347847335040569305e-03
-3.476092591881752014e-02
1.382378935813903809e-01
-3.479976207017898560e-02
-2.825310230255126953e-01
2.601323649287223816e-05
-4.260103218257427216e-03
1.775415986776351929e-01
1.666792333126068115e-01
4.323056712746620178e-02
2.328696101903915405e-02
-7.918637245893478394e-02
1.674158722162246704e-01
-1.631586700677871704e-01
5.076632648706436157e-02
1.119055449962615967e-01
1.997349038720130920e-02
1.050868537276983261e-02
1.920128613710403442e-02
-1.246348321437835693e-01
4.357269406318664551e-02
1.494487673044204712e-01
-2.461066395044326782e-01
-1.965224975720047951e-03
1.341434270143508911e-01
-9.184000641107559204e-02
-2.664506435394287109e-02
-5.406427383422851562e-02
2.149939835071563721e-01
1.555552631616592407e-01
-8.294909447431564331e-02
-2.225689142942428589e-01
1.183816641569137573e-01
-1.891877055168151855e-01
-7.071820646524429321e-02
1.254851669073104858e-01
-1.481998413801193237e-01
-1.641800403594970703e-01
-2.956526577472686768e-01
9.289266541600227356e-03
4.825832545757293701e-01
9.809726476669311523e-02
-9.529013186693191528e-02
2.221580594778060913e-03
4.506629891693592072e-03
-5.587430298328399658e-02
8.626706153154373169e-02
9.306293725967407227e-02
-2.674771472811698914e-03
-2.551260590553283691e-02
-1.010815203189849854e-01
1.493286807090044022e-02
2.227384597063064575e-01
-3.310651332139968872e-02
2.178068645298480988e-02
2.202929109334945679e-01
-1.931552588939666748e-02
6.774464994668960571e-02
-1.020677667111158371e-02
5.724994465708732605e-02
-8.916424214839935303e-02
6.051010638475418091e-02
-8.076338469982147217e-02
-9.955658577382564545e-03
-1.784719526767730713e-02
-5.015546083450317383e-02
-6.141555495560169220e-03
8.579074405133724213e-03
-1.725466996431350708e-01
1.849435716867446899e-01
-2.273415960371494293e-02
1.723381131887435913e-02
-5.232216790318489075e-02
2.797566540539264679e-02
-1.056733578443527222e-01
-2.462291345000267029e-02
1.908578723669052124e-01
-2.281444966793060303e-01
2.018218338489532471e-01
1.785694658756256104e-01
1.327915787696838379e-01
1.663808524608612061e-01
8.371551334857940674e-02
7.650423794984817505e-02
-3.594526648521423340e-02
-6.632566452026367188e-02
-1.970995217561721802e-01
-4.532599076628684998e-02
3.606592491269111633e-02
-1.086754128336906433e-01
9.329532086849212646e-02
3.838869929313659668e-02
