-1.215745061635971069e-01
6.142462417483329773e-02
1.128673739731311798e-02
-9.877293556928634644e-02
-1.619345247745513916e-01
-3.372339159250259399e-02
-1.303925961256027222e-01
-1.153440847992897034e-01
1.897400915622711182e-01
-1.999850422143936157e-01
2.394680380821228027e-01
-1.234661862254142761e-01
-1.972990632057189941e-01
-2.882315218448638916e-02
-9.639865905046463013e-02
2.508929669857025146e-01
-2.006268352270126343e-01
-1.445946246385574341e-01
1.452157087624073029e-02
-2.583126910030841827e-02
6.786552816629409790e-02
1.659897342324256897e-02
-2.680221945047378540e-02
6.678048521280288696e-02
-1.078659668564796448e-01
-4.316856265068054199e-01
-7.703637331724166870e-02
-1.128950435668230057e-02
-2.032111212611198425e-02
-9.480779618024826050e-02
-9.692367166280746460e-03
1.191479712724685669e-01
-2.176511138677597046e-01
-1.401384733617305756e-02
-1.074342522770166397e-02
1.842060238122940063e-01
3.123809397220611572e-02
-5.188461393117904663e-02
1.098071187734603882e-01
1.387093588709831238e-02
-3.258192837238311768e-01
-2.811221405863761902e-02
1.148121654987335205e-01
2.389370054006576538e-01
9.881706535816192627e-02
2.220301539637148380e-04
4.767464473843574524e-03
-1.379632949829101562e-01
6.264176219701766968e-02
-1.587769389152526855e-01
-1.701781526207923889e-03
8.553829789161682129e-02
6.106644868850708008e-02
3.259352594614028931e-02
2.068095374852418900e-03
-1.524008661508560181e-01
3.179270029067993164e-02
1.011856421828269958e-01
-1.618435680866241455e-01
-5.681320652365684509e-02
1.322937309741973877e-01
-1.288406252861022949e-01
-1.236542034894227982e-02
-1.227100268006324768e-01
2.571901679039001465e-01
1.407087445259094238e-01
-6.098469346761703491e-02
-2.276952415704727173e-01
1.493861526250839233e-01
-1.436591893434524536e-01
-9.715177118778228760e-02
4.862344637513160706e-02
-7.895543426275253296e-02
-1.619114428758621216e-01
-3.854390084743499756e-01
-1.634322479367256165e-02
3.234959542751312256e-01
1.095183566212654114e-01
-1.123007610440254211e-01
1.064832285046577454e-01
3.237307816743850708e-02
-2.447220496833324432e-02
1.046985313296318054e-01
1.969909965991973877e-01
2.715919725596904755e-02
9.625060856342315674e-02
-7.659175992012023926e-02
6.309878081083297729e-02
1.889258176088333130e-01
-5.220726132392883301e-02
1.111731026321649551e-02
1.319471001625061035e-01
-4.584708809852600098e-02
7.987453788518905640e-02
7.859745994210243225e-03
6.265676766633987427e-02
-1.586505621671676636e-01
9.294030070304870605e-02
-1.412060856819152832e-01
1.537235453724861145e-02
5.105883814394474030e-03
2.212589234113693237e-02
1.447398774325847626e-02
1.009588539600372314e-01
-1.400701403617858887e-01
1.365176588296890259e-01
-2.256580442190170288e-02
-5.124654620885848999e-02
-6.664729211479425430e-03
4.407254606485366821e-02
-1.169254444539546967e-02
-6.725811958312988281e-02
1.018355414271354675e-01
-2.329795658588409424e-01
1.931797862052917480e-01
1.552725732326507568e-01
7.260776311159133911e-02
2.033110707998275757e-01
1.318873912096023560e-01
1.097424700856208801e-01
-2.073375135660171509e-02
-4.153224080801010132e-02
-2.356070578098297119e-01
-8.320945315062999725e-03
4.562326148152351379e-02
-9.178850054740905762e-02
8.083014935255050659e-02
3.614342585206031799e-02
