-9.805838018655776978e-02
6.555862724781036377e-02
6.608805060386657715e-02
-1.438903063535690308e-01
-9.908024966716766357e-02
-5.353928729891777039e-02
-6.996075063943862915e-02
-1.915603578090667725e-01
1.721661388874053955e-01
-1.789343804121017456e-01
2.751371264457702637e-01
-1.086443290114402771e-01
-2.164184153079986572e-01
-1.300992965698242188e-01
-3.430701047182083130e-02
2.737876474857330322e-01
-2.803235650062561035e-01
-1.646053642034530640e-01
1.193993911147117615e-02
8.990490809082984924e-03
4.156078025698661804e-02
-6.078866869211196899e-02
5.427314341068267822e-02
7.027852535247802734e-02
-1.357994079589843750e-01
-4.043717980384826660e-01
-1.193944811820983887e-01
-5.635042488574981689e-02
-4.877309128642082214e-02
1.515558734536170959e-02
-2.810624241828918457e-02
1.156669035553932190e-01
-2.278247326612472534e-01
-4.048798233270645142e-03
-4.516099579632282257e-03
1.087709069252014160e-01
-1.637943647801876068e-02
-8.175207674503326416e-02
1.205318719148635864e-01
-1.730585470795631409e-02
-2.530079782009124756e-01
-2.776878513395786285e-02
9.805157780647277832e-02
1.914575845003128052e-01
1.337053626775741577e-01
1.413817517459392548e-02
5.402036011219024658e-02
-1.256156116724014282e-01
9.537009894847869873e-02
-1.419726312160491943e-01
2.961408346891403198e-03
1.030868291854858398e-01
6.586586683988571167e-02
1.240572892129421234e-02
4.369104653596878052e-02
-1.381197124719619751e-01
4.293029755353927612e-02
1.584001481533050537e-01
-1.404169499874114990e-01
-1.474182214587926865e-02
1.041288822889328003e-01
-9.492924064397811890e-02
-5.160553753376007080e-02
-1.476442664861679077e-01
2.650950551033020020e-01
1.700959652662277222e-01
-1.150013804435729980e-01
-1.984538882970809937e-01
1.500290483236312866e-01
-6.602281332015991211e-02
-9.018909186124801636e-02
1.600329019129276276e-02
-1.801669299602508545e-01
-1.567459106445312500e-01
-3.311322033405303955e-01
-4.546099156141281128e-02
2.855495214462280273e-01
4.442876204848289490e-02
-1.525445878505706787e-01
3.623878210783004761e-02
1.882908865809440613e-02
2.368259616196155548e-02
9.324736148118972778e-02
1.815039366483688354e-01
-1.484252698719501495e-02
3.766818344593048096e-02
-9.376046806573867798e-02
4.171817563474178314e-03
1.706360876560211182e-01
-8.803746104240417480e-02
3.063643909990787506e-02
1.863130182027816772e-01
-8.385872840881347656e-02
2.676244825124740601e-02
-2.670319564640522003e-02
-1.205615419894456863e-02
-1.176158636808395386e-01
1.235696077346801758e-01
-1.346634179353713989e-01
2.150771953165531158e-02
2.838876470923423767e-02
-2.433675900101661682e-02
-3.017071448266506195e-02
8.256188035011291504e-02
-1.382560133934020996e-01
5.871757119894027710e-02
-2.063391916453838348e-02
9.805617853999137878e-03
1.282395701855421066e-02
-7.961484603583812714e-03
-7.254414260387420654e-02
-8.402133733034133911e-02
8.142933994531631470e-02
-2.220949530601501465e-01
2.133276462554931641e-01
1.824427545070648193e-01
2.837528474628925323e-02
1.244123131036758423e-01
9.510177373886108398e-02
1.264467239379882812e-01
-5.026686191558837891e-02
-2.196820452809333801e-03
-2.156671285629272461e-01
2.888380549848079681e-03
1.256219446659088135e-01
-8.189640939235687256e-02
6.622289866209030151e-02
-1.100022532045841217e-02
