-1.121622174978256226e-01
6.091874837875366211e-02
1.992965675890445709e-02
-1.118651106953620911e-01
-1.209440901875495911e-01
-3.202681895345449448e-03
-1.013815104961395264e-01
-6.381932646036148071e-02
1.776203513145446777e-01
-1.887597292661666870e-01
2.495978772640228271e-01
-7.484976202249526978e-02
-2.249705493450164795e-01
-4.813530668616294861e-02
6.531298626214265823e-03
2.291529178619384766e-01
-2.452908605337142944e-01
-1.583687514066696167e-01
-4.150201752781867981e-02
2.541292645037174225e-02
3.761373832821846008e-02
1.042957138270139694e-02
1.566310599446296692e-02
8.414133638143539429e-02
-1.359391659498214722e-01
-4.830971658229827881e-01
-6.965982168912887573e-02
-1.921847090125083923e-02
-5.033247172832489014e-02
-7.094044983386993408e-02
-2.939820103347301483e-02
7.070718705654144287e-02
-2.273064553737640381e-01
7.819214835762977600e-03
1.421059202402830124e-02
1.579082161188125610e-01
3.070895187556743622e-02
-8.110646903514862061e-02
1.603907793760299683e-01
1.824923232197761536e-02
-3.535441756248474121e-01
-4.487032070755958557e-03
9.628970175981521606e-02
2.465889602899551392e-01
1.535742431879043579e-01
-2.228328399360179901e-02
-2.031630463898181915e-02
-9.470368176698684692e-02
1.193377897143363953e-01
-1.973394304513931274e-01
2.027881518006324768e-02
1.204971745610237122e-01
2.916267141699790955e-02
-1.169633120298385620e-03
5.196811258792877197e-02
-5.170484632253646851e-02
3.953847289085388184e-02
1.350234448909759521e-01
-1.979245692491531372e-01
-1.108978167176246643e-01
1.021102443337440491e-01
-6.969717890024185181e-02
2.767611667513847351e-02
-1.420689374208450317e-01
1.973282396793365479e-01
1.316343992948532104e-01
-5.029321461915969849e-02
-2.416907250881195068e-01
1.255833655595779419e-01
-1.858594715595245361e-01
-8.721260726451873779e-02
7.072465121746063232e-02
-1.058573797345161438e-01
-1.929584890604019165e-01
-3.632904291152954102e-01
-2.295999974012374878e-02
3.237653374671936035e-01
1.486433297395706177e-01
-1.194213926792144775e-01
8.579266816377639771e-02
4.671039804816246033e-02
-1.026641950011253357e-01
1.227716654539108276e-01
1.704090982675552368e-01
2.015395462512969971e-02
1.090148687362670898e-01
-7.931797206401824951e-02
9.123469889163970947e-02
2.656705081462860107e-01
-2.702455036342144012e-03
3.075029142200946808e-02
2.056785225868225098e-01
-3.410345874726772308e-03
1.845540478825569153e-02
5.748460069298744202e-02
1.200548559427261353e-02
-1.038189530372619629e-01
5.286592245101928711e-02
-2.253599613904953003e-01
3.016986884176731110e-02
-4.454151540994644165e-02
2.410316467285156250e-02
-1.281579863280057907e-02
1.098934188485145569e-01
-1.727442741394042969e-01
9.624554216861724854e-02
-2.143457531929016113e-02
-8.280013501644134521e-02
-1.012686174362897873e-02
4.531650990247726440e-02
-6.330682337284088135e-02
-1.195801943540573120e-01
8.330326527357101440e-02
-2.264063358306884766e-01
1.047294363379478455e-01
1.577328294515609741e-01
1.012736931443214417e-01
1.242451295256614685e-01
7.381007075309753418e-02
6.180851534008979797e-02
-3.649372607469558716e-02
-2.991428971290588379e-02
-2.463349997997283936e-01
-1.123865135014057159e-02
8.781377971172332764e-02
-6.014820933341979980e-02
1.020181551575660706e-01
-6.702004466205835342e-03
