-9.504321217536926270e-02
5.082031339406967163e-02
4.718571156263351440e-02
-5.253122746944427490e-02
-1.064547151327133179e-01
-3.042118623852729797e-04
-5.169016122817993164e-02
-1.029831767082214355e-01
1.277595013380050659e-01
-1.749765425920486450e-01
2.242120802402496338e-01
-2.680034562945365906e-02
-2.070811986923217773e-01
-9.051369875669479370e-02
-3.013827092945575714e-02
2.315382659435272217e-01
-2.561396658420562744e-01
-1.623470187187194824e-01
-6.558902561664581299e-02
3.401638567447662354e-02
7.970863580703735352e-02
4.938793182373046875e-02
1.665936782956123352e-02
1.127679459750652313e-02
-1.355365812778472900e-01
-4.104087352752685547e-01
-7.983453571796417236e-02
-5.462305992841720581e-02
2.936001121997833252e-02
6.583424750715494156e-03
-1.106755211949348450e-01
1.206941250711679459e-02
-1.643923819065093994e-01
-4.543533921241760254e-02
2.982846274971961975e-02
6.033197045326232910e-02
3.512659296393394470e-02
-9.472113102674484253e-02
1.205868944525718689e-01
2.539877593517303467e-02
-2.897754013538360596e-01
5.467569455504417419e-02
7.502175867557525635e-02
2.506727278232574463e-01
1.756281703710556030e-01
4.539426416158676147e-02
2.857058867812156677e-02
-1.274566352367401123e-01
1.521575450897216797e-01
-1.936211138963699341e-01
6.492188200354576111e-03
7.044956833124160767e-02
5.548474192619323730e-02
5.346236750483512878e-02
5.034048110246658325e-02
-1.311942189931869507e-01
6.770384311676025391e-02
1.310159862041473389e-01
-1.536004096269607544e-01
-1.765500055626034737e-03
7.362344861030578613e-02
-6.019576638936996460e-02
5.274317413568496704e-02
-1.016483530402183533e-01
2.115994989871978760e-01
4.126555845141410828e-02
-8.449390530586242676e-02
-1.845309287309646606e-01
1.047326698899269104e-01
-1.371947675943374634e-01
-9.848859161138534546e-02
-3.921527415513992310e-03
-1.418128907680511475e-01
-1.614672094583511353e-01
-3.383027613162994385e-01
-2.403595671057701111e-02
3.850459754467010498e-01
1.507525891065597534e-01
-1.779806911945343018e-01
8.787363022565841675e-02
3.148832917213439941e-02
4.638965707272291183e-03
2.006075382232666016e-01
1.909247189760208130e-01
1.133741438388824463e-02
5.581813678145408630e-02
-1.022188439965248108e-01
-1.609832420945167542e-02
2.373944520950317383e-01
-3.926869109272956848e-02
-6.279382854700088501e-03
2.315506935119628906e-01
-1.039447262883186340e-03
5.653993040323257446e-02
7.709851115942001343e-02
2.782079763710498810e-02
-1.032276898622512817e-01
8.078481256961822510e-02
-1.167149245738983154e-01
3.557535260915756226e-02
2.694801986217498779e-02
-4.467474669218063354e-02
1.948459818959236145e-02
9.707050770521163940e-02
-1.269669532775878906e-01
1.219632551074028015e-01
-4.209428280591964722e-02
6.478079408407211304e-02
4.963912069797515869e-02
1.583280228078365326e-02
-5.469482392072677612e-02
-6.402895599603652954e-02
6.233091652393341064e-02
-2.217809706926345825e-01
1.753793209791183472e-01
2.152468115091323853e-01
5.192315205931663513e-02
1.404494196176528931e-01
9.112142771482467651e-02
7.436806708574295044e-02
-5.250440537929534912e-02
5.407222732901573181e-02
-2.431557327508926392e-01
-4.551162943243980408e-02
1.061022579669952393e-01
-8.693604916334152222e-02
1.109276860952377319e-01
2.702970430254936218e-02
