-5.805597454309463501e-02
3.196571767330169678e-02
1.078394241631031036e-02
-1.391094923019409180e-01
-1.583437919616699219e-01
-1.057238411158323288e-02
-6.852650642395019531e-02
-9.154535084962844849e-02
1.777769327163696289e-01
-1.577363312244415283e-01
2.313437312841415405e-01
-6.039159744977951050e-02
-2.289353162050247192e-01
-7.699133455753326416e-02
-9.956133365631103516e-02
2.410367727279663086e-01
-2.240874022245407104e-01
-2.156702578067779541e-01
-2.400096319615840912e-02
4.493259638547897339e-02
6.118189916014671326e-02
-7.011885754764080048e-03
4.636674746870994568e-02
5.462783575057983398e-02
-9.891216456890106201e-02
-3.776276409626007080e-01
-7.450995594263076782e-02
-1.201632767915725708e-01
-2.952403016388416290e-02
-5.177172273397445679e-02
2.686351723968982697e-02
5.290421470999717712e-02
-2.318843305110931396e-01
-2.105502411723136902e-03
1.024294644594192505e-02
5.364738777279853821e-02
2.048764377832412720e-02
-1.336594671010971069e-01
1.351273506879806519e-01
-8.118162862956523895e-03
-3.575433492660522461e-01
4.086450673639774323e-03
4.901757836341857910e-02
2.150035053491592407e-01
1.117309033870697021e-01
1.856913417577743530e-02
1.554266922175884247e-02
-1.302158832550048828e-01
8.979944139719009399e-02
-1.844929158687591553e-01
1.696608960628509521e-02
1.024067848920822144e-01
3.096864372491836548e-02
-3.214259445667266846e-02
7.309038192033767700e-03
-1.175178140401840210e-01
9.339420497417449951e-02
1.230180561542510986e-01
-1.770628094673156738e-01
-4.157061874866485596e-02
1.056982725858688354e-01
-6.177965551614761353e-03
-1.033269334584474564e-02
-1.528626829385757446e-01
2.630944252014160156e-01
1.139373257756233215e-01
-1.012820750474929810e-01
-2.181799858808517456e-01
1.383649259805679321e-01
-1.374178081750869751e-01
-9.654185920953750610e-02
8.596134185791015625e-02
-1.671656519174575806e-01
-1.711029857397079468e-01
-2.443909645080566406e-01
-5.112059414386749268e-02
4.204279184341430664e-01
1.103928685188293457e-01
-1.382891088724136353e-01
8.730086684226989746e-02
-2.248221635818481445e-02
3.444395586848258972e-02
9.439221024513244629e-02
1.637070327997207642e-01
5.243791267275810242e-03
8.586145192384719849e-02
-9.238748252391815186e-02
-1.635670661926269531e-02
2.452706694602966309e-01
-7.963749021291732788e-02
-4.107041656970977783e-02
1.868767142295837402e-01
-6.037415936589241028e-02
9.964730590581893921e-03
2.440704032778739929e-02
-3.791623935103416443e-02
-5.490196868777275085e-02
1.060125827789306641e-01
-1.317740380764007568e-01
-2.209959551692008972e-03
1.943614333868026733e-02
-6.720129400491714478e-03
-4.502251744270324707e-02
7.879995554685592651e-02
-1.220125705003738403e-01
6.756564974784851074e-02
-3.175643458962440491e-02
4.142918623983860016e-03
3.138058632612228394e-02
4.950987175107002258e-02
-6.899683177471160889e-02
-8.396296203136444092e-02
1.133703738451004028e-01
-2.066678851842880249e-01
2.479871511459350586e-01
1.535129696130752563e-01
1.153934150934219360e-01
1.017472296953201294e-01
1.311573237180709839e-01
9.309698641300201416e-02
-3.446888551115989685e-02
-1.928279176354408264e-02
-2.577419281005859375e-01
-4.749692976474761963e-02
1.359342038631439209e-01
-8.809719979763031006e-02
1.428303271532058716e-01
-2.047391608357429504e-02
