-1.325730532407760620e-01
9.304917603731155396e-02
4.853254556655883789e-02
-1.556890755891799927e-01
-1.969702988862991333e-01
-4.630336165428161621e-02
-8.909301459789276123e-02
-1.109709739685058594e-01
1.113440021872520447e-01
-9.227761626243591309e-02
2.961003482341766357e-01
-4.762344434857368469e-02
-2.129510939121246338e-01
-9.843649715185165405e-02
-6.894916296005249023e-02
2.423390001058578491e-01
-2.228123545646667480e-01
-1.390208750963211060e-01
-2.255865558981895447e-02
1.891055330634117126e-02
7.996916770935058594e-02
4.182616993784904480e-02
6.202708184719085693e-02
1.838655769824981689e-02
-9.485025703907012939e-02
-4.125116169452667236e-01
-3.785016760230064392e-02
-6.125854700803756714e-02
3.757899254560470581e-02
-1.877813972532749176e-02
-3.330768644809722900e-02
3.672891855239868164e-02
-2.172323018312454224e-01
-3.314648568630218506e-02
7.347048819065093994e-02
1.126811876893043518e-01
-4.562599584460258484e-03
-5.386616289615631104e-02
1.061718761920928955e-01
-2.072129026055335999e-02
-3.115003407001495361e-01
9.159327484667301178e-03
1.032705903053283691e-01
2.177059501409530640e-01
1.854368597269058228e-01
4.416868463158607483e-02
4.882758110761642456e-02
-1.712506860494613647e-01
1.149625405669212341e-01
-1.866959929466247559e-01
2.806493639945983887e-02
8.591005951166152954e-02
3.507716208696365356e-02
-1.261518523097038269e-02
-9.699884802103042603e-03
-1.091676205396652222e-01
5.600882694125175476e-02
1.595523953437805176e-01
-1.972047537565231323e-01
-9.733299724757671356e-03
1.595428287982940674e-01
-7.582379877567291260e-02
-2.282595820724964142e-02
-1.318328678607940674e-01
2.237390279769897461e-01
5.278258398175239563e-02
-1.494248211383819580e-01
-1.870858818292617798e-01
8.257678151130676270e-02
-1.305743604898452759e-01
-8.533722907304763794e-02
4.501202702522277832e-02
-1.523487567901611328e-01
-1.670597791671752930e-01
-3.598369956016540527e-01
-2.311130054295063019e-02
4.032733142375946045e-01
1.063574254512786865e-01
-1.242429316043853760e-01
2.871275693178176880e-02
2.698109019547700882e-03
2.469114586710929871e-02
9.863791614770889282e-02
1.446496695280075073e-01
-2.709458954632282257e-02
2.388221770524978638e-02
-1.277432739734649658e-01
2.465114369988441467e-02
2.298377156257629395e-01
-1.010583937168121338e-01
3.189820796251296997e-02
2.301854938268661499e-01
-2.816113084554672241e-02
9.836582094430923462e-02
-2.553482167422771454e-02
9.900759905576705933e-02
-1.313587129116058350e-01
6.714443117380142212e-02
-1.171154752373695374e-01
8.648535236716270447e-03
-2.126502618193626404e-02
-4.430321231484413147e-02
2.842522598803043365e-02
1.223127469420433044e-01
-1.529188007116317749e-01
9.731383621692657471e-02
-4.969223588705062866e-02
3.935724869370460510e-02
1.066673547029495239e-02
-2.013912051916122437e-02
-4.205515142530202866e-03
-1.177613809704780579e-01
6.138303503394126892e-02
-1.522236019372940063e-01
2.167664766311645508e-01
2.365132719278335571e-01
1.436211466789245605e-01
1.257833689451217651e-01
1.504253149032592773e-01
2.143342792987823486e-02
-1.522676274180412292e-02
-1.682497560977935791e-02
-2.028344720602035522e-01
-1.180333923548460007e-02
6.262969970703125000e-02
-1.028913185000419617e-01
1.101951003074645996e-01
1.146899349987506866e-02
