-8.077233284711837769e-02
1.207724586129188538e-02
1.347569189965724945e-02
-7.600335031747817993e-02
-1.273448020219802856e-01
-1.071497239172458649e-02
-5.150241404771804810e-02
-7.042858749628067017e-02
1.611522287130355835e-01
-1.712261438369750977e-01
2.146804928779602051e-01
-6.603581458330154419e-02
-1.889530420303344727e-01
-4.924276098608970642e-02
-5.332514271140098572e-02
2.233305573463439941e-01
-2.296397238969802856e-01
-1.545180082321166992e-01
-2.363635227084159851e-03
4.367302358150482178e-02
9.819459915161132812e-02
2.377985790371894836e-02
-3.944465890526771545e-02
3.034317679703235626e-02
-1.351122260093688965e-01
-3.804181516170501709e-01
-1.032933816313743591e-01
-7.970464229583740234e-02
-1.655413955450057983e-02
-4.773049056529998779e-02
-5.494122207164764404e-02
1.141073778271675110e-01
-1.347108483314514160e-01
-2.049051038920879364e-02
3.279438614845275879e-02
8.522652834653854370e-02
2.957821264863014221e-02
-5.017720535397529602e-02
1.196386218070983887e-01
1.980389282107353210e-02
-3.314820826053619385e-01
1.996755599975585938e-02
7.850325107574462891e-02
2.501978278160095215e-01
1.111486479640007019e-01
2.855192869901657104e-02
8.196601644158363342e-03
-1.058399602770805359e-01
1.350036859512329102e-01
-1.824367344379425049e-01
-2.633344568312168121e-02
1.065594330430030823e-01
2.794471755623817444e-02
6.657303124666213989e-02
2.212280780076980591e-02
-1.208908259868621826e-01
6.000552698969841003e-02
8.613024652004241943e-02
-1.503596603870391846e-01
1.689204014837741852e-03
8.719185739755630493e-02
-9.674021601676940918e-02
3.426020592451095581e-02
-9.676910936832427979e-02
2.028828263282775879e-01
7.405705749988555908e-02
-9.154581278562545776e-02
-1.950544267892837524e-01
1.089900806546211243e-01
-1.343417912721633911e-01
-1.101124659180641174e-01
4.498955234885215759e-02
-1.634616702795028687e-01
-1.818393319845199585e-01
-2.966054081916809082e-01
-2.774377167224884033e-02
3.773505091667175293e-01
9.601027518510818481e-02
-1.339031308889389038e-01
1.033042743802070618e-01
3.688998147845268250e-02
-5.757086444646120071e-03
1.865145266056060791e-01
2.036931663751602173e-01
4.545527696609497070e-02
8.389274775981903076e-02
-7.098363339900970459e-02
1.090483460575342178e-02
2.429232448339462280e-01
-8.649200946092605591e-02
6.659068167209625244e-04
1.724342107772827148e-01
-4.469646140933036804e-02
9.363842010498046875e-02
4.548269882798194885e-02
5.224002152681350708e-02
-6.191366165876388550e-02
8.115816116333007812e-02
-1.219125539064407349e-01
4.107266664505004883e-02
3.730762749910354614e-02
-3.729538619518280029e-02
-9.551280178129673004e-03
8.615544438362121582e-02
-9.611608088016510010e-02
1.137973740696907043e-01
-9.727905504405498505e-03
4.814033955335617065e-02
2.852955367416143417e-03
4.511736333370208740e-02
-6.007915362715721130e-02
-5.007119476795196533e-02
8.573874086141586304e-02
-2.038909643888473511e-01
2.246224284172058105e-01
1.777792870998382568e-01
3.429589048027992249e-02
1.136670559644699097e-01
9.710966795682907104e-02
7.130943238735198975e-02
-4.923614859580993652e-02
-1.629101485013961792e-02
-2.273003756999969482e-01
-3.378876298666000366e-02
1.116035282611846924e-01
-4.415512084960937500e-02
6.537646055221557617e-02
-2.928728051483631134e-02
