-3.948174044489860535e-02
4.643876105546951294e-02
-2.828946523368358612e-02
-8.889908343553543091e-02
-1.697522550821304321e-01
-6.707414984703063965e-02
-9.332906454801559448e-02
-1.281908154487609863e-01
1.784907132387161255e-01
-1.379399001598358154e-01
2.269431352615356445e-01
-5.739799886941909790e-02
-1.324401348829269409e-01
-1.252673119306564331e-01
-7.254534959793090820e-02
1.687814593315124512e-01
-2.187820971012115479e-01
-1.415753066539764404e-01
-5.109535530209541321e-03
1.395198516547679901e-03
8.945941925048828125e-02
-1.538386847823858261e-02
2.451851032674312592e-03
3.840129822492599487e-02
-1.193793565034866333e-01
-3.613766431808471680e-01
-9.907174855470657349e-02
-1.020182669162750244e-01
4.220317304134368896e-02
-6.295347958803176880e-02
-5.677574872970581055e-02
4.432632774114608765e-02
-1.733101606369018555e-01
-9.571585804224014282e-02
7.630876451730728149e-02
7.732909917831420898e-02
-2.219902910292148590e-02
-6.906537711620330811e-02
1.266313195228576660e-01
5.084900185465812683e-03
-2.637161016464233398e-01
-1.362451259046792984e-02
8.330159634351730347e-02
1.984423995018005371e-01
1.421218514442443848e-01
2.990211918950080872e-02
3.213401883840560913e-02
-1.707543730735778809e-01
1.773152053356170654e-01
-9.733434021472930908e-02
-2.291109412908554077e-04
1.151014119386672974e-01
9.200175106525421143e-02
6.161303073167800903e-02
2.084722556173801422e-02
-1.074144989252090454e-01
5.555298179388046265e-02
1.583519577980041504e-01
-1.897784918546676636e-01
3.033545240759849548e-02
8.129721134901046753e-02
-8.860355615615844727e-02
-5.311492830514907837e-02
-7.701984047889709473e-02
2.203949987888336182e-01
1.076887324452400208e-01
-9.675227105617523193e-02
-2.296192944049835205e-01
1.285757422447204590e-01
-1.515200138092041016e-01
-1.225052401423454285e-01
5.967498198151588440e-02
-1.250778883695602417e-01
-1.706747561693191528e-01
-2.957999408245086670e-01
-7.142890989780426025e-02
4.017816483974456787e-01
1.011454463005065918e-01
-1.524809449911117554e-01
3.483631089329719543e-02
-1.992035657167434692e-02
-1.854501478374004364e-02
1.280830055475234985e-01
1.829642355442047119e-01
-1.375215314328670502e-02
7.257206737995147705e-02
-5.814211443066596985e-02
-6.531257182359695435e-03
2.094697356224060059e-01
-7.705071568489074707e-02
-2.315537817776203156e-02
1.685350537300109863e-01
-4.616713523864746094e-02
1.327829509973526001e-01
2.019871398806571960e-02
1.448307838290929794e-02
-1.178985238075256348e-01
8.255069702863693237e-02
-9.301701933145523071e-02
-3.749664872884750366e-02
4.909254610538482666e-02
-4.487473517656326294e-02
2.211711741983890533e-02
8.200251311063766479e-02
-1.155918091535568237e-01
9.776686131954193115e-02
2.022084780037403107e-03
4.836217686533927917e-02
1.163316704332828522e-02
-3.932319581508636475e-03
-3.966573625802993774e-02
-7.400339096784591675e-02
9.756370633840560913e-02
-2.236927747726440430e-01
2.615725100040435791e-01
1.698959022760391235e-01
1.081444621086120605e-01
1.385415494441986084e-01
1.073525622487068176e-01
2.802290953695774078e-02
-2.479636110365390778e-03
-6.493355333805084229e-02
-1.799091845750808716e-01
-7.214450743049383163e-03
3.769204393029212952e-02
-6.074372306466102600e-02
8.972057700157165527e-02
-4.814100265502929688e-02
