-1.286637783050537109e-01
2.018046379089355469e-02
8.388373255729675293e-02
-1.352852433919906616e-01
-1.473026126623153687e-01
-2.855140902101993561e-02
-1.614363864064216614e-02
-1.247729882597923279e-01
1.642662435770034790e-01
-1.470178365707397461e-01
2.629194855690002441e-01
-9.584291279315948486e-02
-1.831739246845245361e-01
-8.807607740163803101e-02
-6.567044556140899658e-02
2.269380241632461548e-01
-2.192032635211944580e-01
-1.300370842218399048e-01
-2.255735546350479126e-02
3.641157969832420349e-02
6.816020607948303223e-02
-2.245650440454483032e-02
3.324531018733978271e-02
2.448605000972747803e-02
-1.139816790819168091e-01
-3.940541744232177734e-01
-9.706614166498184204e-02
-4.519597068428993225e-02
-8.561076596379280090e-03
-5.227869376540184021e-03
-6.036086753010749817e-02
4.222962632775306702e-02
-2.223086506128311157e-01
-3.983537852764129639e-02
2.151314355432987213e-02
1.230502873659133911e-01
1.438629580661654472e-03
-1.168015971779823303e-01
6.937307119369506836e-02
-3.935387730598449707e-02
-2.734927535057067871e-01
-4.242325201630592346e-02
1.116293892264366150e-01
1.907560527324676514e-01
1.182733103632926941e-01
1.608159393072128296e-02
1.465387921780347824e-02
-1.115779280662536621e-01
9.574974328279495239e-02
-1.916753500699996948e-01
1.643287017941474915e-03
5.159457400441169739e-02
1.767658255994319916e-02
2.861342020332813263e-02
7.441703230142593384e-03
-1.188097968697547913e-01
6.924629956483840942e-02
1.336068361997604370e-01
-1.704640090465545654e-01
-3.992937505245208740e-03
1.261212080717086792e-01
-6.863394379615783691e-02
-5.037064850330352783e-02
-1.179857477545738220e-01
2.096118181943893433e-01
1.469658911228179932e-01
-1.347182393074035645e-01
-2.161322981119155884e-01
8.272335678339004517e-02
-1.041063740849494934e-01
-4.392911493778228760e-02
1.699353754520416260e-02
-1.732272356748580933e-01
-1.788333952426910400e-01
-3.236943781375885010e-01
-1.343441382050514221e-02
4.051296412944793701e-01
9.887997061014175415e-02
-1.197787970304489136e-01
-6.701010279357433319e-03
-2.503307163715362549e-02
5.088555812835693359e-02
1.279248744249343872e-01
1.496802419424057007e-01
2.374595776200294495e-02
6.809562444686889648e-02
-1.249842494726181030e-01
5.866402387619018555e-02
1.802305728197097778e-01
-1.038897037506103516e-01
-8.714989759027957916e-03
1.774262785911560059e-01
-5.912427604198455811e-02
5.036720260977745056e-02
-5.097671225666999817e-02
6.940105557441711426e-02
-1.041832566261291504e-01
1.368670910596847534e-01
-1.348232775926589966e-01
5.765143036842346191e-02
5.956138297915458679e-02
8.379891514778137207e-04
1.344986446201801300e-02
1.053431257605552673e-01
-1.211106628179550171e-01
7.775181531906127930e-02
-6.547207944095134735e-03
7.768193259835243225e-03
2.691342122852802277e-02
-4.385363310575485229e-02
-8.055342733860015869e-02
-6.479912251234054565e-02
5.408332496881484985e-02
-2.010539174079895020e-01
2.019991576671600342e-01
2.109190523624420166e-01
8.741244673728942871e-02
1.341515481472015381e-01
1.069342717528343201e-01
4.222799465060234070e-02
1.452182792127132416e-02
-3.797409124672412872e-03
-1.929155439138412476e-01
-4.274426028132438660e-03
5.956904962658882141e-02
-6.321646273136138916e-02
7.677803933620452881e-02
-8.487808518111705780e-03
