-8.686914294958114624e-02
1.021333634853363037e-01
2.765904180705547333e-02
-1.289055347442626953e-01
-1.515275090932846069e-01
-6.541959941387176514e-02
-9.131162613630294800e-02
-9.706623107194900513e-02
1.861461549997329712e-01
-1.352265775203704834e-01
2.049837261438369751e-01
-6.643949449062347412e-02
-1.812793612480163574e-01
-7.197359204292297363e-02
-7.915510982275009155e-02
1.848377436399459839e-01
-2.309057712554931641e-01
-1.880485862493515015e-01
1.384059153497219086e-02
-1.467712037265300751e-02
7.954285293817520142e-02
7.446045428514480591e-02
-4.506373777985572815e-02
1.985213905572891235e-02
-1.491776704788208008e-01
-3.493292331695556641e-01
-8.897917717695236206e-02
-6.412094086408615112e-02
3.496230393648147583e-02
-6.411276012659072876e-02
-1.046611461788415909e-02
4.693528637290000916e-02
-2.052873522043228149e-01
-3.467749059200286865e-02
5.015302449464797974e-02
1.405061632394790649e-01
1.903516240417957306e-02
-8.619864284992218018e-02
7.586862146854400635e-02
1.290339045226573944e-02
-2.994284331798553467e-01
-3.833162784576416016e-02
6.353293359279632568e-02
2.496754378080368042e-01
1.307317167520523071e-01
1.066148374229669571e-02
1.808946952223777771e-03
-1.487924605607986450e-01
1.083151698112487793e-01
-1.148253977298736572e-01
-4.634705185890197754e-02
1.340177208185195923e-01
-3.108985163271427155e-02
5.996907874941825867e-02
1.343314070254564285e-03
-1.179733052849769592e-01
5.706808716058731079e-02
1.379831284284591675e-01
-1.750206947326660156e-01
-2.549904584884643555e-02
1.232905164361000061e-01
-9.251754730939865112e-02
-3.126886673271656036e-03
-1.219581589102745056e-01
1.831325441598892212e-01
3.012494742870330811e-02
-7.811173796653747559e-02
-2.365257441997528076e-01
1.220929101109504700e-01
-1.985687166452407837e-01
-1.044851467013359070e-01
1.170028746128082275e-01
-1.059208214282989502e-01
-1.528181582689285278e-01
-2.996141612529754639e-01
-4.639226943254470825e-02
4.004035294055938721e-01
1.340250521898269653e-01
-8.100962638854980469e-02
5.914757028222084045e-02
1.788356900215148926e-02
-1.344603486359119415e-03
1.639366745948791504e-01
1.395481079816818237e-01
1.139482110738754272e-02
1.129759252071380615e-01
-1.120451539754867554e-01
3.803298249840736389e-02
2.749935984611511230e-01
-4.825960472226142883e-02
3.341870615258812904e-03
1.568186730146408081e-01
-5.466878414154052734e-02
9.428665041923522949e-02
1.120653934776782990e-02
3.130417317152023315e-02
-9.082683920860290527e-02
9.281115233898162842e-02
-9.485135227441787720e-02
6.507702171802520752e-03
3.961456194519996643e-02
-4.929309710860252380e-02
-4.180164076387882233e-03
1.298201233148574829e-01
-8.274213969707489014e-02
9.309072047472000122e-02
2.300598099827766418e-02
2.408503741025924683e-02
-3.109383583068847656e-02
3.149067983031272888e-02
-3.702085092663764954e-02
-8.832772821187973022e-02
1.405039131641387939e-01
-1.931249946355819702e-01
2.234467864036560059e-01
2.002683132886886597e-01
7.548309117555618286e-02
1.203395724296569824e-01
9.724652767181396484e-02
6.358484923839569092e-02
-7.301180064678192139e-02
-8.207521587610244751e-02
-1.927624940872192383e-01
-3.216863423585891724e-02
2.322398312389850616e-02
-6.628849357366561890e-02
1.194696947932243347e-01
-3.983387723565101624e-02
