-8.051319420337677002e-02
5.308751016855239868e-02
1.041554659605026245e-02
-1.249177008867263794e-01
-9.203004091978073120e-02
-1.506205182522535324e-03
-1.170056089758872986e-01
-1.052489131689071655e-01
1.693053543567657471e-01
-2.325626313686370850e-01
1.526722162961959839e-01
-1.151826158165931702e-01
-1.442678719758987427e-01
-3.765773400664329529e-02
-4.867215082049369812e-02
2.175797969102859497e-01
-1.580643057823181152e-01
-1.868593245744705200e-01
3.613919951021671295e-03
-1.545716356486082077e-02
6.551721692085266113e-02
7.891866378486156464e-03
-1.955885253846645355e-02
1.399528235197067261e-01
-1.394736021757125854e-01
-3.241237401962280273e-01
-9.718312323093414307e-02
-1.043709069490432739e-01
-4.387833178043365479e-03
-1.120099797844886780e-01
-4.217007011175155640e-02
5.102009698748588562e-02
-2.325563430786132812e-01
-5.808249115943908691e-04
-2.368446253240108490e-02
1.010397523641586304e-01
6.009007245302200317e-02
-7.796258479356765747e-02
1.716940402984619141e-01
3.827849030494689941e-02
-3.154674768447875977e-01
3.490267321467399597e-02
7.358628511428833008e-02
1.968155652284622192e-01
1.091439574956893921e-01
-3.042596578598022461e-02
-1.991335116326808929e-02
-1.163629963994026184e-01
1.560133844614028931e-01
-1.864493191242218018e-01
-1.170690543949604034e-02
9.386833757162094116e-02
2.312828227877616882e-02
3.334943205118179321e-02
2.149942517280578613e-02
-5.904531478881835938e-02
8.678180724382400513e-02
8.899408578872680664e-02
-2.141573578119277954e-01
3.110587969422340393e-02
6.575552374124526978e-02
-8.594280481338500977e-02
1.465648971498012543e-02
-7.562525570392608643e-02
1.815957874059677124e-01
1.449716091156005859e-01
-1.319197285920381546e-02
-2.558788061141967773e-01
1.354669034481048584e-01
-1.997039616107940674e-01
-8.864448219537734985e-02
1.501759141683578491e-01
-7.133917510509490967e-02
-1.415369659662246704e-01
-2.786963880062103271e-01
-2.562724612653255463e-02
3.668122887611389160e-01
1.587484776973724365e-01
-1.128035187721252441e-01
1.308707594871520996e-01
3.007881343364715576e-02
-1.204216405749320984e-01
1.180519685149192810e-01
1.732703894376754761e-01
3.475626185536384583e-02
7.483124732971191406e-02
-5.353492684662342072e-03
8.182471990585327148e-02
2.911351323127746582e-01
-3.116465173661708832e-03
1.938063837587833405e-02
1.727757006883621216e-01
-4.111293703317642212e-02
7.722478359937667847e-02
1.738415285944938660e-02
2.758932299911975861e-02
-1.199010983109474182e-01
4.263658821582794189e-02
-1.182368472218513489e-01
2.488162834197282791e-03
-2.264453098177909851e-02
3.472175076603889465e-02
-1.504277065396308899e-02
9.869910776615142822e-02
-1.679316312074661255e-01
1.381442099809646606e-01
-6.216558441519737244e-02
-1.056075543165206909e-01
-5.706220120191574097e-02
9.395124763250350952e-02
-4.339750483632087708e-02
-1.218130253255367279e-02
1.082092598080635071e-01
-1.795219033956527710e-01
1.778878271579742432e-01
1.311029195785522461e-01
7.291585206985473633e-02
6.461550295352935791e-02
8.004347234964370728e-02
5.647003278136253357e-02
-3.471066243946552277e-03
-3.967470675706863403e-02
-2.244717031717300415e-01
-5.379801616072654724e-02
1.251701414585113525e-01
-1.079207658767700195e-01
1.154247894883155823e-01
-3.359641134738922119e-02
