-1.510781198740005493e-01
7.407294213771820068e-02
5.955849587917327881e-02
-1.236269325017929077e-01
-1.561902463436126709e-01
-4.849677439779043198e-03
-1.305376440286636353e-01
-1.226389855146408081e-01
1.991762369871139526e-01
-2.232103198766708374e-01
1.689075827598571777e-01
-8.627313375473022461e-02
-2.165519297122955322e-01
-4.827405884861946106e-02
-4.438014328479766846e-02
2.367254197597503662e-01
-2.112871259450912476e-01
-2.516987025737762451e-01
-3.339869529008865356e-02
-2.006320282816886902e-02
3.070632182061672211e-02
-4.720437806099653244e-03
-1.080568414181470871e-02
9.127800911664962769e-02
-1.732174456119537354e-01
-4.304645359516143799e-01
-9.549903869628906250e-02
-7.007806748151779175e-02
-4.924794659018516541e-02
-8.642359077930450439e-02
2.220653370022773743e-02
1.701770909130573273e-02
-2.255344539880752563e-01
2.979753911495208740e-02
-3.922946751117706299e-02
1.480077654123306274e-01
4.260230064392089844e-02
-1.189604699611663818e-01
1.468548923730850220e-01
-4.336945712566375732e-04
-4.028866589069366455e-01
-1.750452071428298950e-02
1.023478880524635315e-01
2.350106388330459595e-01
1.395994275808334351e-01
-2.537619508802890778e-02
-7.788900285959243774e-03
-7.346712052822113037e-02
1.446163654327392578e-01
-2.101269960403442383e-01
1.846004277467727661e-02
1.506313681602478027e-01
2.105142176151275635e-02
1.067499257624149323e-02
7.355204224586486816e-02
-8.597502112388610840e-02
8.870071917772293091e-02
1.228500902652740479e-01
-1.764105111360549927e-01
-7.299798727035522461e-02
1.208173856139183044e-01
-5.677641183137893677e-02
3.191024065017700195e-02
-8.282659202814102173e-02
2.303936034440994263e-01
1.530169248580932617e-01
-5.457847192883491516e-02
-1.979498565196990967e-01
1.558886468410491943e-01
-1.849383860826492310e-01
-6.975588947534561157e-02
8.970236033201217651e-02
-1.314497590065002441e-01
-1.631021797657012939e-01
-3.483112752437591553e-01
-3.270012885332107544e-02
3.978358507156372070e-01
1.430297493934631348e-01
-1.174699813127517700e-01
8.507679402828216553e-02
2.074262313544750214e-02
-1.351980492472648621e-02
1.026550754904747009e-01
1.854864656925201416e-01
-1.264681946486234665e-02
1.080489605665206909e-01
-9.523543715476989746e-02
6.869278848171234131e-02
2.602448463439941406e-01
9.038258343935012817e-03
2.506545372307300568e-02
1.875938773155212402e-01
1.755908504128456116e-02
-6.041551474481821060e-03
5.222445726394653320e-02
4.470124095678329468e-02
-1.269949823617935181e-01
2.871328033506870270e-03
-1.573830246925354004e-01
8.327902294695377350e-03
1.582439616322517395e-02
6.011946871876716614e-02
-2.358942851424217224e-02
1.057075858116149902e-01
-1.548507809638977051e-01
1.291489452123641968e-01
-1.078683510422706604e-02
-6.677605956792831421e-02
-5.449207499623298645e-02
7.172384113073348999e-02
-1.864705979824066162e-02
-8.181058615446090698e-02
1.038573607802391052e-01
-1.765421181917190552e-01
1.267934590578079224e-01
1.459979414939880371e-01
4.235512390732765198e-02
1.251548975706100464e-01
8.892673254013061523e-02
7.494802772998809814e-02
-7.216960936784744263e-02
-4.003779962658882141e-02
-1.867606490850448608e-01
-5.570536851882934570e-02
6.530388444662094116e-02
-9.156525135040283203e-02
1.218956112861633301e-01
1.416559144854545593e-02
