-1.483368873596191406e-01
6.452071666717529297e-02
6.810405850410461426e-02
-1.515135765075683594e-01
-1.899418234825134277e-01
-1.655688043683767319e-03
-3.497142344713211060e-02
-1.877660900354385376e-01
1.600021272897720337e-01
-1.728843897581100464e-01
2.865921854972839355e-01
-9.724644571542739868e-02
-2.266730517148971558e-01
-9.536088258028030396e-02
-1.129489988088607788e-01
2.442587912082672119e-01
-1.945576369762420654e-01
-1.667657792568206787e-01
-2.182126790285110474e-02
-4.240819253027439117e-03
4.270302504301071167e-02
-7.002377882599830627e-03
5.417154356837272644e-02
5.237219855189323425e-02
-8.564502745866775513e-02
-3.785011470317840576e-01
-6.575726717710494995e-02
-7.463779300451278687e-02
-5.630604922771453857e-03
-2.497826702892780304e-02
6.682435050606727600e-03
3.176097571849822998e-02
-2.597429752349853516e-01
-1.227751374244689941e-02
-1.727285981178283691e-02
1.003220081329345703e-01
-2.891285344958305359e-02
-1.123648583889007568e-01
1.178621649742126465e-01
-5.952456593513488770e-02
-3.010511100292205811e-01
1.495617255568504333e-02
9.673584997653961182e-02
1.914329677820205688e-01
1.629964113235473633e-01
1.009737420827150345e-02
5.106939002871513367e-03
-1.734235882759094238e-01
1.327976435422897339e-01
-1.955097466707229614e-01
-7.424976676702499390e-03
8.410275727510452271e-02
2.679739147424697876e-02
-6.337368488311767578e-02
2.266852557659149170e-02
-1.138671934604644775e-01
5.662329122424125671e-02
1.571784019470214844e-01
-2.009394466876983643e-01
-5.006947554647922516e-03
1.556982249021530151e-01
-6.581930816173553467e-02
-4.194528609514236450e-02
-1.834395974874496460e-01
2.330508232116699219e-01
1.055018678307533264e-01
-1.331844031810760498e-01
-1.830888092517852783e-01
1.555632799863815308e-01
-1.397473663091659546e-01
-3.787463158369064331e-02
5.981055647134780884e-02
-1.373023390769958496e-01
-2.073748707771301270e-01
-2.939838171005249023e-01
1.455289777368307114e-02
4.353079497814178467e-01
1.367275565862655640e-01
-1.025380343198776245e-01
5.587934702634811401e-02
-5.174845457077026367e-03
4.119583591818809509e-02
8.563064783811569214e-02
1.573900580406188965e-01
3.304900601506233215e-03
-3.812806680798530579e-03
-1.125324070453643799e-01
-3.749378956854343414e-03
1.911798119544982910e-01
-6.947992742061614990e-02
2.578143775463104248e-02
2.331615388393402100e-01
-6.619736552238464355e-02
7.518162950873374939e-03
-2.735009044408798218e-02
3.108421713113784790e-02
-1.622249335050582886e-01
1.153203099966049194e-01
-1.256366223096847534e-01
3.883435949683189392e-02
-3.183470293879508972e-02
-5.574702471494674683e-02
2.007669210433959961e-02
7.319685816764831543e-02
-1.319080293178558350e-01
1.052800118923187256e-01
-7.664313167333602905e-02
9.477369487285614014e-03
1.503873616456985474e-02
-5.163038894534111023e-02
-3.757826238870620728e-02
-4.310455545783042908e-02
9.455536305904388428e-02
-2.167549878358840942e-01
2.160258144140243530e-01
1.465946286916732788e-01
1.026174873113632202e-01
1.661418676376342773e-01
1.549516916275024414e-01
1.038536727428436279e-01
-1.160643901675939560e-02
7.389120757579803467e-03
-2.356938123703002930e-01
-4.180269315838813782e-02
9.182025492191314697e-02
-1.541487574577331543e-01
1.346257030963897705e-01
1.120177656412124634e-02
