-1.314939409494400024e-01
6.100553274154663086e-02
6.212218850851058960e-02
-8.693342655897140503e-02
-2.202761918306350708e-01
6.122100166976451874e-04
-6.713224202394485474e-02
-1.237938553094863892e-01
1.250591427087783813e-01
-1.158014684915542603e-01
2.965375781059265137e-01
-1.118615791201591492e-01
-1.784360110759735107e-01
-8.592360466718673706e-02
-1.741440035402774811e-02
2.078928649425506592e-01
-2.032579928636550903e-01
-1.274810433387756348e-01
-1.479087769985198975e-02
-3.907187376171350479e-03
5.005918908864259720e-03
-1.232000067830085754e-05
8.183086663484573364e-02
3.888873383402824402e-02
-1.577765047550201416e-01
-4.588580131530761719e-01
-7.123181223869323730e-02
-1.068931445479393005e-01
4.749204963445663452e-03
-1.862727478146553040e-02
-4.507620632648468018e-02
8.678124845027923584e-02
-1.394118070602416992e-01
-1.397188566625118256e-02
6.938855350017547607e-02
9.347643703222274780e-02
-9.703738614916801453e-03
-3.504752367734909058e-02
1.488570421934127808e-01
-4.685958102345466614e-02
-2.955254614353179932e-01
-6.863745395094156265e-03
9.863135218620300293e-02
2.165684998035430908e-01
1.181349232792854309e-01
1.045205257833003998e-02
4.762837290763854980e-02
-9.014559537172317505e-02
1.383687108755111694e-01
-1.156345978379249573e-01
1.983220130205154419e-02
9.929208457469940186e-02
6.726167351007461548e-02
-1.434293575584888458e-03
2.748040109872817993e-02
-7.321483641862869263e-02
1.011068094521760941e-02
1.659049391746520996e-01
-1.629569828510284424e-01
-1.835790276527404785e-02
1.032106727361679077e-01
-3.819922357797622681e-02
-4.938826337456703186e-02
-1.264442801475524902e-01
1.914806514978408813e-01
1.326955258846282959e-01
-1.097875908017158508e-01
-2.336053252220153809e-01
5.720327422022819519e-02
-1.137589365243911743e-01
-1.007035002112388611e-01
5.294109880924224854e-02
-1.949809342622756958e-01
-1.775506883859634399e-01
-3.098450303077697754e-01
-2.006314881145954132e-02
3.565639853477478027e-01
6.824001669883728027e-02
-1.628642082214355469e-01
-2.858720906078815460e-02
4.871795699000358582e-02
-6.913083139806985855e-03
7.414692640304565430e-02
1.513800024986267090e-01
-4.097870737314224243e-02
4.533819109201431274e-02
-8.683566749095916748e-02
4.419726319611072540e-03
1.764916777610778809e-01
-1.052150800824165344e-01
7.556972093880176544e-03
1.934794634580612183e-01
-2.585673145949840546e-02
8.399967849254608154e-02
-5.646227393299341202e-03
6.215384230017662048e-02
-1.300069540739059448e-01
8.797228336334228516e-02
-1.283539235591888428e-01
5.327939521521329880e-03
3.243225812911987305e-02
-1.452352013438940048e-02
1.743948645889759064e-02
7.058197259902954102e-02
-1.839450150728225708e-01
1.336916983127593994e-01
-4.489782825112342834e-02
2.763022109866142273e-02
2.823376562446355820e-03
2.223447524011135101e-02
-3.341397643089294434e-02
-7.928115129470825195e-02
1.030724197626113892e-01
-1.989479064941406250e-01
1.596846282482147217e-01
2.082158923149108887e-01
9.270253777503967285e-02
1.418814659118652344e-01
1.171360537409782410e-01
-1.848333515226840973e-03
-1.256556436419487000e-02
4.022521525621414185e-02
-1.687624305486679077e-01
-2.843218669295310974e-02
8.352199941873550415e-02
-9.716460108757019043e-02
3.664164245128631592e-02
-1.595184393227100372e-02
