-1.289467215538024902e-01
5.730680003762245178e-02
6.948430091142654419e-02
-1.354046612977981567e-01
-1.277092248201370239e-01
-7.344866544008255005e-02
-4.379677399992942810e-02
-1.498096436262130737e-01
1.881775110960006714e-01
-1.324658244848251343e-01
1.828831434249877930e-01
-8.922027796506881714e-02
-1.594001352787017822e-01
-1.199949830770492554e-01
-3.768346831202507019e-02
2.242495864629745483e-01
-1.832360327243804932e-01
-1.565138399600982666e-01
1.043467596173286438e-02
2.509465813636779785e-02
8.477605879306793213e-02
-1.310177240520715714e-02
6.285487860441207886e-02
5.982907116413116455e-02
-1.343055665493011475e-01
-3.943050503730773926e-01
-7.967365533113479614e-02
-6.670127809047698975e-02
1.076606102287769318e-03
1.409087912179529667e-03
-3.559057042002677917e-02
1.090439558029174805e-01
-2.323250323534011841e-01
-4.846881330013275146e-02
1.181284710764884949e-02
1.122294887900352478e-01
2.114551514387130737e-02
-6.993233412504196167e-02
1.129647344350814819e-01
-3.402030095458030701e-02
-3.339424729347229004e-01
-4.688746109604835510e-02
8.958359807729721069e-02
2.018607407808303833e-01
1.364052593708038330e-01
-1.635940931737422943e-02
4.593374580144882202e-02
-1.266698688268661499e-01
1.063105612993240356e-01
-1.507275998592376709e-01
-4.053305834531784058e-03
8.746629953384399414e-02
3.431278839707374573e-02
9.439149871468544006e-03
4.485774040222167969e-02
-9.163493663072586060e-02
7.272614538669586182e-02
9.460536390542984009e-02
-1.591645628213882446e-01
-1.958549208939075470e-02
1.207836568355560303e-01
-6.165399029850959778e-02
-3.811076283454895020e-02
-1.364672183990478516e-01
2.219941765069961548e-01
9.954007714986801147e-02
-9.999591112136840820e-02
-1.762953847646713257e-01
1.046597287058830261e-01
-1.215227991342544556e-01
-6.471788138151168823e-02
4.465772211551666260e-02
-1.456833928823471069e-01
-1.649802774190902710e-01
-3.262395262718200684e-01
-5.248495191335678101e-02
3.396677076816558838e-01
1.304742395877838135e-01
-1.749756783246994019e-01
7.709242403507232666e-02
-2.537319436669349670e-02
4.167981818318367004e-02
1.342498064041137695e-01
2.019758224487304688e-01
1.958770677447319031e-02
1.319388151168823242e-01
-5.808325484395027161e-02
1.549656689167022705e-02
1.784715354442596436e-01
-9.001702070236206055e-02
1.396258361637592316e-02
2.102094739675521851e-01
-1.538625359535217285e-02
6.813354790210723877e-02
-3.055253438651561737e-02
1.361210830509662628e-02
-9.318175911903381348e-02
9.810812771320343018e-02
-1.363553255796432495e-01
2.245374955236911774e-02
4.850936681032180786e-02
1.896237768232822418e-02
2.755274996161460876e-02
1.108162477612495422e-01
-1.658174842596054077e-01
1.149152889847755432e-01
8.517367765307426453e-03
3.042969480156898499e-02
3.012439608573913574e-02
2.494888007640838623e-02
-2.113540843129158020e-02
-1.081565767526626587e-01
3.935817256569862366e-02
-1.863394230604171753e-01
1.831032186746597290e-01
1.849747151136398315e-01
2.160933613777160645e-02
1.332100629806518555e-01
9.509017318487167358e-02
8.789651095867156982e-02
7.128715515136718750e-05
-5.247090011835098267e-04
-1.520328819751739502e-01
4.107171203941106796e-03
1.199406459927558899e-01
-8.454157412052154541e-02
7.365196943283081055e-02
1.366857439279556274e-03
