-1.259947866201400757e-01
6.050931289792060852e-02
4.414423182606697083e-02
-1.483755558729171753e-01
-1.291890889406204224e-01
-1.152556389570236206e-01
-7.352367043495178223e-02
-1.658605784177780151e-01
1.630951166152954102e-01
-1.250994801521301270e-01
2.706327736377716064e-01
-7.982753962278366089e-02
-1.767939180135726929e-01
-1.194075196981430054e-01
-5.244209617376327515e-02
2.270460873842239380e-01
-2.634857594966888428e-01
-1.121027991175651550e-01
-5.270134657621383667e-03
3.194857388734817505e-03
7.888808846473693848e-02
-2.331974171102046967e-02
5.829680338501930237e-02
5.586633086204528809e-02
-1.043812930583953857e-01
-3.929922580718994141e-01
-9.881953895092010498e-02
-7.886659353971481323e-02
-9.022969752550125122e-03
-8.253132924437522888e-03
-1.084325369447469711e-02
6.467374414205551147e-02
-1.998425126075744629e-01
-1.478089950978755951e-02
3.768142312765121460e-02
6.317397207021713257e-02
-1.488134032115340233e-03
-7.459883391857147217e-02
1.366646885871887207e-01
-2.308987826108932495e-02
-2.425429522991180420e-01
1.520597841590642929e-03
9.513698518276214600e-02
2.055134922266006470e-01
1.537154763936996460e-01
1.638465747237205505e-02
3.967106342315673828e-02
-1.376075446605682373e-01
1.499627232551574707e-01
-1.513845175504684448e-01
-1.081232167780399323e-02
8.637480437755584717e-02
6.473881751298904419e-02
1.074128597974777222e-02
2.960150875151157379e-02
-1.076760441064834595e-01
5.906292423605918884e-02
1.724810600280761719e-01
-2.035068273544311523e-01
1.916193775832653046e-02
1.171212047338485718e-01
-8.118256181478500366e-02
-8.541571348905563354e-02
-1.150511205196380615e-01
2.611665129661560059e-01
1.373920291662216187e-01
-1.590476781129837036e-01
-1.719779074192047119e-01
1.020870506763458252e-01
-9.234876930713653564e-02
-7.314063608646392822e-02
1.427347585558891296e-02
-1.775023490190505981e-01
-2.000065892934799194e-01
-2.806625068187713623e-01
-7.516073063015937805e-03
3.547602593898773193e-01
9.571374207735061646e-02
-1.709640175104141235e-01
3.091857582330703735e-02
-1.043970044702291489e-02
3.145759552717208862e-02
1.124370396137237549e-01
1.584826260805130005e-01
-2.913019061088562012e-02
3.177690133452415466e-02
-7.405618578195571899e-02
1.797104999423027039e-02
1.774459779262542725e-01
-8.813454955816268921e-02
1.579718850553035736e-02
2.449484020471572876e-01
-4.217718914151191711e-02
9.000907838344573975e-02
-6.013292074203491211e-02
-2.563480101525783539e-02
-9.400384873151779175e-02
9.775204956531524658e-02
-1.176963970065116882e-01
2.454469725489616394e-02
3.569668531417846680e-02
-2.133075520396232605e-02
1.391207333654165268e-02
6.492359936237335205e-02
-1.476109772920608521e-01
8.293412625789642334e-02
5.463395267724990845e-03
2.782748267054557800e-02
1.031206175684928894e-02
-1.840153126977384090e-03
-5.178448930382728577e-02
-8.386935293674468994e-02
5.005870386958122253e-02
-2.208574712276458740e-01
2.624019682407379150e-01
2.009890377521514893e-01
1.214006394147872925e-01
1.461551338434219360e-01
8.203639090061187744e-02
3.690821304917335510e-02
1.704274490475654602e-02
-2.164636738598346710e-03
-1.568819284439086914e-01
1.709596998989582062e-02
1.202196478843688965e-01
-7.200952619314193726e-02
8.565301448106765747e-02
-2.699588611721992493e-02
