-1.270222216844558716e-01
6.970591098070144653e-02
2.682795375585556030e-02
-7.970951497554779053e-02
-1.237468421459197998e-01
-6.837917119264602661e-02
-4.355141893029212952e-02
-9.960551559925079346e-02
1.488446295261383057e-01
-1.204283237457275391e-01
2.052140682935714722e-01
-9.589681029319763184e-02
-1.526730209589004517e-01
-1.103769987821578979e-01
-5.226853489875793457e-02
2.190490365028381348e-01
-2.177966833114624023e-01
-1.197198927402496338e-01
1.495493575930595398e-02
2.808620221912860870e-02
1.220468580722808838e-01
-4.450452327728271484e-02
-2.470576949417591095e-02
7.025676965713500977e-02
-1.177249699831008911e-01
-3.723734021186828613e-01
-9.198196977376937866e-02
-1.094532087445259094e-01
3.393416851758956909e-02
-6.771412491798400879e-02
-3.077078610658645630e-02
7.654145359992980957e-02
-1.905836760997772217e-01
-6.474430859088897705e-02
-1.356385275721549988e-02
6.028100848197937012e-02
5.165603477507829666e-03
-6.738207489252090454e-02
1.242434829473495483e-01
-1.585290767252445221e-03
-2.754646539688110352e-01
-9.269408881664276123e-03
3.878726065158843994e-02
2.185546606779098511e-01
8.885602653026580811e-02
1.432061940431594849e-02
6.375664472579956055e-02
-9.079495072364807129e-02
1.316971778869628906e-01
-1.633996218442916870e-01
-5.468590557575225830e-02
1.011618524789810181e-01
6.973102688789367676e-02
4.007916897535324097e-02
3.650330007076263428e-03
-1.212210059165954590e-01
8.096498250961303711e-02
8.557733893394470215e-02
-1.960678249597549438e-01
4.342846944928169250e-02
7.561557739973068237e-02
-6.898909062147140503e-02
8.205134421586990356e-03
-5.677084624767303467e-02
2.469304651021957397e-01
8.793368190526962280e-02
-9.956863522529602051e-02
-1.556717604398727417e-01
1.143842414021492004e-01
-1.163602769374847412e-01
-4.561845958232879639e-02
3.900992125272750854e-02
-1.343890726566314697e-01
-1.852442473173141479e-01
-3.108626008033752441e-01
-2.322261780500411987e-02
3.804846107959747314e-01
1.003223210573196411e-01
-1.390574276447296143e-01
7.645500451326370239e-02
-7.777891308069229126e-02
4.516648128628730774e-03
1.367227882146835327e-01
1.647675931453704834e-01
-1.024172268807888031e-02
8.557443320751190186e-02
-5.770509690046310425e-02
5.657393485307693481e-03
2.100622057914733887e-01
-7.484883069992065430e-02
-1.046331948600709438e-03
1.948241889476776123e-01
-2.741603180766105652e-02
9.484995901584625244e-02
-2.274708636105060577e-02
-1.765019446611404419e-02
-7.190036773681640625e-02
5.895050615072250366e-02
-3.286775201559066772e-02
3.472303971648216248e-02
3.035589307546615601e-02
-7.266663759946823120e-02
6.719193886965513229e-03
8.868256211280822754e-02
-1.620913445949554443e-01
9.061068296432495117e-02
1.058436557650566101e-02
5.946578830480575562e-02
-9.556855075061321259e-03
6.604496389627456665e-02
-1.052588522434234619e-01
-6.646415591239929199e-02
8.021824061870574951e-02
-2.155608385801315308e-01
2.452187091112136841e-01
2.164178788661956787e-01
4.079851135611534119e-02
1.044850498437881470e-01
1.165539622306823730e-01
3.833752498030662537e-02
-1.279660034924745560e-02
-2.722285687923431396e-02
-1.516127437353134155e-01
-4.503157688304781914e-04
1.268923282623291016e-01
-7.596028596162796021e-02
5.826063826680183411e-02
-2.816951647400856018e-02
