-1.057106554508209229e-01
4.080135002732276917e-02
4.652674123644828796e-02
-1.942429691553115845e-01
-1.315972656011581421e-01
-7.872764021158218384e-03
-9.330686181783676147e-02
-9.870883822441101074e-02
1.257240772247314453e-01
-1.647116541862487793e-01
2.783899605274200439e-01
-1.219069734215736389e-01
-2.353947609663009644e-01
-3.735981136560440063e-02
-5.470009520649909973e-02
2.505701780319213867e-01
-2.512142360210418701e-01
-1.524258702993392944e-01
-5.930642597377300262e-03
-8.855285122990608215e-04
6.144603341817855835e-02
3.443460911512374878e-02
1.355337072163820267e-02
6.034860014915466309e-02
-4.910419136285781860e-02
-4.086775481700897217e-01
-1.267486959695816040e-01
-9.360359609127044678e-02
-5.527350120246410370e-03
-2.709626220166683197e-02
6.221793591976165771e-04
7.101538777351379395e-02
-1.810486614704132080e-01
1.347047835588455200e-02
3.676041588187217712e-02
1.090250238776206970e-01
-1.296056620776653290e-02
-1.259634643793106079e-01
1.353024989366531372e-01
1.846681162714958191e-02
-2.503446936607360840e-01
6.644801702350378036e-03
9.681142121553421021e-02
2.040173411369323730e-01
9.211262315511703491e-02
4.760493338108062744e-02
4.691872745752334595e-04
-1.270578056573867798e-01
8.456882834434509277e-02
-1.733698993921279907e-01
3.149230778217315674e-02
9.093677997589111328e-02
5.480825155973434448e-02
3.157408162951469421e-02
1.790522783994674683e-02
-1.547767370939254761e-01
1.013687774538993835e-01
1.311817616224288940e-01
-2.674018442630767822e-01
-1.064837072044610977e-02
9.237726032733917236e-02
-1.029818803071975708e-01
-1.674995198845863342e-02
-1.485299468040466309e-01
2.423868030309677124e-01
1.718449890613555908e-01
-9.562884271144866943e-02
-2.474257051944732666e-01
1.736964881420135498e-01
-1.082037687301635742e-01
-8.082848787307739258e-02
9.572580456733703613e-02
-1.778669208288192749e-01
-1.525947004556655884e-01
-2.650089561939239502e-01
-2.463311143219470978e-02
3.270353376865386963e-01
8.947827666997909546e-02
-1.021264716982841492e-01
1.725558377802371979e-02
3.749870136380195618e-02
-4.461582377552986145e-02
7.845392823219299316e-02
1.446760445833206177e-01
-2.728747203946113586e-03
-3.585212863981723785e-03
-8.641200512647628784e-02
1.083030924201011658e-02
1.955208480358123779e-01
-7.490564137697219849e-02
-1.412881631404161453e-02
1.930205523967742920e-01
-6.010860577225685120e-02
5.750373005867004395e-02
1.095869205892086029e-02
2.836329117417335510e-02
-9.580989181995391846e-02
6.620292365550994873e-02
-1.489893645048141479e-01
1.146267540752887726e-02
-5.563649162650108337e-02
-4.220269620418548584e-02
-6.860649585723876953e-02
8.619496226310729980e-02
-1.224069818854331970e-01
7.736873626708984375e-02
-4.438188672065734863e-02
-6.949697434902191162e-02
-7.639020681381225586e-02
-2.679090201854705811e-02
-5.812770500779151917e-02
-3.895727545022964478e-02
1.353262960910797119e-01
-2.185136824846267700e-01
2.022491842508316040e-01
2.018509209156036377e-01
1.432103216648101807e-01
1.304686516523361206e-01
8.794867992401123047e-02
5.950326472520828247e-02
-4.111251607537269592e-02
-8.658552169799804688e-02
-2.954304516315460205e-01
-2.319680340588092804e-02
1.070144027471542358e-01
-6.366384029388427734e-02
6.246657297015190125e-02
6.917323451489210129e-03
