-9.402509033679962158e-02
1.530065760016441345e-02
8.468489348888397217e-02
-1.208437755703926086e-01
-1.692918986082077026e-01
-5.909392237663269043e-02
-7.367282360792160034e-02
-1.405925452709197998e-01
1.403718888759613037e-01
-1.838366687297821045e-01
2.087914049625396729e-01
-8.134827017784118652e-02
-2.091542780399322510e-01
-8.867558836936950684e-02
-8.469549566507339478e-02
2.691468298435211182e-01
-1.683565378189086914e-01
-1.565644890069961548e-01
-4.003379493951797485e-02
-7.739694789052009583e-03
-5.097805336117744446e-02
-4.185435362160205841e-03
1.775773242115974426e-02
3.631301224231719971e-02
-6.077608466148376465e-02
-3.909319043159484863e-01
-6.809297204017639160e-02
-5.610432475805282593e-02
-4.579465091228485107e-02
-2.890230854973196983e-03
-5.614756420254707336e-02
1.112977489829063416e-01
-1.949126720428466797e-01
-4.504966735839843750e-02
2.495542913675308228e-02
1.441085040569305420e-01
2.266975864768028259e-02
-7.870948314666748047e-02
8.879788219928741455e-02
1.205166801810264587e-03
-3.369678258895874023e-01
-2.583759091794490814e-02
7.871344685554504395e-02
2.120421230792999268e-01
2.035221904516220093e-01
4.039080068469047546e-02
2.263665571808815002e-02
-1.341389864683151245e-01
1.862646788358688354e-01
-2.259158641099929810e-01
-1.352795213460922241e-02
2.295960113406181335e-02
3.822634741663932800e-02
-2.157973870635032654e-02
1.647741161286830902e-02
-1.594847589731216431e-01
7.477981597185134888e-02
1.239315867424011230e-01
-2.005000561475753784e-01
-5.576330423355102539e-02
1.212674677371978760e-01
-6.595636159181594849e-02
-2.650261297821998596e-02
-1.237260699272155762e-01
2.225924581289291382e-01
1.406760811805725098e-01
-1.207640022039413452e-01
-1.558984220027923584e-01
1.822147816419601440e-01
-2.044693827629089355e-01
-3.046936728060245514e-02
3.440429270267486572e-02
-8.384526520967483521e-02
-1.706722527742385864e-01
-3.337819874286651611e-01
-4.881339147686958313e-02
3.649488985538482666e-01
1.437627375125885010e-01
-1.458859890699386597e-01
-9.094608016312122345e-03
2.747349441051483154e-02
5.476608127355575562e-02
1.462651789188385010e-01
1.481359601020812988e-01
-1.239632535725831985e-02
5.738907679915428162e-02
-8.852902054786682129e-02
-8.610061556100845337e-02
2.423022389411926270e-01
-4.073002189397811890e-02
1.815208978950977325e-02
2.058556973934173584e-01
-3.916596248745918274e-02
4.829359054565429688e-02
2.485025487840175629e-02
7.585599273443222046e-02
-1.040165349841117859e-01
9.369193017482757568e-02
-1.741781979799270630e-01
6.052969396114349365e-02
-8.478250354528427124e-03
-8.035249263048171997e-02
3.861765377223491669e-03
6.164420396089553833e-02
-1.694058924913406372e-01
1.469870507717132568e-01
-6.390336900949478149e-02
3.855170682072639465e-02
-3.111748956143856049e-03
-3.359403461217880249e-02
-3.218325227499008179e-02
-3.054429963231086731e-02
1.376079916954040527e-01
-1.914556175470352173e-01
1.734304726123809814e-01
2.009905278682708740e-01
4.613792896270751953e-02
1.740106344223022461e-01
1.329055875539779663e-01
7.854877412319183350e-02
-4.925020411610603333e-02
-7.575114071369171143e-02
-2.106877416372299194e-01
-8.367110043764114380e-02
7.539574801921844482e-02
-1.451331079006195068e-01
9.921051561832427979e-02
2.910515293478965759e-02
