-3.001096285879611969e-02
1.189270615577697754e-01
2.163388021290302277e-02
-7.076721638441085815e-02
-2.244141399860382080e-01
-1.144579611718654633e-02
-1.092615127563476562e-01
-1.260195970535278320e-01
1.709899753332138062e-01
-1.410742551088333130e-01
2.795418500900268555e-01
-6.001696363091468811e-02
-1.495419442653656006e-01
-3.027502633631229401e-02
-4.873083904385566711e-02
2.216997593641281128e-01
-2.430437058210372925e-01
-1.251700073480606079e-01
-2.156462706625461578e-02
-9.768726304173469543e-03
5.454821512103080750e-04
7.356290519237518311e-02
-3.826724598184227943e-03
2.211941964924335480e-02
-1.335846483707427979e-01
-4.089412689208984375e-01
-6.247458979487419128e-02
-9.836559742689132690e-02
3.455303236842155457e-02
-8.617825061082839966e-02
-7.327072322368621826e-02
7.006806880235671997e-02
-1.474461704492568970e-01
-4.325895011425018311e-02
9.251311421394348145e-02
9.033467620611190796e-02
-5.838649719953536987e-02
-8.358124643564224243e-02
9.808839857578277588e-02
3.248540684580802917e-02
-2.877177596092224121e-01
4.063980653882026672e-02
8.345262706279754639e-02
2.668196856975555420e-01
2.245171517133712769e-01
1.369257643818855286e-02
-1.320884004235267639e-02
-1.544104218482971191e-01
1.634956449270248413e-01
-1.833804994821548462e-01
-2.830078825354576111e-03
9.695006906986236572e-02
5.591259524226188660e-02
5.233972147107124329e-02
5.212020501494407654e-02
-5.904445052146911621e-02
4.462780430912971497e-02
1.216792985796928406e-01
-1.986828148365020752e-01
-3.228335082530975342e-02
1.416775584220886230e-01
-6.022452563047409058e-02
-1.256901770830154419e-03
-1.052223443984985352e-01
2.386943846940994263e-01
9.962958842515945435e-02
-1.006629243493080139e-01
-1.758513599634170532e-01
6.411698460578918457e-02
-1.613302379846572876e-01
-1.564242541790008545e-01
5.682696029543876648e-02
-1.178261786699295044e-01
-1.809858381748199463e-01
-3.096092045307159424e-01
-5.134002119302749634e-02
4.415561556816101074e-01
1.451317816972732544e-01
-1.638895869255065918e-01
1.012499071657657623e-02
2.862108871340751648e-02
-4.311489686369895935e-02
1.430246829986572266e-01
1.578248143196105957e-01
1.224376447498798370e-02
-2.944687381386756897e-02
-8.543090522289276123e-02
2.072260156273841858e-02
2.567043900489807129e-01
-8.957358449697494507e-02
-3.934643696993589401e-03
2.139817178249359131e-01
-6.284990161657333374e-02
8.101598173379898071e-02
-3.172871656715869904e-03
6.666332483291625977e-02
-1.503011435270309448e-01
6.622129678726196289e-02
-1.047167032957077026e-01
-8.129747211933135986e-02
3.776694089174270630e-02
-1.115738414227962494e-03
-2.937458921223878860e-03
1.418846249580383301e-01
-1.753283888101577759e-01
1.764257252216339111e-01
-2.523112110793590546e-02
4.146730899810791016e-02
6.846633553504943848e-02
-2.048839069902896881e-02
-1.765454187989234924e-03
-3.821552544832229614e-02
1.319722533226013184e-01
-2.231653034687042236e-01
2.182652652263641357e-01
1.515827178955078125e-01
6.735298037528991699e-02
1.174794211983680725e-01
6.477515399456024170e-02
-9.767163544893264771e-03
-5.667250975966453552e-02
-5.771261453628540039e-02
-2.209119498729705811e-01
-5.676310509443283081e-02
3.257646411657333374e-02
-9.168562293052673340e-02
8.230337500572204590e-02
-3.795031458139419556e-02
