-9.222101420164108276e-02
5.110526829957962036e-02
7.494219578802585602e-03
-1.420997679233551025e-01
-1.715355813503265381e-01
-5.179005488753318787e-02
-1.094170808792114258e-01
-1.365561187267303467e-01
1.645786762237548828e-01
-1.841695159673690796e-01
2.433033436536788940e-01
-1.516929715871810913e-01
-2.017799019813537598e-01
-1.618361659348011017e-02
-4.395915567874908447e-02
2.311955094337463379e-01
-2.433963865041732788e-01
-1.466027647256851196e-01
1.311045419424772263e-02
3.116484731435775757e-05
9.592197090387344360e-02
-2.964395284652709961e-02
-8.074536919593811035e-03
8.524145931005477905e-02
-1.530221253633499146e-01
-4.081235527992248535e-01
-1.145766302943229675e-01
-6.116662546992301941e-02
-1.750009134411811829e-02
-9.006663411855697632e-02
-8.454819209873676300e-03
5.636177584528923035e-02
-2.209443747997283936e-01
-2.265377901494503021e-02
-1.924454420804977417e-02
8.429359644651412964e-02
6.962289568036794662e-03
-1.033884361386299133e-01
1.633426845073699951e-01
3.274996206164360046e-02
-3.075728118419647217e-01
4.073162376880645752e-02
5.008148401975631714e-02
2.072702646255493164e-01
1.379103362560272217e-01
1.495275273919105530e-02
3.394965827465057373e-02
-1.177942901849746704e-01
9.328182041645050049e-02
-1.417328566312789917e-01
-2.668421901762485504e-02
1.264064610004425049e-01
2.558957785367965698e-02
9.153839200735092163e-03
-1.909208670258522034e-02
-8.955604583024978638e-02
4.709669202566146851e-02
1.405930519104003906e-01
-2.106281667947769165e-01
-6.801153067499399185e-04
1.463782787322998047e-01
-1.024698987603187561e-01
3.776330873370170593e-02
-1.033742949366569519e-01
2.322806119918823242e-01
9.332616627216339111e-02
-7.256820052862167358e-02
-2.087870389223098755e-01
1.065051704645156860e-01
-1.415799260139465332e-01
-8.566983789205551147e-02
4.560500010848045349e-02
-1.572163999080657959e-01
-2.066074311733245850e-01
-3.233681321144104004e-01
-7.236513309180736542e-03
3.201509118080139160e-01
1.071562469005584717e-01
-1.068046987056732178e-01
8.026503771543502808e-02
2.033515833318233490e-02
-4.379234090447425842e-02
1.169783398509025574e-01
1.858830004930496216e-01
6.050159409642219543e-02
4.227351397275924683e-02
-6.307029724121093750e-02
6.742486357688903809e-02
2.268476486206054688e-01
-7.998601347208023071e-02
2.949684485793113708e-02
2.332693636417388916e-01
-6.318255513906478882e-02
5.068102106451988220e-02
-1.690803468227386475e-02
3.267168626189231873e-02
-1.495522856712341309e-01
8.823791891336441040e-02
-5.945617705583572388e-02
2.971228584647178650e-02
1.050741691142320633e-02
1.192951574921607971e-02
1.833208277821540833e-02
1.125892773270606995e-01
-1.412324011325836182e-01
1.019362881779670715e-01
-8.101990073919296265e-02
-2.586877718567848206e-02
-5.476567521691322327e-02
1.313745416700839996e-02
-3.743379190564155579e-02
-8.923047780990600586e-02
1.059304997324943542e-01
-2.102144807577133179e-01
1.708225756883621216e-01
2.105061411857604980e-01
6.763301044702529907e-02
1.097052395343780518e-01
8.951038867235183716e-02
4.695219546556472778e-02
-1.169865764677524567e-02
1.244435738772153854e-02
-2.452484518289566040e-01
1.636307500302791595e-02
7.821426540613174438e-02
-5.859401822090148926e-02
1.032525822520256042e-01
-5.487821064889431000e-03
