-1.253715008497238159e-01
4.487834125757217407e-02
3.826533630490303040e-02
-8.349418640136718750e-02
-1.038863286375999451e-01
-3.092842735350131989e-02
-4.703693464398384094e-02
-1.412495523691177368e-01
1.238578557968139648e-01
-1.677373051643371582e-01
2.627164423465728760e-01
-8.299606293439865112e-02
-2.259716242551803589e-01
-9.638085961341857910e-02
-2.116728574037551880e-02
2.288492470979690552e-01
-2.121029049158096313e-01
-1.779294908046722412e-01
-2.265890687704086304e-02
4.142549633979797363e-02
8.720073848962783813e-02
-2.589941024780273438e-02
5.820540338754653931e-02
3.370263427495956421e-02
-7.865794748067855835e-02
-3.961246311664581299e-01
-9.154034405946731567e-02
-3.505431488156318665e-02
9.038685820996761322e-03
-5.126113444566726685e-02
-5.744202435016632080e-02
7.666274905204772949e-02
-2.365444004535675049e-01
-1.576938666403293610e-02
2.641221508383750916e-03
1.428155750036239624e-01
1.051527634263038635e-02
-1.027441546320915222e-01
1.593258082866668701e-01
-2.294539287686347961e-02
-2.885865569114685059e-01
-3.723143786191940308e-02
5.261255428194999695e-02
2.151423692703247070e-01
1.486168652772903442e-01
3.489588573575019836e-02
-2.747382968664169312e-03
-1.308887898921966553e-01
8.290354162454605103e-02
-2.130201756954193115e-01
4.783731885254383087e-03
1.012265980243682861e-01
1.949732936918735504e-02
2.263842523097991943e-02
-1.563275232911109924e-02
-1.242243647575378418e-01
8.364401757717132568e-02
1.065864861011505127e-01
-1.667312085628509521e-01
-5.752773582935333252e-02
1.232744604349136353e-01
-8.094283938407897949e-02
2.859855443239212036e-02
-1.213974207639694214e-01
2.594169974327087402e-01
1.065396666526794434e-01
-8.499173820018768311e-02
-1.517253667116165161e-01
1.145899146795272827e-01
-1.138239726424217224e-01
-3.576287254691123962e-02
6.456054002046585083e-02
-1.583921164274215698e-01
-2.059767693281173706e-01
-2.647831737995147705e-01
-1.634253188967704773e-03
3.749082684516906738e-01
9.458697587251663208e-02
-1.108736544847488403e-01
3.429683297872543335e-02
1.995688490569591522e-02
-9.328866377472877502e-03
1.765340566635131836e-01
1.382020264863967896e-01
3.795959055423736572e-03
4.577623307704925537e-02
-1.190358027815818787e-01
5.966231971979141235e-02
2.639028429985046387e-01
-8.302649110555648804e-02
1.080334279686212540e-02
1.919151395559310913e-01
-4.438070580363273621e-02
5.411401763558387756e-02
3.202071785926818848e-02
3.201813623309135437e-02
-2.042130380868911743e-02
1.216162070631980896e-01
-1.600034236907958984e-01
7.533822208642959595e-02
1.754236407577991486e-03
-4.908207058906555176e-02
-1.633125357329845428e-02
9.069822728633880615e-02
-9.798627346754074097e-02
3.255638852715492249e-02
-2.521816082298755646e-02
-1.150470040738582611e-02
2.816127613186836243e-03
-5.793099477887153625e-02
-9.224352240562438965e-02
-8.847268670797348022e-02
7.075025886297225952e-02
-2.108517438173294067e-01
2.040257006883621216e-01
2.055721729993820190e-01
5.546470358967781067e-02
1.257686764001846313e-01
8.487341552972793579e-02
1.220037862658500671e-01
-1.693404652178287506e-02
-3.682142496109008789e-02
-2.395485341548919678e-01
1.145126298069953918e-02
1.546958982944488525e-01
-3.353820741176605225e-02
9.027744829654693604e-02
-2.337084710597991943e-02
