-9.430057555437088013e-02
3.661699965596199036e-02
-6.214086432009935379e-03
-1.455660462379455566e-01
-6.847427040338516235e-02
-2.143128216266632080e-02
-5.407740175724029541e-02
-1.419014632701873779e-01
2.107770144939422607e-01
-1.730950772762298584e-01
2.397730052471160889e-01
-6.344619393348693848e-02
-2.340421974658966064e-01
-9.978376328945159912e-02
-5.212484300136566162e-02
2.726350128650665283e-01
-2.963253557682037354e-01
-1.647496521472930908e-01
-1.752588152885437012e-02
1.993173360824584961e-02
6.033079698681831360e-02
-1.328334771096706390e-02
2.124841138720512390e-02
8.482769876718521118e-02
-1.437170058488845825e-01
-4.080816507339477539e-01
-9.648270159959793091e-02
-8.960334211587905884e-02
-1.082567311823368073e-02
-3.299555554986000061e-02
-2.341897971928119659e-02
6.710505485534667969e-02
-1.986145824193954468e-01
-3.760118782520294189e-02
1.595136150717735291e-02
8.523698896169662476e-02
2.217140421271324158e-02
-1.329262554645538330e-01
1.357703953981399536e-01
8.441145531833171844e-03
-2.992148697376251221e-01
-3.330884128808975220e-02
7.481582462787628174e-02
2.147929817438125610e-01
1.139543876051902771e-01
-1.346402801573276520e-02
2.280894108116626740e-02
-1.082993298768997192e-01
1.034368276596069336e-01
-2.195286452770233154e-01
-6.705304980278015137e-02
6.713858246803283691e-02
1.507830806076526642e-02
3.186300769448280334e-02
-8.784206584095954895e-04
-1.587299406528472900e-01
1.024439185857772827e-01
1.194253712892532349e-01
-2.210629582405090332e-01
-5.440707132220268250e-02
6.773368269205093384e-02
-1.035609990358352661e-01
1.615693047642707825e-02
-5.111584439873695374e-02
2.128278464078903198e-01
1.063222959637641907e-01
-1.133403927087783813e-01
-1.704187244176864624e-01
1.186694428324699402e-01
-1.213783025741577148e-01
-2.293390594422817230e-02
1.835746318101882935e-02
-1.277904361486434937e-01
-2.046416103839874268e-01
-3.339764177799224854e-01
-7.980228960514068604e-02
3.597899079322814941e-01
1.040974482893943787e-01
-1.103852242231369019e-01
8.677997440099716187e-02
-2.700805664062500000e-02
5.804922897368669510e-03
1.337149739265441895e-01
1.514684259891510010e-01
1.397277042269706726e-02
6.664117425680160522e-02
-9.247891604900360107e-02
3.470713645219802856e-02
2.009354084730148315e-01
-4.895532503724098206e-02
1.433743722736835480e-02
2.047943174839019775e-01
-5.726555362343788147e-02
5.891212821006774902e-02
2.568825893104076385e-02
6.681348383426666260e-02
-1.036516353487968445e-01
9.824825078248977661e-02
-9.892656654119491577e-02
8.005923777818679810e-02
1.469726860523223877e-02
-1.159738842397928238e-02
1.601237803697586060e-02
8.197708427906036377e-02
-1.554768681526184082e-01
1.035057976841926575e-01
1.562891900539398193e-02
-1.549270376563072205e-02
1.469637453556060791e-02
1.229197438806295395e-02
-6.204430386424064636e-02
-6.793111562728881836e-02
9.304565191268920898e-02
-2.400812953710556030e-01
1.929498314857482910e-01
2.406513839960098267e-01
5.397786572575569153e-02
1.612534373998641968e-01
7.642038166522979736e-02
3.130711987614631653e-02
-6.257673352956771851e-02
-3.669780492782592773e-02
-2.452574819326400757e-01
-1.701465062797069550e-02
8.504004031419754028e-02
-8.807092159986495972e-02
8.959581702947616577e-02
-2.301059104502201080e-02
