-1.140249967575073242e-01
3.295503556728363037e-02
-4.502893425524234772e-03
-1.428248733282089233e-01
-1.406314224004745483e-01
-9.128715097904205322e-02
-7.138244807720184326e-02
-1.392315626144409180e-01
1.795373857021331787e-01
-2.000628560781478882e-01
1.935876458883285522e-01
-1.112199053168296814e-01
-2.115288972854614258e-01
-5.703981593251228333e-02
-9.081687033176422119e-02
2.213834971189498901e-01
-2.069204151630401611e-01
-1.544081568717956543e-01
2.948748879134654999e-03
2.816778048872947693e-02
1.020643562078475952e-01
-9.248069487512111664e-03
3.441311419010162354e-02
9.432196617126464844e-02
-9.060506522655487061e-02
-4.063621163368225098e-01
-1.321885436773300171e-01
-5.512920022010803223e-02
-1.303572393953800201e-02
-1.011230982840061188e-02
-3.981421515345573425e-02
7.941247522830963135e-02
-1.710027605295181274e-01
-3.913405537605285645e-02
3.071799874305725098e-02
6.464500725269317627e-02
4.008283466100692749e-02
-4.993247613310813904e-02
1.530872881412506104e-01
3.828603029251098633e-02
-3.141712844371795654e-01
2.236939221620559692e-02
1.000909060239791870e-01
2.306137084960937500e-01
1.085585504770278931e-01
6.491278111934661865e-02
2.761591598391532898e-02
-1.662757545709609985e-01
1.438123583793640137e-01
-1.795286387205123901e-01
-1.746152527630329132e-02
1.293149143457412720e-01
2.973622642457485199e-02
7.460110355168581009e-03
3.452785685658454895e-02
-1.016487330198287964e-01
1.044750809669494629e-01
1.148939654231071472e-01
-1.708521395921707153e-01
2.821358479559421539e-02
1.333587020635604858e-01
-4.341360181570053101e-02
1.306800171732902527e-03
-7.136932760477066040e-02
2.068219482898712158e-01
8.548343181610107422e-02
-9.739021211862564087e-02
-1.885303705930709839e-01
1.187460720539093018e-01
-1.686434894800186157e-01
-8.920543640851974487e-02
4.924638941884040833e-02
-1.440834552049636841e-01
-1.946679949760437012e-01
-2.715943753719329834e-01
-5.772064253687858582e-02
3.756695389747619629e-01
1.458245217800140381e-01
-1.178553104400634766e-01
8.372282236814498901e-02
-2.567462809383869171e-02
6.075073033571243286e-04
1.828961521387100220e-01
1.515233814716339111e-01
4.396725445985794067e-03
2.193674072623252869e-02
-9.148499369621276855e-02
-7.908556610345840454e-03
2.461370974779129028e-01
-7.022667676210403442e-02
1.850680634379386902e-02
2.301830351352691650e-01
8.333134464919567108e-03
1.184958294034004211e-01
-8.827684447169303894e-03
3.577690199017524719e-02
-1.271570473909378052e-01
8.836891502141952515e-02
-1.379448622465133667e-01
3.805602714419364929e-02
1.178708858788013458e-02
-2.873986959457397461e-03
-8.173579350113868713e-03
6.687380373477935791e-02
-1.740335822105407715e-01
1.043900102376937866e-01
-1.821102201938629150e-02
-8.138620294630527496e-03
-1.896307617425918579e-02
5.627856031060218811e-02
-7.577865570783615112e-02
-6.635408848524093628e-02
5.166435241699218750e-02
-1.880695968866348267e-01
2.155131995677947998e-01
2.201352268457412720e-01
1.009850800037384033e-01
1.114922761917114258e-01
1.258434653282165527e-01
2.393292635679244995e-02
1.465402171015739441e-02
-4.022950306534767151e-02
-1.833745092153549194e-01
-4.667698219418525696e-02
1.061516180634498596e-01
-8.441821485757827759e-02
6.696130335330963135e-02
-3.220700845122337341e-02
