-6.114739179611206055e-02
4.048617184162139893e-02
-1.415824051946401596e-03
-9.112565964460372925e-02
-1.107729524374008179e-01
-5.190001800656318665e-02
-8.272184431552886963e-02
-1.941945701837539673e-01
1.516490280628204346e-01
-1.163002625107765198e-01
2.484628558158874512e-01
-8.590204268693923950e-02
-2.687723040580749512e-01
-1.375266164541244507e-01
-4.086650535464286804e-02
2.272373735904693604e-01
-2.075514495372772217e-01
-1.782155930995941162e-01
-1.592949219048023224e-02
3.329814970493316650e-02
1.613011211156845093e-02
-4.785358160734176636e-02
1.316200643777847290e-01
8.876988291740417480e-02
-1.012148037552833557e-01
-4.042739868164062500e-01
-1.136035025119781494e-01
-1.202477440237998962e-01
-3.023903444409370422e-02
-2.530986443161964417e-02
-5.491223558783531189e-02
6.131308153271675110e-02
-2.285600155591964722e-01
-2.172783017158508301e-02
3.731345385313034058e-02
7.610710710287094116e-02
6.295198202133178711e-02
-1.189265027642250061e-01
1.501233428716659546e-01
-1.722132414579391479e-02
-3.020220994949340820e-01
-7.847592234611511230e-02
3.764674812555313110e-02
2.089104652404785156e-01
2.325911223888397217e-01
-4.139577224850654602e-02
2.393012866377830505e-02
-1.124152839183807373e-01
1.226738616824150085e-01
-2.052510827779769897e-01
1.346744038164615631e-02
8.092285692691802979e-02
8.538415655493736267e-03
-4.260513558983802795e-02
-9.077683091163635254e-03
-1.453242599964141846e-01
2.140802703797817230e-02
2.284300178289413452e-01
-1.531013846397399902e-01
-4.542798176407814026e-02
6.490994244813919067e-02
-7.413128018379211426e-02
-1.861010119318962097e-02
-1.090009734034538269e-01
2.945497632026672363e-01
1.498392075300216675e-01
-1.560035347938537598e-01
-1.477416902780532837e-01
1.219417303800582886e-01
-1.444638520479202271e-01
1.732278056442737579e-02
1.981255412101745605e-02
-1.871269643306732178e-01
-1.744634211063385010e-01
-3.033258616924285889e-01
-5.416310578584671021e-02
3.809514641761779785e-01
4.114493727684020996e-02
-1.813793182373046875e-01
5.082551762461662292e-02
-7.023030519485473633e-02
5.052227899432182312e-02
6.869079917669296265e-02
1.605796962976455688e-01
-2.614621073007583618e-03
7.768924534320831299e-02
-1.317421197891235352e-01
-4.114424437284469604e-02
2.349563390016555786e-01
-8.833638578653335571e-02
6.011645868420600891e-02
2.764298915863037109e-01
-1.326619684696197510e-01
3.241169080138206482e-02
7.128100842237472534e-02
3.732130303978919983e-02
-1.004995554685592651e-01
2.675673179328441620e-02
-1.299116462469100952e-01
7.660596165806055069e-03
-3.618373721837997437e-02
-1.073297113180160522e-01
-6.326615810394287109e-03
8.196216821670532227e-02
-1.878708153963088989e-01
1.968930661678314209e-02
-2.721628546714782715e-02
3.609006106853485107e-02
5.472102016210556030e-02
-7.765354961156845093e-02
3.830370493233203888e-03
-1.338169127702713013e-01
1.345154643058776855e-01
-2.198016047477722168e-01
1.770101189613342285e-01
1.558797955513000488e-01
6.920608878135681152e-02
1.690136641263961792e-01
4.689659550786018372e-02
1.233825087547302246e-01
-7.612778991460800171e-02
-2.247257158160209656e-02
-1.784275919198989868e-01
4.554608091711997986e-02
8.912272006273269653e-02
-7.405172288417816162e-02
5.164397135376930237e-02
-3.405887261033058167e-02
