-1.229433789849281311e-01
8.011647313833236694e-02
4.560625553131103516e-02
-1.554770022630691528e-01
-2.050113528966903687e-01
-4.601771011948585510e-02
-7.406213134527206421e-02
-1.149027273058891296e-01
1.524315178394317627e-01
-1.614083647727966309e-01
2.365752160549163818e-01
-9.188195317983627319e-02
-2.384388744831085205e-01
-5.920094624161720276e-02
-6.205615401268005371e-02
2.448359131813049316e-01
-2.074222415685653687e-01
-1.499942243099212646e-01
-5.832097493112087250e-03
2.896253578364849091e-02
4.109564796090126038e-02
1.923331990838050842e-02
2.069327048957347870e-02
2.917047590017318726e-02
-1.023682951927185059e-01
-4.146563708782196045e-01
-1.064837127923965454e-01
-2.929416671395301819e-02
-3.937587141990661621e-02
-4.943945445120334625e-03
-5.800437927246093750e-02
7.925710827112197876e-02
-1.669250428676605225e-01
2.663409337401390076e-03
5.459794029593467712e-02
1.007731854915618896e-01
-1.331886835396289825e-02
-4.746253788471221924e-02
9.822576493024826050e-02
1.748958602547645569e-03
-2.794170975685119629e-01
-4.029940813779830933e-03
1.148096323013305664e-01
2.340732365846633911e-01
1.282614469528198242e-01
4.309321939945220947e-02
2.987993508577346802e-02
-1.228783354163169861e-01
1.239666119217872620e-01
-1.826179176568984985e-01
1.160106901079416275e-02
9.838143736124038696e-02
8.766851574182510376e-02
2.846824750304222107e-02
2.900430560111999512e-02
-1.184280365705490112e-01
5.919861420989036560e-02
2.092959284782409668e-01
-1.423787623643875122e-01
1.628436148166656494e-02
1.228037402033805847e-01
-7.908187061548233032e-02
-5.791879817843437195e-02
-1.328241527080535889e-01
2.719766199588775635e-01
1.114941239356994629e-01
-1.574457585811614990e-01
-1.883387863636016846e-01
7.450934499502182007e-02
-1.080309078097343445e-01
-1.201371401548385620e-01
-4.624484572559595108e-03
-1.768536716699600220e-01
-1.824774593114852905e-01
-3.057251274585723877e-01
1.064254157245159149e-02
3.309107422828674316e-01
1.335026770830154419e-01
-1.743694692850112915e-01
2.193151973187923431e-02
3.394640982151031494e-02
5.370903760194778442e-02
1.066768243908882141e-01
1.610870063304901123e-01
-5.472526699304580688e-02
1.487122289836406708e-02
-1.163774356245994568e-01
-1.631095632910728455e-02
2.116280347108840942e-01
-1.177970618009567261e-01
3.844905644655227661e-02
2.229369580745697021e-01
-2.522870898246765137e-02
1.200278699398040771e-01
-6.284497678279876709e-02
2.177459420636296272e-03
-1.175348684191703796e-01
7.707475125789642334e-02
-1.185448318719863892e-01
1.202163659036159515e-02
4.183260723948478699e-02
-4.538279771804809570e-02
-1.796488277614116669e-02
1.102915033698081970e-01
-1.712609529495239258e-01
1.082989126443862915e-01
-3.204125538468360901e-02
3.225614130496978760e-02
1.478290371596813202e-02
1.832626201212406158e-02
-3.366490826010704041e-02
-9.351226687431335449e-02
6.307397037744522095e-02
-1.952230632305145264e-01
2.202218025922775269e-01
2.276824116706848145e-01
8.857897669076919556e-02
1.386275440454483032e-01
1.378321647644042969e-01
4.106484726071357727e-02
8.136115036904811859e-03
9.123333729803562164e-03
-1.771707087755203247e-01
-2.784931845963001251e-02
1.372094452381134033e-01
-9.684851765632629395e-02
5.691876262426376343e-02
-7.009891793131828308e-03
