-1.102114617824554443e-01
8.326704055070877075e-02
2.955274842679500580e-02
-1.576059907674789429e-01
-1.239572539925575256e-01
-2.424117177724838257e-02
-2.402748540043830872e-02
-1.410523504018783569e-01
1.962994635105133057e-01
-1.668314635753631592e-01
2.454543709754943848e-01
-8.013296127319335938e-02
-2.042742371559143066e-01
-7.698661834001541138e-02
-5.666048079729080200e-02
2.249379903078079224e-01
-2.390951812267303467e-01
-1.494451612234115601e-01
-2.665217965841293335e-02
2.387952432036399841e-02
1.259151548147201538e-01
4.131428524851799011e-02
-4.156481474637985229e-03
6.867475062608718872e-02
-1.660833060741424561e-01
-3.533847033977508545e-01
-1.079518720507621765e-01
-5.327155068516731262e-02
-5.827203392982482910e-02
-4.678483307361602783e-02
-7.601138949394226074e-02
8.433825522661209106e-02
-2.123377621173858643e-01
-4.608347639441490173e-02
1.944289356470108032e-02
1.305597424507141113e-01
8.206381462514400482e-03
-6.523586809635162354e-02
9.688979387283325195e-02
3.758559934794902802e-03
-2.756233513355255127e-01
-4.803846124559640884e-03
1.056636944413185120e-01
2.184215784072875977e-01
1.229102164506912231e-01
-4.175100848078727722e-02
-1.511044986546039581e-02
-9.417004138231277466e-02
1.011619567871093750e-01
-1.950900405645370483e-01
-5.059338733553886414e-02
1.048958227038383484e-01
1.887918077409267426e-02
6.191447004675865173e-02
3.207956254482269287e-02
-8.783567696809768677e-02
6.189333274960517883e-02
1.511493176221847534e-01
-1.872217357158660889e-01
-1.543838903307914734e-02
9.535054117441177368e-02
-1.324106454849243164e-01
-3.590884432196617126e-02
-9.707553684711456299e-02
1.743592023849487305e-01
1.124878376722335815e-01
-9.453507512807846069e-02
-2.292361855506896973e-01
8.503381907939910889e-02
-1.116609349846839905e-01
-9.469218552112579346e-02
7.625710219144821167e-02
-1.654870957136154175e-01
-1.865718513727188110e-01
-3.034124672412872314e-01
-2.972652763128280640e-02
3.830160200595855713e-01
1.079438030719757080e-01
-1.317781209945678711e-01
6.978310644626617432e-02
-1.246515009552240372e-02
-1.453375630080699921e-02
1.390888541936874390e-01
1.113327890634536743e-01
4.737608879804611206e-02
1.083062365651130676e-01
-1.196406781673431396e-01
1.123016327619552612e-01
2.116752564907073975e-01
-7.952670007944107056e-02
1.949113979935646057e-02
2.359820157289505005e-01
-4.289694502949714661e-02
8.560575544834136963e-02
7.479672320187091827e-03
5.478060245513916016e-02
-7.702788710594177246e-02
9.275560081005096436e-02
-1.388447880744934082e-01
5.131989717483520508e-02
5.323250591754913330e-02
-2.759383060038089752e-02
-1.799401827156543732e-02
1.052478626370429993e-01
-1.190232858061790466e-01
8.575952053070068359e-02
-3.079521469771862030e-03
5.003346595913171768e-03
-3.833249211311340332e-02
-2.916635572910308838e-02
-7.838960736989974976e-02
-4.199274629354476929e-02
8.980609476566314697e-02
-2.206997573375701904e-01
1.855252236127853394e-01
1.898486614227294922e-01
1.255786512047052383e-02
9.055328369140625000e-02
6.183874979615211487e-02
1.266372017562389374e-02
-2.842068485915660858e-02
-4.814733564853668213e-02
-2.225265651941299438e-01
-1.315777376294136047e-02
1.260858923196792603e-01
-6.931388378143310547e-02
8.573215454816818237e-02
-3.998662531375885010e-02
